dashboard/data/pop/popcount/gpw_pop_counts_qd_1990.asc
ncols 1440 
nrows 720
xllcorner -180
yllcorner -90
cellsize .25
NODATA_value -99
[rows 192 to 255 of 720, columns 768 to 863 of 1440]
161880 406307 406184 405645 270519 69308 41416 34599 48439 64518 64307 47481 39148 35719 37614 40122 29436 0 0 0 0 0 0 0 0 0 0 0 0 0 0 40074 37881 49407 62940 45854 44230 44230 44230 44230 44230 44230 44230 40235 30391 30248 30248 46497 54641 54641 54641 54641 53036 47638 46439 46439 46309 43329 41767 33337 25219 25452 26643 0 0 0 0 0 0 0 0 0 0 0 0 0 0 0 0 0 0 0 21315 9165 14725 18002 17523 16663 17638 20372 19720 23055 0 0 0 0
0 120788 299950 224041 208483 87238 86759 79928 36241 36446 47467 48669 54710 56307 56307 43576 6067 0 0 0 0 0 0 0 0 0 0 0 0 0 0 64512 46028 54038 45647 44403 44403 44403 44403 44403 44403 44403 44403 43342 30786 30366 30366 30444 40319 47522 51920 54854 49361 46620 46620 46620 34065 24308 38857 35399 25317 25317 25317 25317 0 0 0 0 0 0 0 0 0 0 0 0 0 0 0 0 0 0 77140 37442 18123 18123 18123 18123 18140 18682 23487 24593 0 0 0 0
0 0 0 0 116633 101562 102932 130183 159123 143060 67842 75711 67360 56670 56525 53792 53579 0 0 0 0 0 0 0 0 0 0 0 0 23158 161061 165876 102236 50291 45611 44575 44575 44575 44575 44575 44575 44575 44575 36077 28983 27754 25151 18376 15765 15118 23806 39524 43981 45478 41259 39252 30328 21890 36132 33801 31390 27939 33595 36908 263662 686077 381481 0 0 0 0 0 0 0 0 0 0 0 46575 75349 78547 78547 78547 70853 20261 18193 18193 18193 18193 19689 24953 29359 40369 29653 71264 71373
0 0 0 0 0 0 0 104763 182998 163446 102020 86110 91598 70329 52658 64691 169623 175420 141608 87865 31866 0 0 0 0 0 0 0 0 17868 159099 126265 97396 46541 33788 0 44479 44746 44746 42324 36697 31122 28629 19445 23505 26032 25646 19877 15872 22914 36054 0 0 23633 23520 22267 20205 36332 44132 39835 38774 38774 0 0 0 0 0 0 702730 693807 565396 265155 84117 92508 49245 27020 10547 34906 68123 71878 74508 73289 68404 42106 18317 18269 18286 18285 18734 26705 28385 34441 58999 66508 71611 71646
0 0 0 0 0 0 0 9076 802910 1237293 524904 99631 94861 82770 40445 36980 81662 166662 174495 176086 174996 0 0 0 0 0 0 0 0 30659 121154 109180 64240 49983 0 0 20451 27838 26581 31513 31244 24441 42524 43961 121214 89388 34856 25085 35127 17130 20646 0 0 7127 11970 12081 23729 41653 43921 38997 38921 0 0 0 0 0 0 0 216779 226296 241767 134039 137197 105958 93744 64626 28183 28183 28183 28183 28183 24926 18947 18503 18503 18491 18503 18442 22647 28222 28551 28551 32557 33541 43523 52483
0 0 0 0 0 0 0 0 0 0 0 0 126340 115083 40579 36219 35853 43958 54140 146549 140662 140051 131384 98727 0 0 0 0 0 43514 109662 110545 72783 45971 60774 60337 23783 16093 17430 33986 42375 42142 117076 0 0 143170 98974 5277 0 0 0 0 0 0 0 0 0 0 22198 24027 0 0 0 0 0 0 0 80556 349050 325484 103027 110613 114496 94097 86735 45494 28289 28289 28289 28289 28289 35069 61156 44327 19064 18573 18573 18573 25801 28659 28659 28659 29679 31447 33667 33847
0 0 0 0 0 0 0 0 0 0 0 0 128712 128748 99483 39628 36115 35771 36988 37927 6567 87133 111802 144218 0 0 0 0 0 18341 69659 51502 34043 30514 23738 23012 19785 22020 24961 26804 39663 41674 20582 0 0 17438 16003 5541 0 0 0 0 0 0 0 0 0 0 19434 16440 0 0 0 0 0 0 47609 51551 71193 70981 62801 41199 51475 52963 47766 28395 49224 45314 41758 46520 56759 63755 72549 72549 59816 43216 34451 22973 24600 28766 28766 28766 28766 31188 35789 44117
0 0 0 0 0 0 0 0 0 0 0 0 49851 116655 88164 38913 36502 42634 30671 0 0 0 0 0 171129 156451 0 0 0 0 0 45506 37113 31575 19604 17658 16295 12778 17304 24908 30413 37325 12888 0 0 5649 0 0 0 0 0 0 0 0 0 0 2235 19160 26137 26651 26651 28322 39696 32818 55189 87087 67620 88595 88595 88595 77677 21066 19667 19667 24478 42607 65621 65065 68509 72817 72817 72817 72817 72817 72817 72817 64309 59304 35019 28869 28872 28381 27216 26146 35487 37832
0 0 0 0 0 0 0 0 0 0 0 0 0 0 0 59461 57405 63003 0 0 0 0 0 0 0 0 0 0 0 0 0 0 46276 26461 18414 18414 13859 14152 15142 23032 28604 29108 27958 0 0 0 0 0 0 0 0 0 0 0 0 0 11668 26691 26749 26946 29085 30991 39931 39931 39986 69533 88341 88920 88920 67870 50485 22466 19868 25191 27666 27711 27711 27711 28944 62004 73085 73085 73085 73085 73085 72313 64370 60123 33051 25274 25031 24885 24883 24883 24883 24883
0 0 0 0 0 0 0 0 0 0 0 0 0 0 0 0 68212 0 0 0 0 0 0 0 0 0 0 0 0 0 0 0 0 21426 18509 18481 20701 24751 24751 25196 27581 28708 28708 0 0 0 0 0 0 0 0 0 0 0 0 0 13200 26161 24359 30058 40076 40076 40076 40076 40076 40076 45180 66145 75877 32545 28170 24635 25247 27822 27812 27812 27812 27812 27812 44450 73350 73350 73350 73350 73350 73124 61685 42249 24399 24570 24943 24973 24973 24973 24973 24953
0 0 0 0 0 0 0 0 0 0 0 0 0 0 0 0 61663 68458 68966 76985 31955 0 0 0 0 0 0 0 0 0 0 0 0 0 24142 26581 27527 26466 27676 28733 28906 28812 33754 0 0 0 0 0 0 0 0 0 0 0 0 2143 12022 9421 7157 34923 85154 93100 46395 43040 40221 40221 40154 33855 28657 28657 28657 28657 28657 28196 27912 27912 27976 27974 27912 29860 71701 73615 73615 73615 73615 73615 41235 24524 24483 24483 27215 26424 25063 25063 25073 24083
0 0 0 0 0 0 0 0 0 0 0 0 0 0 0 0 50398 75077 81224 85543 46461 0 0 0 0 0 0 0 0 0 0 0 0 0 24240 28350 26516 20352 12578 23071 25154 24390 40165 0 0 0 0 0 0 0 0 0 0 0 0 7902 17780 26108 5560 82379 125610 124108 58713 52864 45891 46264 46003 34673 28759 28759 28759 28759 28795 29919 29309 30091 30600 29896 28847 34163 63518 67555 65485 50000 39155 50101 49871 32444 24571 24631 29012 31932 26206 27518 31711 34065
0 0 0 0 0 0 0 0 0 0 0 0 0 0 0 0 0 86022 64340 0 0 0 0 0 0 0 0 0 0 0 0 0 0 0 6399 18589 20228 24995 10014 15090 21805 21865 18064 15093 15225 22823 0 0 0 0 8249 0 0 0 0 0 0 0 0 0 118260 76057 53754 53754 53754 53754 53754 52890 30405 28958 33167 31333 29835 31053 31053 31053 31053 31053 29883 27581 27581 27803 27581 27581 21805 14910 66250 59787 29354 30660 32799 32930 34155 34186 34186 34186
0 0 0 0 0 0 0 0 0 0 0 0 0 0 0 0 82354 88325 20839 0 0 0 0 0 0 0 0 0 0 0 0 0 0 0 0 0 25180 26772 23776 24177 14135 15619 22436 23192 16810 9704 24839 21777 13678 0 0 0 0 0 0 0 0 46147 0 0 125771 85090 63543 53942 53942 53942 53942 49206 39375 38832 39325 34242 31162 31162 31162 31162 24947 21852 25462 27678 27678 27678 27678 27678 17978 142 7304 32864 31343 32491 32914 32914 33946 34306 34306 34306
0 0 0 0 0 0 0 0 0 0 0 0 0 0 0 0 110725 83132 13486 0 0 0 0 0 0 0 0 0 0 0 0 0 0 0 0 0 11580 13013 18018 25179 10526 6715 16105 26600 27208 30427 84711 138859 19493 186 0 0 0 0 0 0 20427 53806 0 0 111932 126936 120910 90692 86129 69434 54130 48038 39462 39563 40169 37211 31371 31271 31281 30470 32348 24414 27702 27774 27774 27774 27774 27774 16544 11819 5414 24796 31342 31088 30065 31465 27172 25208 34425 34425
0 0 35023 28250 89932 90781 18204 6163 12736 11122 41553 81696 76847 106163 61149 111164 0 0 0 0 0 0 0 0 0 0 0 0 0 0 0 0 0 0 0 0 0 0 36949 52241 47894 26873 11680 0 150966 439168 403261 547354 0 0 0 0 0 0 0 0 0 0 0 0 117686 127374 127374 127318 122376 113053 60676 43246 41081 41148 41211 37785 31934 31774 32332 17885 32621 32272 28837 27870 27870 27870 27870 27870 27906 30691 30155 31450 31093 28403 27915 27993 30096 34469 34974 45230
0 0 106640 109620 145867 151966 148300 145865 151109 99140 103765 164525 151828 32702 9328 34702 0 0 0 0 0 0 0 0 0 0 0 0 0 0 0 0 0 0 0 0 0 0 48278 41456 42721 32003 34472 0 0 103386 156763 474789 0 0 0 0 0 0 0 0 0 0 0 0 3417 83706 69085 68849 63631 63631 63631 45719 41371 41371 38746 23960 29279 28811 32732 23489 32732 19528 21858 27965 27965 27965 27965 27965 27965 28302 28680 28415 27973 28000 28010 28010 34638 56062 59164 62685
0 0 0 0 109303 124074 114779 108089 96447 47840 71131 159606 0 0 0 0 0 0 0 0 0 0 0 0 0 0 0 0 0 0 0 0 0 0 0 0 0 0 40616 23064 14039 16856 26198 23914 0 0 0 0 0 0 0 0 0 0 0 0 0 0 0 0 0 0 59481 63847 61942 57702 57383 45809 41511 41511 0 0 18312 22264 25012 32623 32843 27367 17962 28060 28060 28060 28060 28060 28050 27354 21820 26957 28060 28073 28105 45963 60562 62897 62897 62897
0 0 0 0 5594 60927 91330 89859 67097 67451 160603 159611 0 0 0 0 0 0 0 0 0 0 0 0 0 0 0 0 0 0 0 0 0 0 0 0 0 0 13530 36723 14524 14278 15276 2578 0 0 0 0 0 0 0 0 0 0 0 0 0 0 0 0 0 0 25855 30915 30289 26968 31893 41228 41650 41436 0 22204 22613 23359 22204 28056 32864 31199 29597 28636 28154 28154 28154 23589 15658 14866 14866 18216 27323 30239 39105 58069 63108 63108 63108 63108
0 0 0 0 0 0 0 50233 51113 103424 159210 128614 0 0 0 0 0 0 0 0 0 0 0 0 0 0 0 0 0 0 0 0 0 0 0 0 0 0 23292 36537 28577 17185 15285 0 0 0 0 0 0 0 0 0 0 7591 5800 0 0 0 0 0 0 0 23443 24752 23317 25789 26820 29247 39394 33937 22426 27024 32554 32572 32155 32724 32890 32890 32890 32648 29860 28248 24351 15108 14915 14931 18706 25311 39598 49970 50830 53849 62364 63318 63318 63367
0 0 0 0 0 0 0 0 0 0 0 0 0 0 0 0 0 0 0 0 0 0 0 0 0 0 0 0 0 0 0 0 0 0 0 0 0 0 0 0 0 21514 13512 15395 0 0 0 0 0 0 0 0 0 0 0 0 0 0 0 0 0 0 3640 5377 17132 0 23619 26869 28910 28220 28124 32597 32999 32999 22982 0 0 0 32999 32999 32992 30285 24368 15880 28478 47414 50998 50998 50998 50998 43323 0 60802 63526 61599 48140
0 0 0 0 0 0 0 0 0 0 0 0 0 0 0 0 0 0 0 0 0 0 0 0 0 0 0 0 0 0 0 0 0 0 0 0 0 0 0 0 0 8161 1214 7015 0 0 0 0 0 0 0 0 0 0 0 0 0 0 0 0 0 0 6177 3797 8902 0 0 6885 19608 27124 31663 33106 33106 33106 9039 0 0 0 8919 22134 31792 32238 16134 15013 35594 51164 51164 51164 50205 22648 0 0 23058 43977 23011 0
0 0 0 0 0 0 0 0 0 0 0 0 0 0 0 0 0 0 0 0 0 0 0 0 0 0 0 0 0 0 0 0 0 0 0 0 0 0 0 0 0 0 0 0 0 0 0 0 0 0 0 0 0 0 0 0 0 0 0 0 0 0 0 8947 20353 0 0 0 8688 29917 33213 33213 30165 0 0 0 0 0 0 0 0 0 37006 43696 49655 51330 51330 0 0 0 0 0 0 0 0 64221
0 0 0 0 0 0 0 0 0 0 0 0 0 0 0 0 0 0 0 0 0 0 0 0 0 0 0 0 0 0 0 0 0 0 0 0 0 0 0 0 0 0 0 0 0 0 0 0 0 0 0 0 0 0 0 0 0 0 0 0 0 0 0 33716 11812 0 0 0 0 1654 10420 8932 762 0 0 0 0 0 0 0 0 0 32927 38507 28645 22643 18241 0 0 0 0 0 0 0 0 38592
0 0 0 0 0 0 0 0 0 252162 74896 0 0 0 0 0 0 0 0 0 0 0 0 0 0 0 0 0 0 0 0 0 0 0 0 0 0 0 0 0 0 0 0 0 0 0 0 0 0 0 0 0 0 0 0 0 0 0 0 0 0 0 0 0 0 0 0 0 0 0 0 0 0 0 0 0 0 0 0 0 0 0 0 0 0 0 0 0 0 0 0 0 0 0 0 84100
0 0 0 0 0 0 0 0 0 0 0 0 0 0 0 0 0 0 0 0 0 0 0 0 0 0 0 0 0 0 0 0 0 0 0 0 0 0 0 0 0 0 0 0 0 0 5908 6574 7484 0 0 0 0 0 0 0 0 0 0 0 0 0 0 0 0 0 0 0 0 0 0 0 0 0 0 0 0 0 0 0 0 0 0 0 0 0 0 0 0 0 0 0 0 0 0 160659
0 0 0 0 0 0 0 0 0 0 0 0 0 0 0 0 0 0 0 0 0 0 0 0 0 0 0 0 0 0 0 0 0 0 0 0 0 0 0 0 0 0 0 0 0 0 27779 35059 32289 15100 0 0 0 0 0 0 0 0 0 0 0 0 0 0 0 0 0 0 0 0 0 0 0 0 0 0 0 0 0 0 0 0 0 0 0 0 0 26885 17464 0 0 0 0 0 0 65908
0 0 0 0 0 0 0 0 0 0 0 0 0 0 0 0 0 0 0 0 0 0 0 0 0 0 0 0 0 0 0 0 0 0 0 0 0 0 0 0 0 0 0 0 0 0 0 0 0 0 0 60419 64505 57082 24078 0 0 0 0 0 0 0 0 0 0 0 0 0 0 0 0 0 0 0 0 0 0 0 0 0 0 0 30067 42181 56657 56211 44093 35479 2169 0 0 0 0 0 0 65358
0 0 0 0 0 0 0 0 0 0 0 0 0 0 0 0 0 0 0 0 0 0 0 0 0 0 0 0 0 0 0 0 0 0 0 0 0 0 0 0 0 0 0 0 0 0 0 0 0 0 0 16806 0 0 0 0 0 0 0 0 0 0 0 0 0 0 0 0 0 0 0 0 0 0 0 0 0 0 0 0 0 0 31486 62551 58833 42607 18972 5465 1721 0 0 0 0 0 0 81213
0 0 0 0 0 0 0 0 0 0 0 0 0 0 0 0 0 0 0 0 0 0 0 0 0 0 0 0 0 0 0 0 0 0 0 0 0 0 0 0 0 0 0 0 0 0 0 0 0 0 0 0 0 0 0 0 0 0 0 0 0 0 0 0 0 0 0 0 0 0 0 0 0 0 0 0 0 0 0 0 0 0 0 0 0 0 0 0 0 0 0 0 0 0 0 18565
0 0 0 0 0 0 0 0 0 0 0 0 0 0 0 0 0 0 0 0 0 0 0 0 0 0 0 0 0 0 0 0 0 0 0 0 0 0 0 0 0 0 0 0 0 0 0 0 0 0 0 0 0 0 0 0 0 0 0 0 0 0 0 0 0 0 0 0 0 0 0 0 0 0 0 0 0 0 0 0 0 0 0 0 0 0 0 0 0 0 0 0 0 0 9111 289499
0 0 0 0 0 0 0 0 0 0 0 0 0 0 0 0 0 0 0 0 0 0 0 0 0 0 0 0 0 0 0 0 0 0 0 0 0 0 0 0 0 0 0 0 0 0 0 0 0 0 0 0 0 0 0 0 0 0 0 0 0 0 0 0 0 0 0 0 0 0 0 0 0 0 0 0 0 0 0 0 0 0 0 0 0 0 0 0 0 0 0 0 0 0 45492 90088
0 0 0 0 0 0 0 0 0 0 0 0 0 0 0 0 0 0 0 0 0 0 0 0 0 0 0 0 0 0 0 0 0 0 0 0 0 0 0 0 0 0 0 0 0 0 0 0 0 0 0 0 0 0 0 0 0 0 0 0 0 0 0 0 0 0 0 0 0 0 0 0 0 0 0 0 0 0 0 0 0 0 0 0 0 0 0 0 0 0 0 0 0 0 712294 282699
0 0 0 0 0 0 0 0 0 0 0 0 0 0 0 0 0 0 0 0 0 0 0 0 0 0 0 0 0 0 0 0 0 0 0 0 0 0 0 0 0 0 0 0 0 0 0 0 0 0 0 0 0 0 0 0 0 0 0 0 0 0 0 0 0 0 0 0 0 0 0 0 0 0 0 0 0 0 0 0 0 0 0 0 0 0 0 0 0 0 0 0 0 0 103031 57561
0 0 0 0 0 0 0 0 0 0 0 0 0 0 0 0 0 0 0 0 0 0 0 0 0 0 0 0 0 0 0 0 0 0 0 0 0 0 0 0 0 0 0 0 0 0 0 0 0 0 0 0 0 0 0 0 0 0 0 0 0 0 0 0 0 0 0 0 0 0 0 0 0 0 0 0 0 0 0 0 0 0 0 0 0 0 0 0 0 0 0 0 0 0 57911 52128
0 0 0 0 0 0 0 0 0 0 0 0 0 0 0 0 0 0 0 0 0 0 0 0 0 0 0 0 0 0 0 0 0 0 0 0 0 0 0 0 0 0 0 0 0 0 0 0 0 0 0 0 0 0 0 0 0 0 0 0 0 0 0 0 0 0 0 0 0 0 0 0 0 0 0 0 0 0 0 0 0 0 0 0 0 0 0 0 0 0 0 0 0 134056 96959 46942
0 0 0 0 0 0 0 0 0 0 0 0 0 0 0 0 0 0 0 0 0 0 0 0 0 0 0 0 0 0 0 0 0 0 0 0 0 0 6898 6589 2443 0 0 0 0 0 0 0 0 0 0 0 0 0 0 0 0 0 0 0 0 0 0 0 0 0 0 0 0 0 0 0 0 0 0 0 0 0 0 0 0 0 0 0 0 0 0 0 0 0 0 0 195186 156987 61011 50811
25192 31236 52320 52289 160293 310108 221749 118061 52207 22451 0 0 0 0 0 0 0 0 0 0 0 0 0 0 0 0 0 0 0 0 0 0 0 0 2738 3848 5435 7422 11303 11162 4425 3938 3911 3058 0 0 0 0 0 0 0 0 0 0 0 0 0 0 0 0 0 0 0 0 0 0 0 0 0 0 0 0 0 0 0 0 0 0 0 0 0 0 0 0 0 0 0 0 0 0 0 0 300745 158252 166189 194835
31671 44122 52568 47651 79719 123432 18013 21167 42729 43557 32845 0 0 0 0 0 0 0 0 0 0 0 0 0 0 0 0 0 0 0 0 0 0 0 9586 5485 5485 8826 11335 10786 4014 3949 3949 3949 2246 0 0 0 0 0 0 0 0 0 0 0 0 0 0 0 0 0 0 0 0 0 0 0 0 0 0 0 0 0 0 0 0 0 0 0 0 0 0 0 0 0 0 0 0 0 0 0 242292 174182 197017 192847
5826 5826 4963 1240 1240 7948 14257 11872 14285 31998 37877 63098 43466 9796 0 0 0 0 0 0 0 0 0 0 0 0 0 0 0 0 0 0 0 16897 5501 5501 5501 6230 10819 11012 3985 3959 3959 3959 3529 732 675 501 0 0 0 0 0 0 0 0 0 0 0 0 0 0 0 0 0 0 0 0 0 0 0 0 0 0 0 0 0 0 0 0 0 0 0 0 0 0 0 0 0 0 39576 1371190 179090 176592 161473 134784
5842 5842 5011 1244 1244 1193 770 765 765 3895 6714 5307 487 129 0 0 0 0 0 0 0 0 0 0 0 0 0 0 0 0 0 0 0 24792 5516 5516 5516 5516 7670 11384 3983 3970 3970 3970 2537 934 934 934 0 0 0 0 0 0 0 0 0 0 0 0 0 0 0 0 0 0 0 0 0 0 0 0 0 0 0 0 0 0 0 0 0 0 0 0 0 0 0 0 0 0 96265 535309 301786 176979 136569 101266
5858 5841 3594 1555 1247 1247 938 767 767 767 767 767 762 426 0 0 0 0 0 0 0 0 0 0 0 0 0 0 0 0 0 0 0 40608 16848 18147 15632 5530 8162 10768 3981 3981 3981 3981 2079 937 937 937 937 937 937 937 554 0 0 360 0 0 0 0 0 0 0 0 0 0 0 0 0 0 0 0 0 0 0 0 0 0 0 0 0 0 0 0 0 0 0 0 0 0 92613 195338 261409 125203 72551 100141
5874 4858 1250 1250 1250 1250 1195 844 769 769 769 769 769 740 567 291 49 0 0 0 0 0 0 0 0 0 0 0 0 0 0 0 0 41889 41889 41889 40163 6917 7805 9853 3992 3992 3992 3778 1057 939 939 939 939 939 939 880 797 797 797 797 797 795 757 623 427 178 0 0 0 0 0 0 0 0 0 0 77923 154803 264089 263754 352618 596125 581688 330379 0 0 0 0 0 0 0 0 0 620017 26787 59733 111672 38636 31311 47049
4968 3334 1254 1254 1254 1254 1254 1223 817 771 771 771 771 771 771 771 1412 1810 1754 0 0 0 0 0 0 0 0 0 0 0 0 0 0 18210 39609 36210 35221 11766 5169 7015 2911 3135 4002 3492 942 942 942 942 942 942 942 885 799 799 799 799 799 799 799 799 799 759 614 0 0 0 0 0 0 0 0 0 273538 199779 262872 356413 566116 638078 686486 606483 0 0 0 0 0 0 0 0 0 39235 26726 26726 26726 20525 24682 25673
1257 1257 1257 1257 1257 1257 1257 1257 1043 773 773 773 773 773 773 773 1177 2008 2008 2008 2008 2008 1804 1121 0 0 0 0 0 0 0 0 0 404 404 404 404 404 404 404 404 522 2713 3054 930 944 944 944 944 944 944 934 803 801 801 801 801 801 801 801 801 801 801 801 801 801 795 492 244 455 548990 672694 201611 200466 200419 853138 1089810 723135 593860 484654 370234 74233 88626 5365 5365 5365 5365 5365 5322 14086 26796 26796 26796 20558 15110 19106
1260 1260 1260 1260 1260 1260 1260 1260 1247 1063 850 776 775 775 775 775 842 1998 2013 2013 2013 2013 2013 2013 0 0 0 0 0 0 0 0 298 405 405 377 330 405 405 405 405 405 405 405 823 947 947 947 947 947 947 929 803 803 803 803 803 803 803 803 803 803 803 803 803 803 803 803 803 803 492360 739269 230561 200987 200987 825459 1113338 625941 485913 415356 208441 73426 45242 5379 5379 5140 4078 5092 4334 5485 25758 26866 24476 6295 8676 6785
1263 1263 1263 1263 1263 1263 1263 1263 1263 1263 1263 1125 777 777 777 777 777 1805 2019 2019 2019 2019 2019 2019 2019 2019 1612 217 0 114 256 407 407 407 407 352 176 407 407 407 407 407 407 407 824 949 949 949 949 949 949 855 805 805 805 805 805 805 805 805 805 791 615 413 415 496 779 805 805 805 146027 201504 201504 201504 201504 723299 1519388 921300 490824 281289 76182 54728 67678 8816 5393 5393 5393 4642 4563 5276 18890 26935 19000 1988 1988 1703
1267 1267 1267 1267 1267 1267 1267 1267 1267 1267 1267 1225 779 779 779 779 779 1380 2024 2024 2024 2024 2024 2024 2024 2024 1983 321 371 408 374 408 408 408 408 176 113 399 408 408 408 408 408 408 825 952 952 952 952 952 942 812 807 807 807 807 807 807 807 807 442 276 255 497 748 807 807 807 807 807 16333 109715 193924 198321 127182 79485 683314 1624856 1272103 1033371 37076 35871 28111 16172 5407 4408 4971 4006 5204 4818 9213 26982 16483 1993 1993 1796
1270 1270 1270 1270 1270 1270 1270 1270 1270 1270 1270 887 781 781 781 781 781 918 2029 2029 2029 2029 2029 2029 2029 2029 1832 409 374 408 263 340 409 409 409 409 408 409 409 409 409 409 409 409 826 954 954 954 954 954 952 827 809 809 809 809 809 809 809 743 375 447 772 809 809 809 809 809 809 809 809 809 28427 97386 73151 73151 75140 1158882 1237623 1003008 28634 25575 15277 10420 2642 2617 3466 4738 5420 5420 5420 22599 7507 1998 1998 1945
1273 1273 1273 1273 1273 1273 1273 1113 1240 1273 1249 187 333 472 681 783 783 786 1951 2034 2034 2034 2034 2034 2034 2034 1830 410 410 410 386 360 410 410 410 410 410 410 410 410 410 410 410 410 827 957 957 957 957 957 762 836 811 811 811 811 811 811 754 601 565 685 791 811 811 811 811 811 811 811 7625 42463 71446 84074 135495 165562 106837 70960 73334 63591 28706 13894 0 951 951 951 923 1035 2638 4076 5210 13631 2021 2003 2003 2003
1276 1276 1276 1276 1276 1276 828 415 484 1034 1017 186 172 142 238 416 219 416 943 707 1319 1466 1381 2039 2039 2039 1050 411 343 375 411 411 411 411 411 411 411 411 411 411 411 411 411 411 828 959 959 959 959 959 959 923 813 813 797 813 813 813 765 799 793 745 597 813 813 813 813 813 813 20664 69316 73519 121935 181352 151619 190507 175350 91736 73515 65515 28777 27629 0 0 954 954 954 954 954 954 958 634 1853 1925 1994 2008
1279 1279 1279 1279 1279 1028 416 415 415 377 181 174 148 138 170 174 174 174 174 174 174 174 290 1752 2044 2044 514 412 399 394 412 412 412 412 412 412 412 412 412 412 412 412 412 412 829 961 961 961 961 961 961 961 815 815 620 785 815 815 815 815 815 815 815 815 815 815 815 815 29401 72373 73695 135138 198559 196013 197586 207125 201598 52253 68941 61434 28228 25025 0 0 762 956 956 956 956 956 0 0 1545 1545 1549 1608
1282 1282 1282 1282 1154 480 416 416 416 357 175 175 166 172 138 141 108 175 175 175 175 175 175 646 2049 2048 422 413 413 413 413 413 413 413 413 413 413 413 413 413 413 413 413 413 830 964 964 964 964 964 964 964 817 817 817 817 817 817 817 817 817 817 817 817 817 817 1529 39364 73803 73873 73951 198290 218515 218073 222190 216433 60874 426 2343 10971 3068 720 0 0 241 958 958 958 958 958 553 0 2209 2514 2738 2801
895 1090 1285 887 469 417 417 417 417 417 321 192 175 175 149 141 175 175 175 175 175 175 175 190 1140 1899 414 414 414 414 414 414 414 414 414 414 414 414 414 414 414 414 414 414 831 966 966 966 966 966 966 966 819 819 819 819 819 819 819 819 819 819 819 21648 39776 55279 70130 74050 74050 74050 78828 100116 100116 100116 100772 85244 427 427 427 427 427 427 427 209 0 941 961 961 961 961 267 2414 2933 2933 2933 2933
418 419 618 420 418 418 418 418 418 418 418 374 176 176 166 173 176 176 176 176 176 176 176 176 176 188 209 276 347 415 415 415 415 415 415 415 415 415 415 415 415 415 415 415 832 968 968 968 968 968 968 968 821 821 821 821 821 821 821 821 821 821 11983 73532 74226 74226 74226 74226 74226 74234 89280 100353 100353 100353 99825 59583 428 428 428 428 428 428 428 427 139 0 0 963 963 750 308 2877 2940 2940 2940 2940
419 419 419 419 419 419 419 419 419 419 419 418 311 364 371 245 176 176 176 176 176 176 176 176 176 176 176 176 251 416 416 416 416 416 416 416 416 416 416 416 416 416 416 416 603 675 687 698 709 721 732 744 823 823 823 823 823 823 823 823 823 823 46237 74400 74400 74400 74400 74400 79593 94348 100589 100589 100589 100589 99881 53931 429 429 429 429 429 429 429 429 402 0 0 607 874 448 964 1885 2183 2947 2947 2947
420 420 420 420 420 420 420 420 420 404 420 420 420 407 392 276 176 176 176 176 176 176 176 176 176 176 176 176 252 417 417 417 417 417 417 417 417 417 417 417 417 417 417 417 417 417 417 417 417 417 417 417 825 825 825 825 825 825 825 825 825 9243 72929 74573 74573 74573 74682 91336 100632 100822 100822 100822 100822 100822 100822 83572 430 430 430 430 430 430 430 430 430 0 0 0 0 0 0 0 0 0 2954 2954
421 421 421 421 421 421 421 421 421 385 388 812 1853 2548 3251 1437 160 177 177 177 177 177 177 177 177 177 177 177 253 418 418 418 418 418 418 418 418 418 418 418 418 418 418 418 418 418 418 418 418 418 418 418 398 398 398 398 398 398 398 398 398 10161 24312 24152 23992 23832 25004 33752 36322 38893 41464 44035 46606 49178 94446 208623 1175 423 431 431 431 431 431 431 431 431 0 0 0 0 0 0 0 0 2750 2960
422 422 422 422 425 409 395 392 368 393 1472 3128 3472 3472 3472 3280 375 177 177 177 177 177 177 177 177 177 177 177 254 418 418 418 418 418 418 418 418 418 418 418 418 418 418 418 418 418 418 418 418 418 418 418 192 192 192 192 192 192 192 192 192 192 192 192 192 192 192 192 192 192 192 192 192 192 6279 489483 268543 13030 390 432 432 432 432 432 432 432 331 0 0 0 0 0 0 0 0 2924
423 423 427 446 456 455 449 450 2015 2581 3479 3479 3479 3479 3479 3475 2601 266 178 178 178 178 178 178 178 178 178 178 249 399 398 396 394 391 388 390 394 398 403 407 406 404 402 400 397 391 385 379 374 367 358 350 192 192 192 192 192 192 192 192 192 192 192 192 192 192 192 192 192 192 192 192 192 192 192 43536 381652 488222 47787 433 433 433 433 433 433 433 433 0 0 0 0 0 0 0 0 2064
424 436 455 457 457 457 457 457 2831 3487 3487 3146 2247 1639 1153 456 128 169 178 178 178 178 178 178 178 178 178 178 137 50 50 50 50 50 50 50 50 50 50 50 50 50 50 50 50 50 50 50 50 50 50 50 193 193 193 193 193 193 193 193 193 193 193 193 193 193 193 193 193 193 193 193 193 193 193 193 540 520038 405640 1434 434 429 406 411 434 434 434 0 0 0 0 0 0 0 0 135
448 458 458 458 458 458 458 458 2192 3495 2497 246 129 129 129 129 129 130 168 178 178 178 178 178 178 178 178 178 137 50 50 50 50 50 50 50 50 50 50 50 50 50 50 50 50 50 50 50 50 50 50 50 193 193 193 193 193 193 193 193 193 193 193 193 193 193 193 193 193 193 193 193 193 193 193 193 193 88188 537350 364804 435 435 382 399 435 435 435 398 37 0 0 0 0 0 0 0
459 459 459 459 459 459 459 1056 3183 1974 212 129 129 129 129 129 129 129 144 176 179 179 179 176 158 171 179 179 137 50 50 50 50 50 50 50 50 50 50 50 50 50 50 50 50 50 50 50 50 50 50 50 194 194 194 194 194 194 194 194 194 194 194 194 194 194 194 194 194 194 194 194 194 194 194 194 194 194 63649 586055 292249 436 2246 306 436 436 436 436 246 0 0 0 0 0 0 0
460 460 460 460 460 406 260 168 129 129 129 129 129 129 129 129 129 129 129 136 154 164 154 137 129 133 152 162 132 50 50 50 50 50 50 50 50 50 50 50 50 50 50 50 50 50 50 50 50 50 50 50 194 194 194 194 194 194 194 194 194 194 194 194 194 194 194 194 194 194 194 194 194 194 194 194 194 194 194 113956 487995 389172 331844 244285 437 437 437 437 423 0 0 0 0 0 0 0
