dashboard/data/pop/popcount/gpw_pop_counts_1d_1990.asc
ncols 360
nrows 180
xllcorner -180
yllcorner -90
cellsize 1
NODATA_value -99
[rows 0 to 54 of 180, columns 192 to 287 of 360]
-99 -99 -99 -99 -99 -99 -99 -99 -99 -99 -99 -99 -99 -99 -99 -99 -99 -99 -99 -99 -99 -99 -99 -99 -99 -99 -99 -99 -99 -99 -99 -99 -99 -99 -99 -99 -99 -99 -99 -99 -99 -99 -99 -99 -99 -99 -99 -99 -99 -99 -99 -99 -99 -99 -99 -99 -99 -99 -99 -99 -99 -99 -99 -99 -99 -99 -99 -99 -99 -99 -99 -99 -99 -99 -99 -99 -99 -99 -99 -99 -99 -99 -99 -99 -99 -99 -99 -99 -99 -99 -99 -99 -99 -99 -99 -99
-99 -99 -99 -99 -99 -99 -99 -99 -99 -99 -99 -99 -99 -99 -99 -99 -99 -99 -99 -99 -99 -99 -99 -99 -99 -99 -99 -99 -99 -99 -99 -99 -99 -99 -99 -99 -99 -99 -99 -99 -99 -99 -99 -99 -99 -99 -99 -99 -99 -99 -99 -99 -99 -99 -99 -99 -99 -99 -99 -99 -99 -99 -99 -99 -99 -99 -99 -99 -99 -99 -99 -99 -99 -99 -99 -99 -99 -99 -99 -99 -99 -99 -99 -99 -99 -99 -99 -99 -99 -99 -99 -99 -99 -99 -99 -99
-99 -99 -99 -99 -99 -99 -99 -99 -99 -99 -99 -99 -99 -99 -99 -99 -99 -99 -99 -99 -99 -99 -99 -99 -99 -99 -99 -99 -99 -99 -99 -99 -99 -99 -99 -99 -99 -99 -99 -99 -99 -99 -99 -99 -99 -99 -99 -99 -99 -99 -99 -99 -99 -99 -99 -99 -99 -99 -99 -99 -99 -99 -99 -99 -99 -99 -99 -99 -99 -99 -99 -99 -99 -99 -99 -99 -99 -99 -99 -99 -99 -99 -99 -99 -99 -99 -99 -99 -99 -99 -99 -99 -99 -99 -99 -99
-99 -99 -99 -99 -99 -99 -99 -99 -99 -99 -99 -99 -99 -99 -99 -99 -99 -99 -99 -99 -99 -99 -99 -99 -99 -99 -99 -99 -99 -99 -99 -99 -99 -99 -99 -99 -99 -99 -99 -99 -99 -99 -99 -99 -99 -99 -99 -99 -99 -99 -99 -99 -99 -99 -99 -99 -99 -99 -99 -99 -99 -99 -99 -99 -99 -99 -99 -99 -99 -99 -99 -99 -99 -99 -99 -99 -99 -99 -99 -99 -99 -99 -99 -99 -99 -99 -99 -99 -99 -99 -99 -99 -99 -99 -99 -99
-99 -99 -99 -99 -99 -99 -99 -99 -99 -99 -99 -99 -99 -99 -99 -99 -99 -99 -99 -99 -99 -99 -99 -99 -99 -99 -99 -99 -99 -99 -99 -99 -99 -99 -99 -99 -99 -99 -99 -99 -99 -99 -99 -99 -99 -99 -99 -99 -99 -99 -99 -99 -99 -99 -99 -99 -99 -99 -99 -99 -99 -99 -99 -99 -99 -99 -99 -99 -99 -99 -99 -99 -99 -99 -99 -99 -99 -99 -99 -99 -99 -99 -99 -99 -99 -99 -99 -99 -99 -99 -99 -99 -99 -99 -99 -99
0 0 0 0 0 0 0 0 0 0 0 0 0 0 0 0 0 0 0 0 0 0 0 0 0 0 0 0 0 0 0 0 0 0 0 0 0 0 0 0 0 0 0 0 0 0 0 0 0 0 0 0 0 0 0 0 0 0 0 0 0 0 0 0 0 0 0 0 0 0 0 0 0 0 0 0 0 0 0 0 0 0 0 0 0 0 0 0 0 0 0 0 0 0 0 0
0 0 0 0 0 0 0 0 0 0 0 0 0 0 0 0 0 0 0 0 0 0 0 0 0 0 0 0 0 0 0 0 0 0 0 0 0 0 0 0 0 0 0 0 0 0 0 0 0 0 0 0 0 0 0 0 0 0 0 0 0 0 0 0 0 0 0 0 0 0 0 0 0 0 0 0 0 0 0 0 0 0 0 0 0 0 0 0 0 0 0 0 0 0 0 0
0 0 0 0 0 0 0 0 0 0 0 0 0 0 0 0 0 0 0 0 0 0 0 0 0 0 0 0 0 0 0 0 0 0 0 0 0 0 0 0 0 0 0 0 0 0 0 0 0 0 0 0 0 0 0 0 0 0 0 0 0 0 0 0 0 0 0 0 0 0 0 0 0 0 0 0 0 0 0 0 0 0 0 0 0 0 0 0 0 0 0 0 0 0 0 0
0 0 0 0 0 0 0 0 0 0 0 0 0 0 0 0 0 0 0 0 0 0 0 0 0 0 0 0 0 0 0 0 0 0 0 0 0 0 0 0 0 0 0 0 0 0 0 0 0 0 0 0 0 0 0 0 0 0 0 0 0 0 0 0 0 0 0 0 0 0 0 0 0 0 0 0 0 0 0 0 0 0 0 0 0 0 0 0 0 0 0 0 0 0 0 0
0 0 0 0 0 0 0 0 0 0 0 0 0 0 0 0 0 0 0 0 0 0 0 0 0 0 0 0 0 0 0 0 0 0 0 0 0 81 0 0 0 0 46 0 0 109 70 0 0 0 0 0 0 0 0 0 0 0 0 0 0 0 0 0 0 0 0 0 0 0 0 0 0 0 0 0 0 0 0 0 9 24 25 24 24 12 0 0 0 0 0 0 0 0 0 0
162 0 220 0 171 107 37 0 0 0 0 0 0 0 0 0 0 0 0 0 0 0 0 0 0 0 0 0 0 0 0 0 0 0 0 0 0 0 0 0 0 0 0 0 0 0 0 0 0 0 0 0 0 0 0 0 0 0 0 0 0 0 0 0 0 0 0 0 0 0 0 0 0 0 0 0 0 0 0 0 0 0 18 28 30 28 28 25 0 0 0 0 0 0 0 0
92 102 187 0 281 185 86 0 15 15 0 0 0 0 0 0 0 0 0 0 0 0 0 0 0 0 0 0 0 0 0 0 0 0 0 0 0 0 0 0 0 0 0 0 0 0 0 0 0 0 0 0 0 0 0 0 0 0 0 0 0 0 0 0 0 0 0 0 0 0 0 0 0 0 0 0 0 0 0 0 0 0 0 0 0 0 0 0 19 26 25 25 19 0 0 0
0 0 193 242 223 158 0 0 0 0 0 0 0 0 0 0 0 0 0 0 0 0 0 0 0 0 0 0 0 0 0 0 0 0 0 0 0 0 0 0 0 0 0 0 0 0 0 0 0 0 0 0 0 0 0 0 0 0 0 0 0 0 0 0 0 0 0 0 0 0 0 0 0 0 0 0 0 0 0 0 0 0 0 0 0 0 0 0 0 0 0 23 23 13 0 0
0 0 0 0 0 0 0 0 0 0 0 0 0 0 0 0 0 0 0 0 0 0 0 0 0 0 0 0 0 0 0 0 0 0 0 0 0 0 0 0 0 0 0 0 0 0 0 0 0 0 0 0 0 0 213 214 0 0 0 0 0 0 0 0 0 0 0 0 0 0 0 0 0 0 0 0 0 0 0 0 0 0 0 11 0 0 0 0 0 36 38 44 50 53 53 0
0 0 0 0 0 0 0 0 0 0 0 0 0 0 0 0 0 0 0 0 0 0 0 0 0 0 0 0 0 0 0 0 0 0 0 0 0 0 0 0 0 0 0 0 0 0 205 257 264 200 0 0 0 0 0 0 0 0 0 0 0 0 0 0 0 0 0 0 0 0 0 0 0 0 0 0 0 19 25 28 32 38 41 40 39 40 41 43 57 64 71 79 80 80 80 80
0 0 0 0 0 0 0 0 0 0 0 0 0 0 0 0 0 0 0 0 0 0 0 0 0 0 0 0 0 0 0 0 0 0 0 0 0 0 0 0 0 0 0 0 263 291 224 0 0 0 0 0 0 0 0 0 0 0 0 0 0 0 0 0 0 0 0 0 0 0 0 0 0 0 0 41 44 44 44 44 44 44 44 44 44 44 48 51 74 85 85 85 85 85 85 85
0 0 0 0 0 0 0 0 0 0 0 0 0 0 0 0 0 0 0 0 0 0 0 0 0 0 0 0 0 0 0 0 0 0 0 0 0 0 0 0 0 0 249 304 253 0 0 0 0 0 0 0 0 0 0 0 0 0 0 0 0 0 0 0 0 0 0 0 0 28 30 30 34 35 42 46 129 185 206 76 56 55 51 53 75 87 90 90 90 90 90 90 90 89 70 48
0 0 0 0 0 0 0 0 0 0 0 0 0 0 0 0 0 0 0 0 0 0 0 0 0 0 0 0 0 0 0 0 0 0 0 0 0 0 0 0 0 326 338 208 0 0 0 0 0 0 0 0 0 0 0 0 0 372 377 373 241 0 0 189 0 0 0 0 0 32 63 95 88 169 559 564 755 977 978 799 318 98 96 96 96 96 96 96 96 96 96 96 96 90 94 96
0 0 0 0 0 0 0 0 0 0 0 0 0 0 0 0 0 0 0 0 0 0 0 0 0 0 0 0 0 0 0 0 0 0 0 0 0 0 0 0 226 280 352 275 0 0 0 0 0 0 0 0 0 0 0 0 371 453 453 443 0 0 505 0 297 352 463 408 207 130 90 120 172 172 172 172 529 1024 1032 1032 1032 462 101 101 101 101 101 101 101 101 101 101 101 101 101 101
0 0 0 0 0 0 0 0 0 0 0 11935 0 3902 2545 2796 2865 7387 0 0 0 0 0 0 0 0 0 0 0 0 0 0 0 0 0 0 0 0 0 0 0 0 0 137 0 0 0 0 0 0 0 0 0 0 0 362 477 477 425 476 316 0 490 541 547 545 520 484 330 180 140 129 181 208 627 554 788 1082 1085 1085 1067 511 106 106 106 106 106 106 106 106 106 106 106 106 106 106
0 0 0 0 0 0 31836 36523 8458 4431 5550 5933 3077 2509 1786 1648 3242 11984 14408 13908 63397 0 0 0 0 0 0 0 0 0 0 0 0 0 0 0 0 0 0 0 0 0 0 0 0 0 0 0 0 312 287 249 0 0 0 0 451 490 469 497 287 0 501 446 489 574 572 400 285 284 223 176 369 1028 1108 988 269331 1048 1057 1040 300 110 109 101 95 88 85 82 87 91 96 99 97 98 88 81
0 0 0 23463 33015 27455 9228 7137 6434 4728 3450 2306 2041 2642 2711 2643 8967 19816 16128 15440 90550 173994 5570 6175 21085 17369 0 0 0 0 0 0 0 0 0 0 0 0 0 0 228 293 0 0 248 270 372 0 309 410 412 626 11293 6201 423 283 0 517 520 513 476 0 0 1344 1764 447 594 601 601 601 568 700 966 1198 1204 1124 1092 1103 1020 1086 1047 710 133 80 80 80 80 80 80 80 76 80 80 80 78 65
0 0 0 19225 7130 3167 4383 5900 6687 6557 5540 6378 6052 5155 4545 3305 2007 12073 32807 47837 110822 95038 32134 1824 1755 1750 1750 1750 1426 0 0 0 383 0 0 0 0 401 425 431 449 499 30658 523 516 509 558 672 579 1620 13987 37614 49887 33132 2269 478 480 534 546 518 0 0 787 1242 1604 1462 811 612 628 627 500 570 942 4542 5276 3116 1569 885 910 612 129 82 83 82 84 84 84 84 84 84 84 84 84 83 78 68
0 19460 20139 10540 1637 1377 1672 2098 8786 18327 26238 17844 26282 47178 12482 12373 7677 17752 15917 15560 14297 4556 0 1627 1915 2177 2258 1975 1056 0 0 0 926 661 402 419 567 777 1233 1757 2154 3119 3068 2814 2814 57109 4708 10968 10968 11551 31453 28903 10938 657 62896 498 526 674 681 0 0 1105 1293 1432 98301 2273 2213 1220 525 501 398 438 462 1820 4560 2040 446 298 123 87 87 84 85 86 87 87 87 87 87 87 87 87 87 87 773 1069
22413 12675 5184 4595 3615 2613 7735 15501 45786 56202 0 0 0 84756 12360 9823 11891 12365 5052 4372 4701 5507 0 0 0 0 0 0 5846 4732 3708 3246 2849 2818 2704 2435 2846 2371 2240 2240 2635 6563 6588 4348 4157 72911 5208 9913 11243 8349 3303 856 856 841 833 687 548 645 1096 1345 50041 1345 1345 1700 2335 2364 2364 1970 507 400 400 407 454 480 480 455 403 140 91 90 91 91 91 91 91 91 91 91 91 91 91 91 91 92 928 1739
11313 4059 8412 6943 5978 6527 11960 22848 73784 0 0 0 63267 95743 26857 37296 16407 11722 39952 4760 5703 11004 29269 0 0 0 5108 264083 488298 9871 9818 8152 7070 4228 3162 3176 3159 3210 3197 6237 24629 16024 7615 7188 4545 3463 3367 2707 2276 1733 1581 1191 1206 1261 964 913 821 763 1116 1396 1396 1396 1690 2184 2454 2454 2447 1871 400 415 415 415 417 436 498 470 498 413 309 223 93 93 93 94 94 94 93 93 93 94 94 94 94 233 1023 1334
15108 9104 44665 28227 19249 37879 42705 0 0 0 70405 83304 37540 36490 37484 75630 29812 23572 16317 7449 9630 12768 48928 12834 8372 4767 32221 8999 16018 13130 12385 9283 8503 7828 6732 3973 3490 3847 6940 8550 29861 81066 19606 9008 3771 22129 2689 1937 1796 1796 1796 1796 2324 3485 19123 1123 1123 1139 1326 1799 2388 2629 29682 95674 2596 2544 2544 1994 1019 435 430 430 430 474 517 486 514 514 517 510 373 329 192 118 97 97 97 104 132 137 125 98 98 98 224 373
7340 6906 13544 17921 80689 91369 0 0 0 52031 105686 61630 48832 163056 43015 133547 53806 94978 40850 12302 10991 12017 49395 14093 13490 13363 15881 17365 22763 16847 11991 11340 8962 8143 9071 6964 9265 25182 19266 8844 8604 20919 23933 6028 3845 3845 3845 2914 1859 2405 3728 4231 5089 69036 6364 3171 1921 1966 2252 4283 4416 4404 52231 4379 2840 47951 2015 1942 1627 1374 1282 1003 678 522 535 535 516 522 519 489 482 485 485 478 398 466 383 414 388 372 357 315 234 101 286 401
12213 9504 22404 31744 82197 0 0 0 0 157866 99798 280892 134166 82815 54105 76535 104527 62092 43196 28162 24859 28244 305011 0 12325 15724 16384 20377 27992 37242 32524 22052 19430 17524 103750 63342 14741 25772 176955 107747 8577 9099 9115 9278 7995 8171 8586 8360 6544 10893 13338 14415 13845 10894 5973 4472 2097 37054 2709 4661 99146 262104 4084 44962 8715 1584 1584 1543 1584 1584 1584 1585 1528 1379 1129 1011 779 515 533 496 725 702 656 518 501 501 501 444 385 385 385 385 336 278 410 414
44455 29001 59237 144042 154281 138901 0 0 0 0 311003 140884 792174 578689 160500 58940 0 544742 633465 0 18644 50668 37568 16399 19794 17780 23490 26880 28033 25109 27045 20293 17895 20304 70554 36311 22782 14764 11308 9076 13681 11271 9749 12857 12934 13192 13864 57928 20547 8234 6454 8995 45865 4009 3702 2697 2683 2734 4997 6383 43659 6158 4395 1900 284604 1798 43725 1796 1799 1812 1852 1947 2048 2239 2239 2239 2162 1755 1770 1850 2240 2331 2330 881 517 517 517 796 433 397 397 397 405 423 428 428
78619 151895 136036 221901 327753 925918 872489 0 0 0 0 0 0 0 0 0 148914 1438241 3210539 107363 145124 111064 45878 26791 27979 355848 51581 354162 80557 25010 23288 17271 21431 25651 26745 23191 30403 28715 16201 24252 36580 28282 66955 34499 319382 65984 80152 46276 201427 15822 5311 3424 4020 4031 4087 4317 3505 2672 2735 3752 5057 4854 4854 4451 2422 1948 1946 1934 1985 2029 2264 3293 3536 3542 3550 3111 2586 2308 2267 2282 2398 2402 3723 4951 3693 4630 5228 6578 5661 4905 2897 818 410 435 441 441
208151 175383 0 264615 201746 0 0 0 0 0 41192 0 95396 123356 197892 0 40310 84653 49460 309446 48092 65458 93921 50514 47661 51423 0 65729 72923 76513 53261 37626 42605 68010 37004 37468 98035 620288 224939 62629 180504 52247 85154 175530 758427 254122 55703 189306 151447 26569 28932 25779 10343 54496 9008 10405 124963 6026 8183 5489 3097 4526 5679 3693 2079 2095 2241 2278 2620 5244 37098 9826 5811 5318 6908 5665 2905 2381 2376 2347 100021 6064 8767 7907 6877 6885 6844 6873 6567 6166 122718 5029 3002 550 1042 2768
569185 183467 201836 94860 85703 0 53544 0 0 0 84556 0 530801 150757 113439 107287 294645 66182 48150 73354 39007 112543 149494 120537 81132 87293 365700 841254 586704 358226 213964 52087 53455 77973 88767 70512 88322 87578 55974 53408 90374 107073 184128 140059 599710 70187 44662 338671 373482 295389 61163 115005 51596 598599 35849 23326 12850 13116 15289 15479 11731 18647 12470 12168 4921 4152 3722 3090 3947 7658 11716 23755 30073 58954 10998 7832 6955 7800 8368 9483 16434 20220 13134 13817 14729 9535 8659 13050 10917 5313 8242 19359 13438 3316 4005 4804
0 221360 211174 169105 0 0 0 0 0 245597 204345 414092 582598 167081 177515 146679 78482 65269 178530 54843 64743 42024 141998 478820 437876 455347 514524 186534 786919 488681 195721 1869838 456766 84822 110200 982040 141106 166555 149843 156498 168969 886562 307862 116674 106913 124960 88268 197847 1647042 351917 204578 166617 65132 71114 115502 41703 42267 102161 39148 24159 16125 24879 62100 28038 19082 14933 6875 6745 7513 8072 10644 35412 515008 80278 153335 65460 35737 47920 214155 28332 698858 113747 40971 149699 37929 28224 32218 14373 15826 311100 15831 24288 22775 67078 4178 5775
1808782 508109 0 0 0 0 0 0 0 460891 224214 378668 345512 190740 240848 145713 273014 103842 458839 62733 84058 102553 108803 145522 651722 11626214 1532714 362705 204802 164627 369681 343820 154103 144440 225831 349214 482246 1057062 181165 311158 755621 108263 163324 142866 97271 76815 76824 290037 283301 1380377 77438 75722 81918 441229 50463 45732 45030 53056 39257 49406 76120 663668 90717 51844 45829 31651 109434 14364 22157 34188 757774 328542 175788 105648 690223 30071 28266 100954 49646 24254 256210 37861 76089 20893 26779 9336 47690 7493 16160 17179 16976 9894 6909 3947 4355 6284
0 293004 0 0 197326 481956 848952 0 760537 247718 234792 660207 355824 796711 325019 193200 351464 162725 318367 430889 175987 78681 98370 143655 526300 1081598 459399 741085 130217 179679 119746 142156 174852 529646 193755 159945 809054 220425 135260 110305 391973 356660 182802 390977 974004 92826 163520 192257 164700 324578 59528 53759 61581 53928 46881 58357 68173 301366 60690 84771 78423 729430 81696 45654 34280 39423 42010 41959 40007 50234 194879 763637 60888 74885 608977 26603 10275 38003 37545 35194 21782 18576 18005 14520 7803 5956 41208 26551 71703 28590 35259 6895 4303 4518 5401 5634
362140 478083 558488 597394 433936 648791 971736 670614 463766 407888 387098 671029 269948 416473 327198 1949357 196827 363151 563245 180678 201070 185886 714223 114945 189768 273405 581066 224466 160634 178172 131568 168736 345334 506312 234261 136153 320244 956902 1434521 170418 156621 94593 88116 251626 381413 26962 264253 330474 89693 66305 57550 380293 45565 43544 45087 61230 62533 203541 66393 34327 27980 34341 45743 35929 42919 52933 118262 53962 48908 94509 72542 783048 159426 50705 323493 834152 133884 42802 44875 440654 24446 14719 13631 9196 4570 3406 4638 7876 18210 48604 96341 133916 30987 19685 6488 0
549650 4139873 637739 482401 917132 961586 735584 837128 1697152 1390831 505837 641210 247244 212293 332568 261159 138341 338421 521514 520604 275296 203362 148312 242078 492721 184098 281960 743614 276327 588567 152388 156069 137571 118990 108149 294998 80390 173877 87486 70669 155557 86972 62315 194819 68878 35295 118386 45373 41920 82621 83116 101110 40893 32813 46160 43086 45135 58618 96066 31408 22219 24576 16269 20855 212699 267604 52249 62047 66235 67756 92857 62010 80379 323440 39904 42674 18649 14947 21494 27043 10888 10631 9586 2607 1092 1120 1889 1348 2251 13883 29808 448027 748589 29110 19260 17772
1856272 1359901 1074198 749732 983847 1020682 755284 1684150 892452 916887 929911 409513 293137 251041 276799 171788 162118 139355 163019 604612 254858 473952 242153 287824 647863 416741 196927 1248738 194130 170360 219622 184701 78922 762633 636696 157715 102138 53267 44787 276448 59987 57937 74965 639590 59212 106542 458291 47097 30405 23859 21089 22335 15519 30164 36256 30242 65094 43128 51097 332383 32535 28331 10292 151263 17448 17743 27072 34781 45295 243704 65755 34727 36885 41392 74641 8380 9864 14729 26337 18082 18953 20781 103278 5138 3882 4664 8151 8821 5666 10719 16228 39460 34711 30163 70856 431931
1994019 1163921 2154043 1034407 1146836 906143 2420778 2668269 1289640 995069 836225 592252 592026 644018 714357 412574 670302 366335 3363184 353259 383084 349510 627186 297543 1375690 211539 236675 283079 200463 155202 94548 137034 95053 207962 68532 55329 54991 22255 26381 26097 27629 28875 35081 34654 48028 301619 54648 54983 13856 11527 8881 6990 9084 13243 80665 16345 15760 13373 18222 26776 151311 161413 25355 15236 12186 9746 15826 24906 369956 78490 180924 134664 22706 11843 10654 7061 5143 8165 17080 17191 8481 12203 11862 7316 6203 8766 9567 9666 8376 9666 13619 16846 23156 27145 41129 49989
698424 649017 736817 626627 1190701 1116773 2095792 1357810 1064714 822489 674599 1248555 1177289 753448 588907 539942 956265 358206 644687 541775 557523 671593 604881 327456 1455522 354065 275072 163054 123850 74760 59667 94890 66738 69118 32519 18392 17240 15734 11720 15474 15896 16684 16617 20871 31341 38414 24688 10744 7622 5529 6167 6231 6953 10537 9040 5241 10058 10865 8914 16020 469524 436725 20750 16017 13041 7118 6750 9869 22050 31607 269236 48456 91320 19736 17178 10525 14306 17510 16405 12943 12636 11275 13161 10650 8817 9263 9666 9727 9948 10480 11077 11078 14929 19137 19137 19514
970426 814144 933589 552666 2332243 1387137 887530 621889 694465 1035155 919022 629028 796223 970329 845276 647195 526551 463813 508572 314328 549473 595696 1070907 1252896 306548 1898527 2448001 1312425 400184 107749 75309 89610 1399892 64115 80402 10316 9839 8980 13328 17832 14279 10252 11451 7198 8977 16203 10457 8270 5323 3861 3175 4145 4681 3150 2402 5156 2688 5151 24070 4982 9388 11642 10113 10376 10254 6905 5425 12063 26400 27578 28129 22037 22731 24973 46808 64041 50594 24816 24128 10858 10076 9308 9465 9118 8996 9091 10643 11331 12323 12613 11920 11312 48220 62108 63018 51863
624996 602988 369924 782465 710951 814100 1203678 2659765 739898 751489 720466 734999 591681 653605 837868 1078155 1293837 502360 226111 327410 244660 822045 613507 1140554 230324 1653334 793861 1523459 722906 165577 264633 65959 33988 22825 33430 35582 32435 19955 19364 161049 51366 15287 18366 4796 3813 4457 7493 7406 7470 9883 6284 2904 1962 2002 2023 196574 2119 4742 5172 7610 7100 6510 5878 6624 3813 5066 5337 19542 32113 41185 23998 56039 28840 37337 42446 70495 60633 21913 24599 12226 9557 9408 8010 7764 9221 8547 6808 8561 12560 12897 12946 17456 68646 71676 71676 71676
607402 552218 961428 972124 835398 568076 664408 605445 734456 572963 628101 792780 764058 583479 840939 867003 1006038 851719 1583255 0 928176 350901 186476 0 0 0 238531 268438 206098 205268 84563 50584 127153 14732 19754 330690 366639 17441 0 0 4181 16657 16072 11530 6282 4330 7444 8954 0 11092 14068 12051 9606 6257 4297 2388 2901 5124 5124 6374 7079 4858 77770 26636 11349 11296 5661 12441 31835 35106 64107 152333 109274 37696 12286 14113 17523 22319 25600 11032 10542 7793 5279 5076 5905 6019 5341 5341 6173 12297 13377 13434 37853 35779 35443 40427
1618953 0 488776 924803 876725 527452 769134 800410 784426 611500 525319 650465 804196 1142474 870541 886573 645194 263304 0 0 0 426728 416208 0 0 209760 628617 859919 479594 548886 218409 129089 52366 22245 17159 76142 0 0 0 0 1993 4404 3395 6053 5400 4361 5632 0 0 13993 15595 12367 13607 14676 14598 12847 9429 8185 7461 7995 8568 6265 10401 10979 18637 24229 146143 62004 68101 60385 65451 32954 74792 121183 54111 41853 16904 23183 45254 17322 10875 6223 5363 5363 5321 5207 5406 5269 5471 12673 13471 10636 6056 6018 6018 6018
0 0 0 258188 678711 740425 741918 852972 895072 811802 664478 756385 810395 1095852 2894111 667243 590163 0 0 0 0 0 0 0 0 0 289291 429955 486946 525845 452107 614169 194812 77598 49644 0 0 0 0 7438 5369 4730 5518 5792 4869 4874 0 0 0 15043 14991 13160 14637 167687 24429 22709 9689 9017 11910 11299 8865 10030 28899 40745 74458 68242 118267 92455 264069 332798 120126 81751 241640 383329 515183 281573 136469 122540 85484 39430 23917 22548 12070 5713 5457 5466 5534 5332 5534 8038 11471 6404 3394 4776 5595 5302
1072932 698309 0 0 509843 714730 714461 732522 970586 943548 797408 602825 680872 673310 676867 728574 0 0 0 0 0 0 0 0 0 0 0 0 351849 260236 306079 607200 526367 1039924 534421 0 0 0 0 176800 60109 4537 4052 4394 4957 4333 55266 68562 17481 24262 11098 6699 7912 16626 31538 38654 230492 82263 75529 95512 72608 111692 141426 79875 1198112 432673 95882 64399 143187 556643 224944 215014 106795 84120 174393 1368161 132226 117924 47132 36038 27771 26094 10804 7452 5593 5580 5628 3875 3060 2831 2713 2763 2763 2763 2763 2808
1802013 1011986 0 0 0 0 300770 500763 1206888 1189777 690077 1651572 774478 726840 550707 437263 0 0 0 0 0 0 0 0 0 0 0 0 0 0 758128 382730 479962 221998 229579 447669 0 0 0 0 1973 3843 4219 3999 5038 16321 125201 589869 133997 96874 7049 27407 4886 6549 30012 40835 95137 704368 200179 441414 120258 182714 1019223 222819 155377 0 148469 66479 98607 114534 116641 128197 44301 70611 90076 39424 71770 84324 37187 35356 33540 33540 33413 31600 5455 2743 3103 2694 1995 2177 2578 2778 2808 2814 5634 18200
0 1444806 1373880 877127 0 0 0 922909 844822 709125 635172 454670 610876 647681 560026 487456 0 0 0 0 824733 287404 366145 639941 0 0 0 0 0 475816 383106 360704 1916362 665603 376359 290216 463181 0 0 0 0 79 4242 4522 11963 55359 88733 196032 1001910 180416 40684 8294 73046 7608 25840 54526 291777 3261536 295700 816418 411410 222959 54633 69574 56133 39220 68968 133405 121997 141935 142166 189313 47462 195597 125530 31693 35433 58532 28740 28786 28702 33789 36763 24058 2348 1764 1625 1606 1624 1542 1700 2660 7166 15195 20005 307679
0 0 0 1263431 1136009 0 0 736952 672080 362532 672003 802348 0 0 364157 0 0 2229163 1029364 680716 816282 578425 451786 557285 724162 854664 590195 654500 652677 337834 322038 519297 2276390 440615 757974 710231 397730 1442992 0 0 0 14083 4453 7158 13666 58402 75360 51452 26695 21720 161556 105227 282639 427344 305314 396635 1000503 1327609 1103882 2170223 2269619 387979 73208 24420 71271 66871 46551 104255 121552 166685 49641 53418 15038 10460 10377 9959 7334 5036 465 938 2818 27214 37102 29025 39883 104220 62477 62175 7863 2284 2661 2682 5137 16425 215806 485917
0 0 0 0 890693 0 0 0 325534 354503 443525 0 0 0 381183 929224 805538 620630 439920 511485 1124843 904858 419877 418185 330964 264414 270085 213211 294284 362270 403178 373741 558984 401523 408869 603449 688485 0 0 0 0 59253 78392 11384 17068 36959 56442 39785 43681 61333 58668 290010 580072 412391 1475319 904047 317984 297972 140806 135765 87480 59004 27587 410401 541028 272515 132949 131048 131303 146212 38164 21076 3050 3047 2800 1365 1380 1363 1091 1390 6337 18472 17676 4412 20892 55585 348669 237776 333755 5091 27785 53950 18323 16508 738522 49139
0 0 0 0 0 0 0 0 0 352593 305957 1936181 0 0 0 1580390 1022266 593268 485960 453348 443838 399817 494769 539572 618045 523521 550014 534566 558039 560193 338364 281936 517034 581870 653354 677230 813027 0 0 0 0 0 18807 59827 95998 54662 94486 44530 56838 95802 60903 74174 85975 544928 369915 608546 1419249 480384 111905 58023 14683 9020 28857 64798 420268 442923 118732 94954 127773 61386 25855 3995 3091 3018 3087 1641 1412 1370 2902 4779 5441 5505 5921 6610 8338 11303 15926 21629 472025 271400 510265 174603 18833 280239 1005878 56032
0 1358064 1790687 0 0 0 0 0 0 334030 339102 0 0 0 0 591053 695002 537668 438761 461931 429718 355012 591177 966600 858669 871386 576571 529679 593861 540787 388348 331487 418821 380808 684292 665142 838028 0 0 0 0 0 360534 703613 250864 187604 149493 84699 77538 197218 125495 61890 80039 162418 322847 669571 840470 728413 159721 109345 49974 40791 28464 15817 208809 98956 49780 239624 118940 44894 23694 4778 3133 3095 3133 2735 1384 1295 2427 6530 7136 7038 6185 7108 14875 18625 13890 27567 54024 423324 796364 486245 259529 538213 616293 282713
0 0 0 0 0 0 0 0 0 0 0 0 0 0 0 0 0 355389 245540 0 399629 636972 0 0 1535377 1314875 715175 342628 388779 392232 395016 434440 595934 608904 535523 476310 465259 771211 1133305 847989 561672 655631 407731 157474 122287 197165 197165 197165 152094 110581 56375 77399 132036 283318 437191 265199 512586 411091 174121 128466 150946 132739 93607 56809 44371 82004 57667 136626 84022 45519 28109 4966 3744 3175 2969 2257 1963 1625 2045 6605 7833 7920 7693 6856 10631 11228 27621 75075 76080 1578659 1177988 1734545 917585 699758 634118 447882
0 0 0 0 0 0 0 0 0 0 0 0 0 0 0 0 0 0 0 0 0 0 0 0 1622426 1139658 378409 226205 234574 339923 399424 593133 743447 645362 464998 447874 685481 515908 1365032 3269264 1700370 351258 52442 47020 66256 195301 199681 199681 199681 156954 59895 83527 154027 225146 364590 189316 386591 469247 327748 413059 1461683 679976 340647 127143 66102 68033 97999 108318 38559 25995 14367 3692 3481 2399 2143 2246 2758 2532 2228 2357 2975 4706 6275 8145 8820 8523 7542 34061 76423 135512 636339 1971365 1340733 1518581 1490015 1593352
