dashboard/data/pop/popcount/gpw_pop_counts_qd_1990.asc
ncols 1440 
nrows 720
xllcorner -180
yllcorner -90
cellsize .25
NODATA_value -99
[rows 64 to 127 of 720, columns 1152 to 1247 of 1440]
6 5 4 1 0 0 0 0 0 0 0 0 0 0 0 0 0 0 0 0 0 0 0 0 0 0 0 0 0 0 0 0 0 0 0 0 0 0 0 0 0 0 0 0 0 0 0 0 0 0 0 0 0 0 0 0 0 0 0 0 0 0 0 0 0 0 0 0 0 0 0 0 0 0 0 0 0 0 0 0 0 0 0 0 0 0 0 0 0 0 0 0 0 0 0 0
0 0 0 0 0 0 0 0 0 0 4 9 16 17 17 15 14 13 14 15 17 8 0 0 0 0 0 0 0 13 13 13 12 11 11 9 0 0 0 0 0 0 0 0 0 0 0 0 0 0 0 0 0 0 0 0 0 0 0 0 0 4 11 0 0 19 18 15 0 0 0 0 0 0 0 0 0 0 0 0 0 0 0 0 0 0 0 0 0 0 0 0 0 0 0 0
0 1 1 2 3 4 4 5 6 10 16 17 17 17 17 17 17 17 17 17 16 0 8 15 16 17 17 17 17 17 17 17 17 17 17 17 17 17 17 17 17 13 0 0 0 0 0 0 0 0 0 0 0 0 0 0 0 0 0 0 0 0 0 19 19 19 19 19 19 19 19 16 19 16 12 13 0 0 0 0 0 0 1 0 0 0 0 0 0 0 0 0 0 0 0 0
5 4 6 6 6 6 6 6 6 6 9 16 17 17 17 17 17 17 17 17 0 0 17 17 17 17 17 17 17 17 17 17 17 17 17 17 17 18 18 19 20 19 0 0 0 0 0 0 0 0 0 0 0 0 0 0 0 0 0 0 0 0 0 20 20 20 20 20 20 20 20 20 20 20 20 20 0 0 0 0 0 19 19 0 0 0 0 0 0 0 0 0 0 0 0 0
6 6 6 6 6 6 6 6 6 6 7 17 17 17 17 0 0 17 17 17 17 17 17 17 17 17 17 17 17 17 17 17 17 17 17 17 17 17 17 17 18 18 19 20 20 20 20 20 20 19 18 16 15 16 18 16 17 17 16 17 14 0 0 20 20 20 20 20 20 20 20 20 20 20 20 0 0 0 20 20 20 20 20 20 19 0 0 0 0 0 0 0 0 0 0 0
6 6 6 6 6 6 6 6 6 6 7 12 15 18 18 18 0 18 18 18 18 18 18 18 18 18 18 18 18 18 18 18 18 18 18 18 18 18 18 18 18 18 18 18 18 18 18 18 20 20 20 20 20 20 20 20 20 20 20 20 20 0 0 20 20 20 20 20 20 20 20 20 20 20 20 0 0 0 20 20 20 20 20 17 14 0 0 0 0 0 0 0 0 0 0 0
6 6 6 6 6 6 6 6 6 6 6 6 8 16 18 18 18 18 18 18 18 18 0 0 18 18 18 18 18 18 18 18 18 18 18 18 0 18 17 18 18 18 18 18 18 18 18 17 15 16 19 21 21 21 21 21 21 21 0 21 21 21 21 21 21 21 21 21 21 21 21 21 21 21 21 21 21 21 21 21 21 0 0 20 18 0 0 0 0 0 0 0 0 0 0 0
6 6 6 6 6 6 6 6 6 6 6 6 6 6 8 11 11 10 9 8 10 18 18 18 18 18 18 18 18 18 18 18 16 10 10 11 10 7 4 5 9 13 12 10 8 6 5 3 3 3 3 18 21 21 21 21 21 21 21 21 21 21 21 21 21 21 21 21 21 21 21 21 21 21 21 21 21 21 21 21 21 0 0 0 0 0 0 0 0 0 0 0 0 0 0 0
6 6 6 6 6 6 6 6 6 6 6 6 6 6 6 6 3 3 3 3 6 18 18 18 18 18 18 18 18 18 16 9 4 3 3 3 3 3 3 3 3 3 3 3 3 3 3 3 3 3 3 8 14 18 21 21 21 21 21 21 21 21 21 21 21 21 21 21 21 21 21 21 21 21 21 21 19 20 21 21 21 0 0 0 0 0 0 0 0 0 0 0 0 0 0 0
6 6 6 6 6 6 6 6 6 6 6 6 6 6 6 6 4 4 4 4 4 8 16 19 19 19 19 19 16 9 4 4 4 4 4 4 4 4 4 4 4 4 4 4 4 4 4 4 4 4 4 4 4 4 6 12 21 21 21 21 21 21 21 21 21 21 21 21 21 21 21 21 21 21 21 21 19 17 21 21 21 21 21 17 11 0 0 0 0 0 0 0 0 0 0 0
6 6 6 6 6 6 6 6 6 6 6 6 6 6 6 6 5 4 4 4 4 4 4 14 19 19 19 13 4 4 4 4 4 4 4 4 4 4 4 4 4 4 4 4 4 4 4 4 4 4 4 4 4 4 4 4 6 16 22 22 22 22 22 22 22 22 22 22 22 22 22 22 22 22 22 22 22 15 22 22 22 22 22 22 22 0 0 0 0 0 0 0 0 0 0 0
6 6 6 6 6 6 6 6 6 6 6 6 6 6 6 6 6 6 5 4 4 4 5 17 19 19 19 19 17 6 4 4 4 4 4 4 4 4 4 4 4 4 4 4 4 4 4 4 4 4 4 4 4 4 4 4 4 12 22 22 22 22 22 22 22 22 22 22 22 22 22 22 22 22 22 22 22 18 21 22 22 22 22 22 22 22 21 0 0 0 0 0 0 0 0 32
7 7 7 7 7 7 7 7 7 7 7 6 6 5 5 4 4 4 4 4 4 6 12 14 15 16 13 8 4 4 4 4 4 4 4 4 4 4 4 4 4 4 4 4 4 4 4 4 4 4 4 4 4 4 6 14 18 22 22 22 22 22 22 22 22 22 22 22 22 22 22 22 22 22 22 22 22 21 17 22 22 22 22 22 22 22 22 22 22 15 10 9 0 3 12 22
7 7 7 7 7 7 7 7 6 5 4 4 4 4 4 4 4 4 4 4 4 4 4 4 4 4 4 4 4 4 4 4 4 4 4 4 4 4 4 4 4 4 4 4 4 4 4 4 4 4 4 5 7 9 13 22 22 22 22 22 22 22 22 22 22 22 22 22 22 22 22 22 21 20 21 20 18 19 22 22 22 22 22 22 22 22 22 22 22 22 22 22 19 22 22 22
7 7 7 7 7 7 6 5 5 4 4 4 4 4 4 4 4 4 4 4 4 4 4 4 4 4 4 4 4 4 4 4 4 4 4 4 4 4 4 4 4 4 4 4 4 4 4 4 4 10 21 23 23 23 23 23 23 23 23 23 23 23 23 23 23 23 23 23 23 23 23 17 18 23 22 22 23 23 23 23 23 23 23 23 23 23 23 23 23 23 23 23 23 23 23 23
7 7 7 7 7 4 4 4 4 4 4 4 4 4 4 4 4 4 4 4 4 4 4 4 4 4 4 4 4 4 4 4 4 4 4 4 4 4 4 4 4 4 4 4 4 4 4 4 10 23 23 23 23 23 23 23 23 23 23 23 23 23 23 23 23 23 23 23 23 23 22 17 17 23 23 23 23 23 23 23 23 23 23 23 23 23 23 23 23 23 23 23 23 23 23 23
7 6 6 7 6 4 4 4 4 4 4 4 4 4 4 4 4 4 4 4 4 4 4 4 4 4 4 4 4 4 4 4 4 4 4 4 4 4 4 4 4 4 4 4 0 0 4 4 8 23 23 23 23 23 23 23 23 23 23 23 23 23 23 23 23 23 23 23 19 20 21 23 23 23 23 23 23 23 23 23 23 23 23 23 23 23 23 23 23 23 23 23 23 23 23 23
4 4 4 4 4 4 4 4 4 4 4 4 4 4 4 4 4 4 4 4 4 4 4 4 4 4 4 4 4 4 4 4 4 4 4 4 4 4 4 4 4 4 4 4 4 4 4 4 5 23 24 24 24 24 24 24 24 24 24 24 24 24 24 24 24 24 24 19 21 24 24 24 24 24 24 24 24 24 24 24 24 24 24 24 24 24 24 24 24 24 24 24 24 24 24 24
4 4 4 4 4 4 4 4 4 4 4 4 4 4 4 4 4 4 4 4 4 4 4 4 4 4 4 4 4 4 4 4 4 4 4 4 4 4 4 4 4 4 4 4 4 4 4 7 13 17 15 14 13 12 18 23 24 24 24 24 24 24 24 24 24 24 19 21 24 24 24 24 24 24 24 24 24 24 24 24 24 24 24 24 24 24 24 24 24 24 24 24 24 24 24 24
4 4 4 4 4 4 4 4 4 4 4 4 4 4 4 4 4 4 4 4 4 4 4 4 4 4 4 4 4 4 4 4 4 4 4 4 4 4 4 0 0 4 4 4 4 4 8 11 12 12 12 12 12 12 12 13 17 19 21 23 24 24 24 24 20 21 21 17 20 24 24 24 24 24 24 24 24 24 24 24 24 24 24 24 24 24 24 24 24 24 24 24 24 22 19 17
4 4 4 4 4 4 4 4 4 4 4 4 4 4 4 4 4 4 4 4 4 4 4 4 4 4 4 4 4 4 4 4 4 4 4 4 4 4 4 0 0 4 4 4 4 4 4 4 5 11 12 12 12 12 12 12 12 12 12 12 12 14 16 16 14 15 12 12 12 12 16 20 22 22 23 23 22 22 22 21 21 20 16 17 18 20 21 18 14 13 17 17 13 11 11 11
4 4 4 4 4 4 4 4 4 4 4 4 4 4 4 4 4 4 4 4 4 4 4 4 4 4 4 4 4 4 4 4 4 4 4 4 4 4 4 4 4 4 4 4 4 4 4 4 5 8 12 12 12 12 12 12 12 12 12 12 12 12 12 0 0 12 12 12 12 12 12 12 12 12 12 12 12 11 11 11 11 11 11 11 11 11 11 11 11 11 11 11 11 11 11 11
4 4 4 4 4 4 4 4 4 4 4 4 4 4 4 4 4 4 4 4 4 4 4 4 4 4 4 4 4 4 4 4 4 4 4 4 4 4 4 4 4 4 4 4 4 4 8 12 12 12 12 12 12 12 12 12 12 12 12 12 12 12 11 0 12 12 12 12 12 12 12 12 12 12 12 12 11 11 11 11 11 11 11 11 11 11 11 11 11 11 11 11 11 11 11 11
4 4 4 4 4 4 4 4 4 4 4 4 4 4 4 4 4 4 4 4 4 4 4 4 4 4 4 4 4 4 4 4 4 4 4 4 4 4 4 4 4 4 6 9 9 9 11 12 12 12 12 12 12 12 12 12 12 12 12 12 11 0 0 12 12 12 12 12 12 12 12 12 12 12 12 12 11 11 11 11 11 11 11 11 11 11 11 11 11 11 11 11 11 11 11 11
4 4 4 4 4 4 4 4 4 4 4 4 4 4 4 4 4 4 4 4 4 4 4 4 4 4 4 4 4 4 4 4 4 4 4 4 4 4 5 6 7 7 10 12 12 12 12 12 12 12 12 12 12 12 12 12 12 12 12 11 8 0 0 12 11 11 12 12 12 12 12 12 12 12 12 12 11 11 11 11 11 11 11 11 11 11 11 11 11 11 11 11 11 11 11 11
4 4 4 4 4 4 4 4 4 4 4 4 4 4 4 4 4 4 4 4 4 4 4 4 4 4 4 4 4 4 4 4 4 4 4 4 4 4 5 8 12 13 13 13 13 13 13 13 13 13 13 13 13 13 13 13 13 13 13 12 7 0 0 12 12 12 13 13 13 13 13 13 13 13 13 13 13 12 11 11 11 11 11 11 11 11 11 11 11 11 11 11 11 11 11 11
4 4 4 4 4 4 4 4 4 4 4 4 4 4 4 4 4 4 4 4 4 4 4 4 4 4 4 4 4 4 4 4 4 4 4 4 4 4 8 11 12 13 13 13 13 13 13 13 13 13 13 13 13 13 13 13 13 13 13 13 6 0 0 13 13 13 13 13 13 13 13 13 13 13 13 13 13 12 12 12 12 12 12 12 12 12 12 12 12 12 12 12 12 12 12 12
4 4 4 4 4 4 4 4 4 4 4 4 4 4 4 4 4 4 4 4 4 4 4 4 4 4 4 4 4 4 4 4 4 4 4 4 4 4 4 5 5 6 8 9 17 21 13 13 13 13 13 13 13 13 13 13 13 13 13 13 12 0 0 12 13 13 13 13 13 13 13 13 13 13 13 13 13 12 12 12 12 12 12 12 12 12 12 12 12 12 12 12 12 12 12 12
4 26 45 18 4 4 4 4 4 4 4 4 4 4 4 8 5 4 4 4 4 4 4 4 4 4 4 4 4 4 4 4 4 4 4 4 4 4 4 4 4 4 4 4 7 126 146 113 40 13 13 13 13 13 13 13 13 13 13 13 13 0 0 13 13 13 13 13 13 13 13 13 13 13 13 13 13 12 12 12 12 12 12 12 12 12 12 12 12 12 12 12 12 12 12 12
58 104 104 89 86 46 4 4 11 41 53 65 76 87 98 104 98 81 64 47 25 4 4 4 4 4 4 4 4 4 4 4 4 4 4 4 4 4 4 4 4 10 51 55 89 159 171 171 168 105 25 13 13 13 13 13 13 13 13 13 13 13 5 13 13 13 13 13 13 13 13 13 13 13 13 13 13 12 12 12 12 12 12 12 12 12 12 12 12 12 12 12 12 12 12 12
105 105 105 105 105 40 34 71 102 105 105 105 105 105 105 105 105 105 105 105 104 49 4 4 4 4 4 4 4 4 4 4 4 4 4 4 4 4 4 4 26 164 172 172 172 172 172 172 172 172 85 13 13 13 13 13 13 13 13 13 13 13 9 7 13 13 13 13 13 13 13 13 13 13 13 14 51 49 34 25 42 51 47 43 40 36 32 19 12 12 12 12 12 12 12 12
106 106 106 106 106 106 106 106 106 106 106 106 106 106 106 106 106 106 106 106 90 69 26 5 5 5 5 5 5 5 5 5 5 5 5 5 5 5 5 5 101 174 174 174 174 174 174 174 174 174 50 13 13 13 0 0 0 0 13 13 13 13 13 0 9 13 13 13 13 13 13 13 13 13 13 33 62 62 62 62 62 62 62 62 62 62 62 51 14 12 12 12 12 12 12 12
107 107 89 107 107 107 107 107 107 107 107 107 107 107 107 107 107 107 91 35 5 5 5 5 5 5 5 5 5 5 5 5 5 5 5 5 5 5 5 5 58 175 175 175 175 176 176 176 176 171 18 14 14 14 0 0 0 0 14 14 14 14 14 0 0 11 14 14 14 14 14 14 14 14 14 19 31 56 63 63 63 63 63 63 63 63 63 63 61 46 31 16 12 12 12 28
108 108 108 108 108 0 0 108 108 108 108 108 108 108 108 108 108 99 17 5 5 5 5 5 5 5 5 5 5 5 5 5 5 5 5 5 5 5 17 88 182 180 177 177 177 177 177 177 176 99 18 14 14 14 14 14 14 14 14 14 14 14 14 14 9 0 14 14 14 14 14 14 14 14 14 14 41 64 64 64 64 64 64 64 64 64 64 64 64 64 64 63 50 34 43 58
109 109 109 109 109 109 109 109 109 109 109 109 109 109 109 109 109 56 20 5 5 5 5 5 5 5 5 5 5 5 5 5 5 5 5 5 14 133 193 199 199 198 183 179 179 179 179 179 179 179 173 116 14 14 14 0 14 14 14 14 14 14 14 14 10 0 13 14 14 14 14 15 18 21 30 51 64 64 64 64 64 64 64 64 64 64 64 64 64 64 64 64 64 62 59 59
110 110 110 110 110 110 110 110 110 110 110 110 110 110 110 110 110 110 32 5 5 5 5 5 5 5 5 5 5 5 5 14 8 5 5 18 114 201 201 201 201 201 198 182 181 181 181 181 181 181 181 181 84 35 0 0 14 14 14 14 14 14 14 14 14 0 6 17 46 57 62 65 65 65 65 65 65 65 65 65 65 65 65 65 65 65 65 65 65 65 65 65 65 65 62 59
111 111 111 111 111 111 111 111 111 111 111 111 111 111 111 111 111 111 99 84 34 5 5 5 5 5 5 6 29 137 156 195 166 123 127 192 203 203 203 203 203 203 203 197 182 182 182 182 182 182 182 182 182 182 169 134 99 64 29 14 14 14 14 14 14 0 45 28 40 48 0 65 65 65 65 65 65 65 65 65 65 65 65 65 65 65 65 65 65 65 65 65 65 65 65 64
112 112 112 112 112 112 112 112 112 112 112 112 112 112 112 112 112 112 112 112 112 93 82 71 7 5 60 199 205 205 205 205 205 205 205 205 205 205 205 205 205 205 205 205 187 184 184 184 184 184 184 184 184 184 184 184 184 176 183 163 128 99 94 106 154 0 172 100 49 38 0 51 61 66 66 66 66 66 66 66 66 66 66 66 66 66 66 66 66 66 66 66 66 66 66 66
112 104 113 113 113 113 113 113 113 113 113 113 113 113 113 113 113 113 113 113 113 113 113 113 123 179 205 207 207 207 207 207 207 207 207 207 207 207 207 207 207 207 207 207 188 186 186 186 186 186 186 186 186 186 186 186 186 173 174 186 186 186 186 186 186 186 186 167 73 67 0 58 53 55 55 66 67 67 67 67 67 67 67 67 67 67 67 67 67 67 67 67 67 67 67 67
14 23 81 114 114 114 114 114 114 114 114 114 114 114 114 114 114 114 114 114 114 114 114 114 126 205 204 209 209 209 209 209 209 209 209 209 209 209 209 209 209 209 209 209 198 188 187 187 187 187 188 188 187 188 188 188 188 188 188 188 188 188 188 188 174 142 109 75 67 67 0 67 67 66 62 54 55 65 67 67 67 67 67 67 67 67 67 67 67 67 67 67 67 67 67 67
24 45 57 112 115 115 115 115 115 115 115 115 115 115 115 115 115 115 115 115 115 115 121 154 168 173 173 178 192 209 211 211 211 211 211 211 211 211 211 211 211 211 0 0 211 205 192 189 189 189 189 189 189 189 189 189 0 0 189 189 189 189 175 87 68 68 68 68 68 68 68 68 68 68 68 0 64 54 53 59 67 68 68 68 68 68 68 68 68 68 68 68 68 68 68 68
47 90 90 90 100 116 116 116 114 116 116 116 116 116 116 116 116 116 116 116 116 116 116 159 174 174 174 174 174 180 208 213 213 213 213 213 0 213 213 213 213 213 213 213 213 212 194 191 191 191 191 191 191 191 191 191 191 191 191 191 191 191 111 68 68 68 68 66 56 60 68 68 68 68 68 68 68 68 68 62 47 51 0 0 0 0 68 68 177 329 262 189 171 195 219 243
24 24 24 24 25 67 117 117 97 69 114 117 103 117 108 117 117 117 117 117 117 117 117 134 169 176 176 176 176 178 199 214 214 214 214 214 0 214 214 214 214 214 214 214 214 214 202 192 192 192 192 192 192 192 193 193 193 193 193 193 193 193 171 98 69 69 69 69 69 69 69 69 69 69 69 69 69 70 69 69 69 65 0 0 0 0 0 371 402 412 401 412 411 393 420 433
25 25 25 25 25 41 118 118 110 97 87 112 0 0 95 99 104 0 0 113 117 114 128 135 137 162 167 176 177 177 177 184 206 212 213 213 213 215 216 216 216 216 216 216 216 207 194 194 194 194 194 194 194 194 194 194 194 194 194 194 194 194 194 194 181 162 144 125 107 89 72 70 72 74 75 77 83 88 84 222 223 399 635 642 642 642 377 577 469 469 469 451 467 469 469 469
25 25 25 25 25 28 88 120 120 120 118 112 0 96 100 102 91 0 117 118 114 113 135 154 179 179 179 175 179 179 179 179 179 179 179 179 179 181 192 204 216 218 218 218 218 214 196 196 196 196 196 196 196 196 196 196 196 196 196 196 196 196 196 196 196 196 196 196 196 185 108 89 89 89 89 89 89 89 89 286 630 648 648 648 648 648 507 520 478 473 473 473 473 473 473 473
25 25 25 25 25 61 116 121 121 121 117 113 69 81 121 121 121 121 121 121 121 121 121 31854 174 181 181 181 181 0 0 181 181 181 181 181 181 181 181 181 181 183 185 188 190 192 189 196 197 197 197 197 197 197 197 197 198 196 188 185 151 163 137 146 173 157 131 106 104 113 90 90 90 90 90 90 90 90 90 90 116 405 648 653 653 653 636 0 570 490 477 477 477 477 477 477
25 25 25 25 25 36 59 92 122 122 122 110 103 92 122 122 122 122 122 122 122 122 122 10984 124 152 180 182 182 182 182 182 182 182 182 182 182 182 182 182 182 182 182 182 182 182 182 182 188 196 199 199 199 199 199 199 184 114 93 91 90 90 90 90 90 90 90 90 90 90 90 90 90 90 90 90 90 90 90 140 431 610 659 659 659 659 1170 4935 437 620 712 541 481 481 481 498
25 25 25 25 25 25 31 104 112 102 102 109 92 90 123 123 123 123 123 123 123 123 123 123 123 123 130 172 184 184 184 184 184 184 184 184 184 184 184 184 184 184 184 184 184 184 184 184 184 192 201 201 201 201 201 201 197 149 98 91 91 91 91 91 91 91 91 91 91 91 91 91 91 91 91 91 91 91 91 91 91 157 19312 27773 25646 25273 30137 13334 1075 1112 1112 1109 972 687 677 692
26 26 26 26 26 26 91 124 124 124 124 124 113 124 124 124 124 124 124 124 124 124 124 124 124 124 138 191 185 185 185 185 185 185 185 185 185 185 185 185 185 185 185 185 185 162 127 150 173 197 197 195 194 202 202 202 202 202 182 102 92 92 92 92 92 92 92 92 92 92 92 92 92 92 92 92 92 92 256 413 353 405 1842 20265 20321 28550 24754 1617 1121 1121 1121 1121 1121 1018 716 701
26 26 26 26 26 26 65 125 125 125 125 125 125 125 125 125 125 125 125 125 125 125 159 202 180 185 257 245 197 214 232 247 236 218 200 187 187 187 187 187 187 187 187 187 184 131 77 77 77 77 77 77 77 99 139 140 133 127 110 81 80 79 83 93 93 93 93 93 93 93 93 93 93 93 93 93 179 395 578 601 601 601 601 601 584 1346 3057 1130 1130 1130 1130 1130 1130 1129 806 695
26 26 26 26 26 26 27 100 125 126 126 126 126 126 126 126 126 126 126 126 141 230 267 267 267 267 267 267 267 267 267 267 267 267 267 250 192 188 188 188 188 188 175 130 87 78 78 78 78 78 78 78 78 78 78 78 78 78 78 78 78 78 78 84 90 93 93 93 93 128 352 540 546 540 535 536 604 606 606 599 572 574 548 516 526 605 728 907 1058 1139 1139 1112 800 413 244 339
26 26 26 26 26 26 26 26 35 70 127 127 127 127 127 127 127 127 127 177 260 269 269 269 269 269 269 269 269 269 269 269 269 269 269 269 249 192 190 189 159 112 79 78 78 78 78 78 78 78 78 78 78 78 78 78 78 78 78 78 78 78 78 78 78 84 381 454 448 582 611 611 550 542 545 535 544 532 539 544 571 563 585 611 611 611 611 611 723 1148 1137 359 246 246 246 246
26 26 26 26 26 26 26 26 29 198 253 263 264 235 202 185 188 190 225 271 271 271 271 271 271 271 271 271 271 271 271 271 271 271 271 271 271 240 141 95 79 79 79 79 79 79 79 79 79 79 79 79 79 79 79 79 79 79 79 79 79 79 79 79 79 79 151 567 564 563 551 470 299 282 262 242 221 201 181 181 260 340 420 495 502 523 615 609 732 1157 924 248 248 248 248 248
27 27 27 27 27 27 27 27 147 274 274 274 274 274 274 274 274 274 274 274 274 274 274 274 274 274 274 274 274 272 262 274 274 274 274 274 272 145 79 79 79 79 79 79 79 79 79 79 79 79 79 76 72 73 73 76 76 76 75 75 74 75 74 74 74 73 74 104 323 509 324 93 79 79 79 79 84 122 102 152 163 163 163 215 250 250 348 291 360 393 311 250 250 250 250 250
27 27 27 27 27 27 27 84 272 276 276 276 276 276 276 276 276 276 276 276 276 276 276 276 276 276 276 276 166 73 70 105 168 231 274 276 170 80 80 80 80 80 80 80 80 80 80 80 73 75 71 74 78 80 80 80 80 80 80 80 80 80 80 80 80 80 80 80 80 80 80 80 89 106 135 116 155 164 164 164 164 164 164 198 252 252 252 252 252 252 252 252 252 252 252 252
27 27 27 27 27 27 43 247 278 278 278 278 278 278 278 278 278 278 278 278 278 278 278 278 278 259 153 114 72 70 70 70 70 70 90 135 80 80 81 81 81 81 81 81 81 81 81 80 77 81 81 0 0 81 81 81 81 81 81 81 81 81 81 81 81 81 81 86 112 138 151 163 166 166 166 166 166 166 166 166 166 166 166 180 254 254 254 254 254 254 254 254 253 254 254 253
27 27 27 27 27 27 197 280 280 280 280 280 280 280 280 280 280 280 280 280 280 280 280 280 204 86 71 71 71 71 71 71 71 71 71 71 76 81 81 81 81 81 81 81 81 78 77 80 77 76 78 0 80 77 81 81 81 81 81 81 81 81 81 81 86 115 143 165 167 167 167 167 167 167 167 167 167 167 167 167 167 167 167 167 191 233 241 241 252 256 249 199 168 178 178 108
27 27 27 27 27 130 282 282 282 282 282 282 282 282 282 282 282 282 282 282 282 282 273 155 71 71 71 71 71 71 71 71 71 71 71 71 75 81 82 82 78 80 82 82 82 75 82 82 82 82 82 82 82 78 81 82 82 82 82 82 82 98 122 115 141 168 168 168 168 168 168 168 168 168 168 168 168 168 168 168 168 168 168 168 168 168 168 171 169 185 177 168 168 168 137 91
28 28 28 28 28 165 284 284 284 284 284 284 284 284 284 261 211 227 270 284 284 259 177 143 72 72 72 72 72 72 72 72 72 72 72 72 72 72 72 73 72 72 74 82 78 78 82 82 82 82 82 81 79 79 81 82 82 82 82 82 91 143 170 170 170 170 170 170 170 170 170 170 170 170 170 170 170 170 170 170 170 170 170 170 170 170 170 170 170 170 170 170 170 170 143 91
28 28 28 28 28 33 258 286 286 270 202 166 173 180 182 163 163 177 254 260 223 166 163 161 77 72 72 72 72 72 72 72 72 72 72 72 72 72 72 72 72 72 71 78 79 80 83 83 83 83 83 83 81 83 81 81 83 83 83 124 167 171 171 171 171 171 171 171 171 171 171 171 171 171 171 171 171 171 171 171 171 171 171 171 171 171 171 171 171 171 171 171 171 171 171 141
28 28 31 213 234 250 296 295 296 247 215 227 253 278 210 164 164 186 181 164 164 164 164 126 73 73 73 73 73 73 73 73 73 73 73 73 73 73 73 72 68 71 70 80 84 84 84 84 84 84 84 84 84 84 83 84 84 84 84 139 172 172 172 172 172 172 172 172 172 172 172 172 172 172 172 172 172 172 172 172 172 172 172 172 172 172 172 172 172 172 172 172 172 172 172 172
45 28 110 298 298 298 298 298 298 298 298 298 294 278 272 168 165 165 165 165 165 165 165 87 73 73 73 73 73 73 73 73 73 73 73 73 73 73 73 73 70 73 73 79 84 84 84 84 84 84 84 84 84 84 84 84 84 84 84 117 173 173 173 173 173 210 235 190 173 173 173 173 173 173 173 173 173 173 173 173 173 173 173 173 173 173 173 173 173 173 173 173 173 173 173 173
234 60 227 300 300 300 300 300 300 300 300 300 220 167 169 167 167 167 167 167 167 167 167 120 74 74 74 74 74 74 74 74 74 74 74 74 74 75 100 107 109 88 74 74 79 85 85 85 85 85 85 85 85 85 85 85 85 85 85 112 182 249 231 211 319 526 402 178 174 174 174 174 174 174 174 174 174 174 174 174 174 174 174 174 174 174 174 174 174 174 174 174 174 174 174 174
302 302 302 302 302 302 302 302 302 302 230 177 170 168 168 168 168 168 168 168 168 153 101 75 75 75 75 75 75 75 75 75 75 75 75 75 75 84 134 141 137 136 128 129 116 85 85 85 85 85 85 85 85 85 85 85 85 85 85 89 182 526 536 536 536 423 180 176 176 176 176 176 176 176 176 176 176 176 176 176 176 176 176 176 176 176 176 176 176 176 176 176 176 176 114 89
