dashboard/data/pop/popcount/gpw_pop_counts_hd_1995.asc
ncols 720 
nrows 360
xllcorner -180
yllcorner -90
cellsize .5
NODATA_value -99
[rows 0 to 59 of 360, columns 576 to 671 of 720]
-99 -99 -99 -99 -99 -99 -99 -99 -99 -99 -99 -99 -99 -99 -99 -99 -99 -99 -99 -99 -99 -99 -99 -99 -99 -99 -99 -99 -99 -99 -99 -99 -99 -99 -99 -99 -99 -99 -99 -99 -99 -99 -99 -99 -99 -99 -99 -99 -99 -99 -99 -99 -99 -99 -99 -99 -99 -99 -99 -99 -99 -99 -99 -99 -99 -99 -99 -99 -99 -99 -99 -99 -99 -99 -99 -99 -99 -99 -99 -99 -99 -99 -99 -99 -99 -99 -99 -99 -99 -99 -99 -99 -99 -99 -99 -99
-99 -99 -99 -99 -99 -99 -99 -99 -99 -99 -99 -99 -99 -99 -99 -99 -99 -99 -99 -99 -99 -99 -99 -99 -99 -99 -99 -99 -99 -99 -99 -99 -99 -99 -99 -99 -99 -99 -99 -99 -99 -99 -99 -99 -99 -99 -99 -99 -99 -99 -99 -99 -99 -99 -99 -99 -99 -99 -99 -99 -99 -99 -99 -99 -99 -99 -99 -99 -99 -99 -99 -99 -99 -99 -99 -99 -99 -99 -99 -99 -99 -99 -99 -99 -99 -99 -99 -99 -99 -99 -99 -99 -99 -99 -99 -99
-99 -99 -99 -99 -99 -99 -99 -99 -99 -99 -99 -99 -99 -99 -99 -99 -99 -99 -99 -99 -99 -99 -99 -99 -99 -99 -99 -99 -99 -99 -99 -99 -99 -99 -99 -99 -99 -99 -99 -99 -99 -99 -99 -99 -99 -99 -99 -99 -99 -99 -99 -99 -99 -99 -99 -99 -99 -99 -99 -99 -99 -99 -99 -99 -99 -99 -99 -99 -99 -99 -99 -99 -99 -99 -99 -99 -99 -99 -99 -99 -99 -99 -99 -99 -99 -99 -99 -99 -99 -99 -99 -99 -99 -99 -99 -99
-99 -99 -99 -99 -99 -99 -99 -99 -99 -99 -99 -99 -99 -99 -99 -99 -99 -99 -99 -99 -99 -99 -99 -99 -99 -99 -99 -99 -99 -99 -99 -99 -99 -99 -99 -99 -99 -99 -99 -99 -99 -99 -99 -99 -99 -99 -99 -99 -99 -99 -99 -99 -99 -99 -99 -99 -99 -99 -99 -99 -99 -99 -99 -99 -99 -99 -99 -99 -99 -99 -99 -99 -99 -99 -99 -99 -99 -99 -99 -99 -99 -99 -99 -99 -99 -99 -99 -99 -99 -99 -99 -99 -99 -99 -99 -99
-99 -99 -99 -99 -99 -99 -99 -99 -99 -99 -99 -99 -99 -99 -99 -99 -99 -99 -99 -99 -99 -99 -99 -99 -99 -99 -99 -99 -99 -99 -99 -99 -99 -99 -99 -99 -99 -99 -99 -99 -99 -99 -99 -99 -99 -99 -99 -99 -99 -99 -99 -99 -99 -99 -99 -99 -99 -99 -99 -99 -99 -99 -99 -99 -99 -99 -99 -99 -99 -99 -99 -99 -99 -99 -99 -99 -99 -99 -99 -99 -99 -99 -99 -99 -99 -99 -99 -99 -99 -99 -99 -99 -99 -99 -99 -99
-99 -99 -99 -99 -99 -99 -99 -99 -99 -99 -99 -99 -99 -99 -99 -99 -99 -99 -99 -99 -99 -99 -99 -99 -99 -99 -99 -99 -99 -99 -99 -99 -99 -99 -99 -99 -99 -99 -99 -99 -99 -99 -99 -99 -99 -99 -99 -99 -99 -99 -99 -99 -99 -99 -99 -99 -99 -99 -99 -99 -99 -99 -99 -99 -99 -99 -99 -99 -99 -99 -99 -99 -99 -99 -99 -99 -99 -99 -99 -99 -99 -99 -99 -99 -99 -99 -99 -99 -99 -99 -99 -99 -99 -99 -99 -99
-99 -99 -99 -99 -99 -99 -99 -99 -99 -99 -99 -99 -99 -99 -99 -99 -99 -99 -99 -99 -99 -99 -99 -99 -99 -99 -99 -99 -99 -99 -99 -99 -99 -99 -99 -99 -99 -99 -99 -99 -99 -99 -99 -99 -99 -99 -99 -99 -99 -99 -99 -99 -99 -99 -99 -99 -99 -99 -99 -99 -99 -99 -99 -99 -99 -99 -99 -99 -99 -99 -99 -99 -99 -99 -99 -99 -99 -99 -99 -99 -99 -99 -99 -99 -99 -99 -99 -99 -99 -99 -99 -99 -99 -99 -99 -99
-99 -99 -99 -99 -99 -99 -99 -99 -99 -99 -99 -99 -99 -99 -99 -99 -99 -99 -99 -99 -99 -99 -99 -99 -99 -99 -99 -99 -99 -99 -99 -99 -99 -99 -99 -99 -99 -99 -99 -99 -99 -99 -99 -99 -99 -99 -99 -99 -99 -99 -99 -99 -99 -99 -99 -99 -99 -99 -99 -99 -99 -99 -99 -99 -99 -99 -99 -99 -99 -99 -99 -99 -99 -99 -99 -99 -99 -99 -99 -99 -99 -99 -99 -99 -99 -99 -99 -99 -99 -99 -99 -99 -99 -99 -99 -99
-99 -99 -99 -99 -99 -99 -99 -99 -99 -99 -99 -99 -99 -99 -99 -99 -99 -99 -99 -99 -99 -99 -99 -99 -99 -99 -99 -99 -99 -99 -99 -99 -99 -99 -99 -99 -99 -99 -99 -99 -99 -99 -99 -99 -99 -99 -99 -99 -99 -99 -99 -99 -99 -99 -99 -99 -99 -99 -99 -99 -99 -99 -99 -99 -99 -99 -99 -99 -99 -99 -99 -99 -99 -99 -99 -99 -99 -99 -99 -99 -99 -99 -99 -99 -99 -99 -99 -99 -99 -99 -99 -99 -99 -99 -99 -99
-99 -99 -99 -99 -99 -99 -99 -99 -99 -99 -99 -99 -99 -99 -99 -99 -99 -99 -99 -99 -99 -99 -99 -99 -99 -99 -99 -99 -99 -99 -99 -99 -99 -99 -99 -99 -99 -99 -99 -99 -99 -99 -99 -99 -99 -99 -99 -99 -99 -99 -99 -99 -99 -99 -99 -99 -99 -99 -99 -99 -99 -99 -99 -99 -99 -99 -99 -99 -99 -99 -99 -99 -99 -99 -99 -99 -99 -99 -99 -99 -99 -99 -99 -99 -99 -99 -99 -99 -99 -99 -99 -99 -99 -99 -99 -99
0 0 0 0 0 0 0 0 0 0 0 0 0 0 0 0 0 0 0 0 0 0 0 0 0 0 0 0 0 0 0 0 0 0 0 0 0 0 0 0 0 0 0 0 0 0 0 0 0 0 0 0 0 0 0 0 0 0 0 0 0 0 0 0 0 0 0 0 0 0 0 0 0 0 0 0 0 0 0 0 0 0 0 0 0 0 0 0 0 0 0 0 0 0 0 0
0 0 0 0 0 0 0 0 0 0 0 0 0 0 0 0 0 0 0 0 0 0 0 0 0 0 0 0 0 0 0 0 0 0 0 0 0 0 0 0 0 0 0 0 0 0 0 0 0 0 0 0 0 0 0 0 0 0 0 0 0 0 0 0 0 0 0 0 0 0 0 0 0 0 0 0 0 0 0 0 0 0 0 0 0 0 0 0 0 0 0 0 0 0 0 0
0 0 0 0 0 0 0 0 0 0 0 0 0 0 0 0 0 0 0 0 0 0 0 0 0 0 0 0 0 0 0 0 0 0 0 0 0 0 0 0 0 0 0 0 0 0 0 0 0 0 0 0 0 0 0 0 0 0 0 0 0 0 0 0 0 0 0 0 0 0 0 0 0 0 0 0 0 0 0 0 0 0 0 0 0 0 0 0 0 0 0 0 0 0 0 0
0 0 0 0 0 0 0 0 0 0 0 0 0 0 0 0 0 0 0 0 0 0 0 0 0 0 0 0 0 0 0 0 0 0 0 0 0 0 0 0 0 0 0 0 0 0 0 0 0 0 0 0 0 0 0 0 0 0 0 0 0 0 0 0 0 0 0 0 0 0 0 0 0 0 0 0 0 0 0 0 0 0 0 0 0 0 0 0 0 0 0 0 0 0 0 0
0 0 0 0 0 0 0 0 0 0 0 0 0 0 0 0 0 0 0 0 0 0 0 0 0 0 0 0 0 0 0 0 0 0 0 0 0 0 0 0 0 0 0 0 0 0 0 0 0 0 0 0 0 0 0 0 0 0 0 0 0 0 0 0 0 0 0 0 0 0 0 0 0 0 0 0 0 0 0 0 0 0 0 0 0 0 0 0 0 0 0 0 0 0 0 0
0 0 0 0 0 0 0 0 0 0 0 0 0 0 0 0 0 0 0 0 0 0 0 0 0 0 0 0 0 0 0 0 0 0 0 0 0 0 0 0 0 0 0 0 0 0 0 0 0 0 0 0 0 0 0 0 0 0 0 0 0 0 0 0 0 0 0 0 0 0 0 0 0 0 0 0 0 0 0 0 0 0 0 0 0 0 0 0 0 0 0 0 0 0 0 0
0 0 0 0 0 0 0 0 0 0 0 0 0 0 0 0 0 0 0 0 0 0 0 0 0 0 0 0 0 0 0 0 0 0 0 0 0 0 0 0 0 0 0 0 0 0 0 0 0 0 0 0 0 0 0 0 0 0 0 0 0 0 0 0 0 0 0 0 0 0 0 0 0 0 0 0 0 0 0 0 0 0 0 0 0 0 0 0 0 0 0 0 0 0 0 0
0 0 0 0 0 0 0 0 0 0 0 0 0 0 0 0 0 0 0 0 0 0 0 0 0 0 0 0 0 0 0 0 0 0 0 0 0 0 0 0 0 0 0 0 0 0 0 0 0 0 0 0 0 0 0 0 0 0 0 0 0 0 0 0 0 0 0 0 0 0 0 0 0 0 0 0 0 0 0 0 0 0 0 0 0 0 0 0 0 0 0 0 0 0 0 0
0 0 0 0 0 0 0 0 0 0 0 0 0 0 0 0 0 0 0 0 0 0 0 0 0 0 0 0 0 0 0 0 0 0 0 0 0 0 0 0 0 0 0 0 0 0 0 0 0 0 0 0 0 0 0 0 0 0 0 0 0 0 0 0 0 0 0 0 0 0 0 0 0 0 0 0 0 0 0 0 0 0 0 0 0 0 0 0 0 0 0 0 0 0 0 0
0 0 0 0 0 0 0 0 0 0 0 0 0 0 0 0 0 0 0 0 0 0 0 0 0 0 0 0 0 0 0 0 0 0 0 0 0 0 0 0 0 0 0 0 0 0 0 0 0 0 0 0 0 0 0 0 0 0 0 0 0 0 0 0 0 0 0 0 0 0 0 0 0 0 0 0 0 0 0 0 0 0 0 0 0 0 0 0 0 0 0 0 0 0 0 0
0 0 0 0 0 0 0 0 0 0 0 0 0 0 0 0 0 0 0 0 0 0 0 0 0 0 0 0 0 0 0 0 0 0 0 0 0 0 0 0 0 0 0 0 0 0 0 0 0 0 0 0 0 0 0 0 0 0 0 0 0 0 0 0 0 0 0 0 0 0 0 0 0 0 0 0 0 0 0 0 0 0 0 0 0 0 0 0 0 0 0 0 0 0 0 0
0 0 0 0 0 0 0 0 0 0 0 0 0 0 0 0 0 0 0 0 0 0 0 0 0 0 0 0 0 0 0 0 0 0 0 0 0 0 0 0 0 0 0 0 0 0 0 0 0 0 0 0 0 0 0 0 0 0 0 0 0 0 0 0 0 0 0 0 0 0 0 0 0 0 0 0 0 0 0 0 0 0 0 0 0 0 0 0 0 0 0 0 0 0 0 0
0 0 0 0 0 0 0 0 0 0 0 0 0 0 0 0 0 0 0 0 0 0 0 0 0 0 0 0 0 0 0 0 0 0 0 0 0 0 0 0 0 0 0 0 0 0 0 0 0 0 0 0 0 0 0 0 0 0 0 0 0 0 0 0 0 0 0 0 0 0 0 0 0 0 0 0 0 0 0 0 0 0 0 0 0 0 0 0 0 0 0 0 0 0 0 0
0 0 0 0 0 0 0 0 0 0 0 0 0 0 0 0 0 0 0 0 0 0 0 0 0 0 0 0 0 0 0 0 0 0 0 0 0 0 0 0 0 0 0 0 0 0 0 0 0 0 0 0 0 0 0 0 0 0 0 0 0 0 0 0 0 0 0 0 0 0 0 0 0 0 0 0 0 0 0 0 0 0 0 0 0 0 0 0 0 0 0 0 0 0 0 0
0 0 0 0 0 0 0 0 0 0 0 0 0 0 0 0 0 0 0 0 0 0 0 0 0 0 0 0 0 0 0 0 0 0 0 0 0 0 0 0 0 0 0 0 0 0 0 0 0 0 0 0 0 0 0 0 0 0 0 0 0 0 0 0 0 0 0 0 0 0 0 0 0 0 0 0 0 0 0 0 0 0 0 0 0 0 0 0 0 0 0 0 0 0 0 0
0 0 0 0 0 0 0 0 0 0 0 0 0 0 0 0 0 0 0 0 0 0 0 0 0 0 0 0 0 0 0 0 0 0 0 0 0 0 0 0 0 0 0 0 0 0 0 0 0 0 0 0 0 0 0 0 0 0 0 0 0 0 0 0 0 0 0 0 0 0 0 0 0 0 0 0 0 0 0 0 0 0 0 0 0 0 0 0 0 0 0 0 0 0 0 0
7 7 8 7 7 8 7 0 0 0 0 0 0 0 0 0 0 0 0 0 0 0 0 0 0 0 0 0 0 0 0 0 0 0 0 0 0 0 0 0 0 0 0 0 0 0 0 0 0 0 0 0 0 0 0 0 0 0 0 0 0 0 0 0 0 0 0 0 0 0 0 0 0 0 0 0 0 0 0 0 0 0 0 0 0 0 0 0 0 0 0 0 0 0 0 0
16 16 16 16 16 16 16 16 15 0 8 0 0 0 0 0 0 0 0 0 0 0 0 0 0 0 0 0 0 0 0 0 0 0 0 0 0 0 0 0 0 0 0 0 0 0 0 0 0 0 0 0 0 0 0 0 0 0 0 0 0 53 0 0 0 0 0 0 0 0 0 0 0 0 0 0 0 0 0 0 0 0 0 0 0 0 0 0 0 0 0 0 0 0 0 0
17 17 17 17 17 17 17 17 16 13 14 8 0 0 0 0 0 0 0 0 0 0 0 0 0 0 0 0 0 0 0 0 0 0 0 0 0 0 0 0 0 0 0 0 0 0 0 0 0 0 0 0 0 0 0 58 0 0 0 142 151 151 151 138 94 0 150 151 141 105 96 103 0 0 0 0 0 0 0 0 0 0 0 0 0 0 0 0 0 0 0 0 0 0 0 0
17 17 17 17 17 17 17 17 17 17 13 0 0 0 0 0 0 0 0 0 0 0 0 0 0 0 0 0 0 0 0 0 0 0 0 0 0 0 0 0 0 0 0 0 0 0 0 0 0 0 0 0 0 0 0 0 0 0 95 153 156 156 156 156 156 156 156 156 155 156 156 137 144 82 0 0 0 0 26 31 29 16 0 0 0 0 0 0 0 0 0 0 0 0 0 0
18 18 18 18 18 17 13 11 9 4 0 0 0 0 0 0 0 0 0 0 0 0 0 0 0 0 0 0 0 0 0 0 0 0 0 0 0 0 0 0 0 0 0 0 0 0 0 0 0 0 0 0 0 0 0 0 0 0 0 0 74 94 0 0 54 40 28 0 39 46 36 0 0 0 0 0 0 0 0 0 16 19 19 17 13 0 0 0 0 0 0 0 0 0 0 0
18 18 16 0 0 0 0 0 0 0 0 0 0 0 0 0 0 0 0 0 0 0 0 0 0 0 0 0 0 0 0 0 0 0 0 0 0 0 0 0 0 0 0 0 0 0 0 0 0 0 0 0 0 0 0 0 0 0 0 0 0 0 0 0 0 90 0 0 0 0 0 0 0 0 0 0 0 0 0 0 0 0 0 0 0 0 0 0 0 0 0 0 0 0 0 0
0 0 0 0 0 18 41 30 25 30 29 0 0 0 0 24 20 18 0 0 0 0 0 0 0 0 0 0 0 0 0 0 34 34 0 0 0 0 0 0 0 0 0 0 0 0 0 0 0 0 0 0 0 0 0 0 0 0 0 0 0 0 0 0 0 56 120 136 131 97 0 0 0 0 0 0 0 0 0 0 0 0 0 0 0 0 0 0 0 0 0 0 0 0 0 0
8 13 15 17 24 52 61 61 61 61 0 51 61 61 61 61 61 61 62 64 62 0 0 0 0 0 0 0 0 0 0 65 71 71 71 67 68 58 0 0 0 29 0 0 0 0 0 0 0 0 0 0 0 0 0 0 0 0 0 0 0 0 0 0 0 0 0 0 0 0 107 0 0 0 0 0 0 0 0 0 0 0 0 0 0 0 0 0 0 0 0 0 0 0 0 0
20 20 20 20 20 39 61 63 63 63 63 63 63 63 63 63 63 63 63 63 64 67 68 68 72 68 65 67 67 66 64 73 73 73 73 73 73 0 0 73 73 70 0 0 0 0 0 0 0 0 0 0 0 0 0 0 0 0 0 0 0 0 0 0 0 22 111 0 0 0 0 0 0 0 0 0 0 0 0 0 0 0 0 0 0 0 0 0 0 0 0 0 0 0 0 0
21 21 21 21 21 21 32 49 51 48 58 0 65 65 65 65 56 51 48 40 53 53 46 39 35 56 75 75 75 75 75 75 75 75 75 75 75 75 75 75 75 0 0 0 0 0 0 0 0 0 0 0 0 0 0 0 0 0 0 0 0 0 0 0 161 183 187 187 187 187 185 162 136 124 117 109 86 0 0 0 0 0 0 0 0 0 0 0 0 0 0 0 0 0 0 0
21 21 21 21 21 21 21 21 13 13 33 64 67 67 56 29 13 13 13 13 13 13 13 13 13 17 35 54 76 77 77 77 77 77 77 77 77 77 68 76 77 0 0 0 0 0 0 0 0 135 0 0 0 0 0 0 0 0 0 0 0 0 0 0 191 192 192 192 192 170 66 44 44 44 44 44 44 44 44 44 44 44 0 32 0 0 0 0 0 0 0 0 0 0 0 0
22 22 22 22 22 22 22 22 19 14 13 35 69 63 28 13 13 13 13 13 13 13 13 13 13 13 13 13 33 79 79 79 79 79 79 79 79 79 69 78 79 79 72 0 0 0 0 0 184 197 196 168 145 159 197 197 197 195 177 108 175 197 176 0 196 197 197 197 195 66 46 46 46 46 46 46 45 39 42 46 46 46 46 44 46 41 0 0 0 0 0 0 0 0 0 0
22 22 22 22 20 18 16 15 13 13 15 31 35 25 14 13 13 13 13 13 13 13 13 13 13 15 20 49 77 81 81 81 81 81 81 81 77 77 72 76 81 81 81 81 74 57 40 72 143 202 202 202 202 202 0 0 202 202 202 193 187 200 202 202 202 202 198 0 59 47 47 47 47 47 47 47 46 45 45 43 47 47 47 47 47 47 46 43 53 89 94 102 119 133 137 137
23 23 21 16 14 14 14 14 14 14 14 14 14 14 14 14 14 14 14 14 14 14 14 14 42 81 83 83 83 83 83 83 83 83 83 70 74 82 83 83 83 83 83 83 83 83 83 83 95 110 170 207 207 207 207 207 207 207 207 207 207 207 207 207 207 204 79 48 48 48 48 48 48 48 48 48 48 48 48 48 48 48 48 48 48 48 48 48 0 140 140 140 140 140 140 140
18 18 16 14 14 14 14 14 14 14 14 14 14 14 14 14 14 14 14 14 14 14 0 14 54 85 85 85 85 85 85 85 85 81 76 83 85 85 85 85 85 85 85 85 85 85 85 85 85 85 125 187 179 181 192 190 187 205 212 212 212 212 212 212 212 212 205 188 128 57 57 58 52 49 49 50 49 0 49 49 49 49 50 55 61 67 72 70 121 143 143 143 143 143 0 143
14 14 14 14 14 14 14 14 14 14 14 14 14 14 14 14 14 14 14 14 14 14 14 27 48 48 44 60 76 83 87 87 80 71 83 87 87 87 87 87 87 87 87 87 87 87 85 76 71 63 48 163 180 180 180 180 180 191 204 209 217 217 217 217 217 217 217 161 144 106 92 92 90 91 84 90 80 63 72 73 74 82 89 89 89 89 88 84 98 108 107 111 132 144 147 0
15 15 15 15 15 15 15 15 15 15 15 15 15 15 15 15 15 15 15 15 15 15 15 15 26 43 43 43 43 43 46 47 48 43 44 54 62 63 61 58 56 49 54 55 44 50 41 39 39 39 39 163 184 184 184 184 184 184 184 184 207 222 222 222 222 222 222 184 98 95 95 95 95 95 95 95 95 95 95 94 94 93 91 91 91 91 91 82 0 91 91 91 91 80 80 108
15 15 15 15 15 15 15 15 15 15 15 15 15 15 15 15 15 15 15 15 15 21 24 39 44 44 44 44 44 44 39 36 44 44 44 44 44 44 40 40 40 40 40 40 40 40 40 40 40 40 40 176 188 188 188 188 188 188 188 188 188 198 227 227 227 227 158 97 97 97 97 97 97 97 97 97 97 97 97 96 95 94 94 88 94 91 75 68 0 90 94 94 94 82 81 94
15 15 15 15 15 15 15 15 15 15 15 15 15 15 15 15 15 15 15 21 35 43 45 45 45 45 45 45 45 43 36 44 42 45 45 45 45 45 43 41 41 41 41 41 41 41 41 41 41 41 41 189 193 193 193 193 193 193 193 166 188 201 192 157 103 96 100 89 94 98 99 99 99 99 99 99 99 99 98 101 116 119 114 97 96 96 96 91 95 96 96 0 94 93 96 90
16 16 16 16 16 16 16 16 16 16 16 16 16 16 16 16 16 16 16 25 32 38 57 46 46 46 46 46 46 46 31 44 46 46 46 46 46 46 45 42 42 42 42 42 42 42 42 42 42 42 102 197 197 197 197 197 197 197 197 197 187 197 126 62 61 61 61 61 61 0 74 90 101 101 98 81 76 84 67 69 100 150 150 147 142 124 105 98 98 98 98 98 98 98 98 98
173 231 127 16 55 115 155 194 170 108 35 16 16 16 16 16 16 16 16 16 21 104 344 542 295 58 47 47 47 47 42 37 47 47 47 47 47 47 45 43 43 43 43 43 43 43 43 43 43 77 196 201 201 201 201 201 201 0 201 201 201 201 201 181 147 98 62 62 62 62 62 62 67 78 66 62 62 62 62 73 92 137 153 153 153 153 153 140 110 100 100 100 100 100 100 100
382 382 323 287 379 382 382 382 382 382 283 35 16 16 16 16 16 16 16 16 420 625 626 626 626 146 48 48 48 48 48 31 43 48 48 48 48 66 203 166 196 194 181 149 45 44 44 44 77 189 205 205 205 205 205 205 205 205 205 205 205 205 200 142 122 73 63 63 63 63 63 63 63 63 63 63 63 63 65 149 156 156 156 156 156 156 156 156 155 135 121 106 111 120 118 119
389 373 389 389 389 389 389 389 381 133 17 17 17 17 17 17 17 17 17 104 538 638 638 638 563 57 49 49 49 49 49 48 0 49 49 49 49 54 173 229 229 229 229 229 212 156 98 128 206 209 209 209 209 207 206 202 200 199 200 202 203 203 203 121 65 65 65 65 65 65 65 65 65 65 65 65 65 65 65 133 159 159 159 159 159 159 159 159 159 159 159 149 145 155 155 155
397 397 397 397 397 397 397 397 349 55 17 17 17 17 17 26 20 29 418 719 724 670 651 651 651 588 133 0 50 50 50 50 0 45 118 141 152 191 233 233 233 233 233 233 233 233 231 216 213 213 211 210 207 203 203 203 203 203 203 203 203 203 217 334 355 346 297 249 200 141 71 66 66 66 66 66 66 66 66 79 139 162 162 162 162 162 162 162 162 160 159 158 158 158 158 158
404 404 404 404 404 404 404 404 404 369 220 147 19 244 521 688 632 659 738 738 738 732 665 663 663 663 663 607 473 351 230 206 0 312 159 0 233 238 238 238 238 238 238 238 238 238 238 236 219 213 207 207 207 207 207 207 207 207 207 207 207 207 261 381 420 420 420 420 420 420 397 303 153 67 67 67 67 67 67 77 164 167 165 194 165 165 165 165 165 162 161 161 161 161 161 161
231 382 412 412 412 412 412 412 412 412 412 412 573 746 752 752 752 752 752 752 752 752 687 675 675 675 675 675 664 665 675 675 621 485 248 0 218 214 229 242 242 242 242 242 242 242 242 242 241 219 211 211 211 211 211 203 209 211 211 211 211 211 211 229 394 428 428 428 428 428 428 428 415 360 323 232 256 315 247 224 672 850 785 885 528 646 657 267 164 164 164 164 164 164 165 200
190 318 404 419 417 419 419 419 419 419 419 498 624 633 683 761 765 765 765 765 765 765 760 692 687 687 687 687 0 687 687 398 246 244 227 246 246 246 230 220 211 234 233 246 579 530 454 541 401 214 214 214 214 214 214 214 214 214 214 214 214 214 214 214 254 436 436 436 436 436 436 436 436 436 457 777 903 907 907 906 940 915 907 984 1028 929 704 219 167 167 167 167 167 175 270 284
93 93 147 427 337 388 373 379 407 421 421 464 582 628 641 700 766 772 775 779 779 779 770 708 699 699 699 699 700 700 700 594 435 368 302 253 256 263 280 402 683 1723 1772 1449 1584 1568 1574 1620 1668 896 749 664 218 218 218 218 218 218 218 218 218 218 230 332 396 443 443 443 443 443 443 443 443 443 653 923 923 923 923 923 1115 1623 1602 1648 1687 1541 640 170 170 170 170 170 170 175 266 289
95 95 130 403 434 417 304 401 403 431 423 29174 645 646 650 650 650 650 652 685 722 732 736 702 711 711 711 711 710 691 638 610 652 569 540 341 323 323 323 501 1626 2348 2352 1877 1819 1719 1719 1719 1621 1181 1175 1106 306 222 222 222 222 222 222 222 222 222 235 405 450 445 451 451 451 451 451 451 451 451 569 939 939 939 937 939 939 1414 1716 1716 1716 1716 1617 728 263 173 173 173 187 253 290 294
97 97 106 262 414 400 341 441 441 441 441 10264 472 600 661 661 661 661 661 661 661 661 661 662 687 723 723 723 582 337 329 329 329 329 329 329 329 329 329 373 1165 43766 47232 44828 2933 3142 2370 2123 2266 1336 1194 1194 1192 1051 546 226 226 226 226 251 268 292 287 299 272 173 221 407 449 459 438 459 459 525 903 914 870 738 706 781 732 830 1323 1745 1745 1745 1745 1744 667 248 295 197 223 294 298 298
98 98 98 366 449 449 440 449 449 449 449 550 553 751 707 767 745 685 672 672 672 672 598 389 473 494 517 618 601 430 311 326 334 334 334 334 334 334 685 1671 1772 21075 45935 27631 4070 4070 3976 2638 2545 2303 1955 1918 1448 1214 0 262 252 250 256 303 308 308 307 231 171 171 171 171 199 230 176 227 269 185 223 180 468 690 690 690 690 690 703 911 1577 1773 1732 1684 1582 1573 1136 303 303 303 303 303
100 100 100 167 324 456 456 456 456 502 814 970 970 970 970 970 970 955 742 682 585 418 290 281 281 281 281 281 281 281 281 288 312 924 1132 1911 1970 1944 2067 2069 2062 2043 2126 2582 3679 3389 1542 972 1327 1159 1569 1322 989 565 374 312 312 312 312 312 291 221 186 173 173 173 173 173 173 173 173 173 173 173 173 173 179 504 596 693 701 702 702 702 865 1123 1702 1708 1708 1551 816 308 309 308 311 310
101 101 101 101 587 961 946 845 837 944 986 986 986 986 984 975 986 986 841 357 286 286 286 286 286 283 273 277 279 278 277 276 275 809 1771 1301 669 598 569 557 838 1170 1379 1685 2389 1567 901 901 876 761 319 317 317 317 317 317 317 317 317 317 260 176 176 176 176 176 176 176 176 176 176 176 176 176 176 203 246 315 318 388 354 558 588 586 712 729 1611 1613 1126 673 318 318 318 318 311 188
103 103 103 367 998 1001 1001 1001 1001 1001 1001 1001 985 745 358 299 498 706 371 290 290 290 290 289 277 274 283 290 290 290 290 290 290 295 370 429 476 527 589 597 597 641 915 915 915 915 914 914 517 322 322 322 322 322 322 322 322 322 322 322 241 179 179 179 179 179 179 179 179 179 179 179 179 178 179 247 263 311 323 323 323 323 323 323 612 1550 998 328 323 323 323 323 315 0 0 0
