dashboard/data/pop/popcount/gpw_pop_counts_hd_1995.asc
ncols 720 
nrows 360
xllcorner -180
yllcorner -90
cellsize .5
NODATA_value -99
[rows 0 to 59 of 360, columns 480 to 575 of 720]
-99 -99 -99 -99 -99 -99 -99 -99 -99 -99 -99 -99 -99 -99 -99 -99 -99 -99 -99 -99 -99 -99 -99 -99 -99 -99 -99 -99 -99 -99 -99 -99 -99 -99 -99 -99 -99 -99 -99 -99 -99 -99 -99 -99 -99 -99 -99 -99 -99 -99 -99 -99 -99 -99 -99 -99 -99 -99 -99 -99 -99 -99 -99 -99 -99 -99 -99 -99 -99 -99 -99 -99 -99 -99 -99 -99 -99 -99 -99 -99 -99 -99 -99 -99 -99 -99 -99 -99 -99 -99 -99 -99 -99 -99 -99 -99
-99 -99 -99 -99 -99 -99 -99 -99 -99 -99 -99 -99 -99 -99 -99 -99 -99 -99 -99 -99 -99 -99 -99 -99 -99 -99 -99 -99 -99 -99 -99 -99 -99 -99 -99 -99 -99 -99 -99 -99 -99 -99 -99 -99 -99 -99 -99 -99 -99 -99 -99 -99 -99 -99 -99 -99 -99 -99 -99 -99 -99 -99 -99 -99 -99 -99 -99 -99 -99 -99 -99 -99 -99 -99 -99 -99 -99 -99 -99 -99 -99 -99 -99 -99 -99 -99 -99 -99 -99 -99 -99 -99 -99 -99 -99 -99
-99 -99 -99 -99 -99 -99 -99 -99 -99 -99 -99 -99 -99 -99 -99 -99 -99 -99 -99 -99 -99 -99 -99 -99 -99 -99 -99 -99 -99 -99 -99 -99 -99 -99 -99 -99 -99 -99 -99 -99 -99 -99 -99 -99 -99 -99 -99 -99 -99 -99 -99 -99 -99 -99 -99 -99 -99 -99 -99 -99 -99 -99 -99 -99 -99 -99 -99 -99 -99 -99 -99 -99 -99 -99 -99 -99 -99 -99 -99 -99 -99 -99 -99 -99 -99 -99 -99 -99 -99 -99 -99 -99 -99 -99 -99 -99
-99 -99 -99 -99 -99 -99 -99 -99 -99 -99 -99 -99 -99 -99 -99 -99 -99 -99 -99 -99 -99 -99 -99 -99 -99 -99 -99 -99 -99 -99 -99 -99 -99 -99 -99 -99 -99 -99 -99 -99 -99 -99 -99 -99 -99 -99 -99 -99 -99 -99 -99 -99 -99 -99 -99 -99 -99 -99 -99 -99 -99 -99 -99 -99 -99 -99 -99 -99 -99 -99 -99 -99 -99 -99 -99 -99 -99 -99 -99 -99 -99 -99 -99 -99 -99 -99 -99 -99 -99 -99 -99 -99 -99 -99 -99 -99
-99 -99 -99 -99 -99 -99 -99 -99 -99 -99 -99 -99 -99 -99 -99 -99 -99 -99 -99 -99 -99 -99 -99 -99 -99 -99 -99 -99 -99 -99 -99 -99 -99 -99 -99 -99 -99 -99 -99 -99 -99 -99 -99 -99 -99 -99 -99 -99 -99 -99 -99 -99 -99 -99 -99 -99 -99 -99 -99 -99 -99 -99 -99 -99 -99 -99 -99 -99 -99 -99 -99 -99 -99 -99 -99 -99 -99 -99 -99 -99 -99 -99 -99 -99 -99 -99 -99 -99 -99 -99 -99 -99 -99 -99 -99 -99
-99 -99 -99 -99 -99 -99 -99 -99 -99 -99 -99 -99 -99 -99 -99 -99 -99 -99 -99 -99 -99 -99 -99 -99 -99 -99 -99 -99 -99 -99 -99 -99 -99 -99 -99 -99 -99 -99 -99 -99 -99 -99 -99 -99 -99 -99 -99 -99 -99 -99 -99 -99 -99 -99 -99 -99 -99 -99 -99 -99 -99 -99 -99 -99 -99 -99 -99 -99 -99 -99 -99 -99 -99 -99 -99 -99 -99 -99 -99 -99 -99 -99 -99 -99 -99 -99 -99 -99 -99 -99 -99 -99 -99 -99 -99 -99
-99 -99 -99 -99 -99 -99 -99 -99 -99 -99 -99 -99 -99 -99 -99 -99 -99 -99 -99 -99 -99 -99 -99 -99 -99 -99 -99 -99 -99 -99 -99 -99 -99 -99 -99 -99 -99 -99 -99 -99 -99 -99 -99 -99 -99 -99 -99 -99 -99 -99 -99 -99 -99 -99 -99 -99 -99 -99 -99 -99 -99 -99 -99 -99 -99 -99 -99 -99 -99 -99 -99 -99 -99 -99 -99 -99 -99 -99 -99 -99 -99 -99 -99 -99 -99 -99 -99 -99 -99 -99 -99 -99 -99 -99 -99 -99
-99 -99 -99 -99 -99 -99 -99 -99 -99 -99 -99 -99 -99 -99 -99 -99 -99 -99 -99 -99 -99 -99 -99 -99 -99 -99 -99 -99 -99 -99 -99 -99 -99 -99 -99 -99 -99 -99 -99 -99 -99 -99 -99 -99 -99 -99 -99 -99 -99 -99 -99 -99 -99 -99 -99 -99 -99 -99 -99 -99 -99 -99 -99 -99 -99 -99 -99 -99 -99 -99 -99 -99 -99 -99 -99 -99 -99 -99 -99 -99 -99 -99 -99 -99 -99 -99 -99 -99 -99 -99 -99 -99 -99 -99 -99 -99
-99 -99 -99 -99 -99 -99 -99 -99 -99 -99 -99 -99 -99 -99 -99 -99 -99 -99 -99 -99 -99 -99 -99 -99 -99 -99 -99 -99 -99 -99 -99 -99 -99 -99 -99 -99 -99 -99 -99 -99 -99 -99 -99 -99 -99 -99 -99 -99 -99 -99 -99 -99 -99 -99 -99 -99 -99 -99 -99 -99 -99 -99 -99 -99 -99 -99 -99 -99 -99 -99 -99 -99 -99 -99 -99 -99 -99 -99 -99 -99 -99 -99 -99 -99 -99 -99 -99 -99 -99 -99 -99 -99 -99 -99 -99 -99
-99 -99 -99 -99 -99 -99 -99 -99 -99 -99 -99 -99 -99 -99 -99 -99 -99 -99 -99 -99 -99 -99 -99 -99 -99 -99 -99 -99 -99 -99 -99 -99 -99 -99 -99 -99 -99 -99 -99 -99 -99 -99 -99 -99 -99 -99 -99 -99 -99 -99 -99 -99 -99 -99 -99 -99 -99 -99 -99 -99 -99 -99 -99 -99 -99 -99 -99 -99 -99 -99 -99 -99 -99 -99 -99 -99 -99 -99 -99 -99 -99 -99 -99 -99 -99 -99 -99 -99 -99 -99 -99 -99 -99 -99 -99 -99
0 0 0 0 0 0 0 0 0 0 0 0 0 0 0 0 0 0 0 0 0 0 0 0 0 0 0 0 0 0 0 0 0 0 0 0 0 0 0 0 0 0 0 0 0 0 0 0 0 0 0 0 0 0 0 0 0 0 0 0 0 0 0 0 0 0 0 0 0 0 0 0 0 0 0 0 0 0 0 0 0 0 0 0 0 0 0 0 0 0 0 0 0 0 0 0
0 0 0 0 0 0 0 0 0 0 0 0 0 0 0 0 0 0 0 0 0 0 0 0 0 0 0 0 0 0 0 0 0 0 0 0 0 0 0 0 0 0 0 0 0 0 0 0 0 0 0 0 0 0 0 0 0 0 0 0 0 0 0 0 0 0 0 0 0 0 0 0 0 0 0 0 0 0 0 0 0 0 0 0 0 0 0 0 0 0 0 0 0 0 0 0
0 0 0 0 0 0 0 0 0 0 0 0 0 0 0 0 0 0 0 0 0 0 0 0 0 0 0 0 0 0 0 0 0 0 0 0 0 0 0 0 0 0 0 0 0 0 0 0 0 0 0 0 0 0 0 0 0 0 0 0 0 0 0 0 0 0 0 0 0 0 0 0 0 0 0 0 0 0 0 0 0 0 0 0 0 0 0 0 0 0 0 0 0 0 0 0
0 0 0 0 0 0 0 0 0 0 0 0 0 0 0 0 0 0 0 0 0 0 0 0 0 0 0 0 0 0 0 0 0 0 0 0 0 0 0 0 0 0 0 0 0 0 0 0 0 0 0 0 0 0 0 0 0 0 0 0 0 0 0 0 0 0 0 0 0 0 0 0 0 0 0 0 0 0 0 0 0 0 0 0 0 0 0 0 0 0 0 0 0 0 0 0
0 0 0 0 0 0 0 0 0 0 0 0 0 0 0 0 0 0 0 0 0 0 0 0 0 0 0 0 0 0 0 0 0 0 0 0 0 0 0 0 0 0 0 0 0 0 0 0 0 0 0 0 0 0 0 0 0 0 0 0 0 0 0 0 0 0 0 0 0 0 0 0 0 0 0 0 0 0 0 0 0 0 0 0 0 0 0 0 0 0 0 0 0 0 0 0
0 0 0 0 0 0 0 0 0 0 0 0 0 0 0 0 0 0 0 0 0 0 0 0 0 0 0 0 0 0 0 0 0 0 0 0 0 0 0 0 0 0 0 0 0 0 0 0 0 0 0 0 0 0 0 0 0 0 0 0 0 0 0 0 0 0 0 0 0 0 0 0 0 0 0 0 0 0 0 0 0 0 0 0 0 0 0 0 0 0 0 0 0 0 0 0
0 0 0 0 0 7 10 0 0 0 0 0 0 0 0 0 0 0 0 0 0 0 0 0 0 0 0 0 0 0 0 0 0 0 0 0 0 0 0 0 0 0 0 0 0 0 0 0 0 0 0 0 0 0 0 0 0 0 0 0 0 0 0 0 0 0 0 0 0 0 0 0 0 0 0 0 0 0 0 0 0 0 0 0 0 0 0 0 0 0 0 0 0 0 0 0
5 0 0 0 0 0 0 0 0 0 0 0 0 0 0 0 0 0 0 0 0 0 0 0 0 0 0 0 0 0 0 0 0 0 0 0 0 0 0 0 0 0 0 0 0 0 0 0 0 0 0 0 0 0 0 0 0 0 0 0 0 0 0 0 0 0 0 0 0 0 0 0 0 0 0 0 0 0 0 0 0 0 0 0 0 0 0 0 0 0 0 0 0 0 0 0
0 0 0 26 0 9 23 22 23 20 0 0 0 0 0 0 0 0 0 0 0 0 0 0 0 0 0 0 0 0 0 0 0 0 0 0 0 0 0 1 1 0 0 0 0 0 0 0 0 0 0 0 0 0 0 0 0 0 0 0 0 0 0 0 0 0 4 5 6 6 6 6 6 5 3 0 0 0 0 0 0 0 0 0 0 0 0 0 0 0 0 0 0 0 0 0
0 10 0 0 0 0 0 0 0 0 0 0 0 0 0 0 0 0 0 0 0 0 0 0 0 0 0 0 0 0 0 0 0 0 0 0 0 0 0 0 0 0 0 0 0 0 0 0 0 0 0 0 0 0 0 0 0 0 0 0 0 0 0 2 3 4 5 6 5 5 5 5 5 5 4 0 0 0 0 0 0 0 0 0 0 0 0 0 0 0 0 0 0 0 0 0
0 0 0 0 0 0 0 0 0 0 0 0 0 0 0 0 0 0 0 0 0 0 0 0 0 0 0 0 0 0 0 0 0 1 0 0 0 0 0 0 0 0 0 0 0 0 0 0 0 0 0 0 0 0 0 0 0 0 0 0 0 0 0 0 0 0 0 0 4 6 6 6 6 6 6 5 5 6 6 5 0 0 0 0 0 0 0 0 0 0 0 0 0 0 0 0
0 0 0 0 0 0 0 0 0 0 0 0 0 0 0 0 0 0 0 0 0 0 0 0 0 0 0 0 0 0 0 0 0 0 0 0 0 0 0 0 0 0 0 0 0 0 0 0 0 0 0 0 0 0 0 0 0 0 0 0 0 0 0 0 0 0 0 0 0 0 6 6 6 6 6 6 6 6 6 0 0 0 0 4 4 4 0 0 0 0 0 0 0 0 0 0
0 0 0 0 0 0 0 0 0 0 0 0 0 0 0 0 0 0 0 0 0 0 0 0 0 0 0 0 0 0 0 0 0 0 0 0 0 0 0 0 0 0 0 0 0 0 0 0 0 0 0 0 0 0 0 0 0 0 0 0 0 0 0 0 0 0 0 0 0 0 0 0 0 0 0 0 0 0 0 0 0 4 6 7 7 6 7 7 6 4 3 0 0 0 0 0
0 0 0 0 0 0 0 0 0 0 0 0 0 0 0 0 0 0 0 0 0 0 0 0 0 0 0 0 0 0 0 0 0 0 0 0 0 0 0 0 0 0 0 0 0 0 0 0 0 0 0 0 0 0 0 0 0 0 0 0 0 0 0 0 0 0 0 0 0 0 0 0 0 0 0 0 0 0 0 0 6 6 5 4 4 4 4 4 3 2 0 0 0 0 0 0
0 0 0 0 0 0 0 0 0 0 0 0 0 0 0 0 0 0 0 0 0 0 0 0 0 0 0 0 0 0 0 0 0 0 0 0 0 0 0 0 0 0 0 0 0 0 0 0 0 0 0 0 0 0 0 0 0 0 0 0 0 0 0 0 0 0 0 0 0 0 0 0 0 0 0 0 0 0 0 0 0 0 0 0 0 0 0 0 0 0 0 0 0 0 0 0
0 0 0 0 0 0 0 0 0 0 0 0 0 0 0 0 0 0 0 0 0 0 0 0 0 0 0 0 0 0 0 0 0 0 0 0 0 0 0 0 0 0 0 0 0 0 0 0 0 0 0 0 0 0 0 0 0 0 0 0 0 0 0 0 0 0 0 0 0 0 0 0 2 0 0 0 0 0 0 0 0 0 0 3 6 7 8 8 7 7 6 4 0 0 0 0
0 0 0 0 0 0 0 0 0 0 0 0 32 44 52 57 55 35 0 0 0 0 0 0 0 0 0 0 0 0 0 0 0 0 0 0 0 0 0 0 0 0 0 0 0 0 0 0 0 0 0 0 0 0 0 0 0 0 0 0 0 0 0 0 0 0 0 0 0 1 1 1 0 0 0 0 0 0 0 0 0 0 6 8 8 8 8 8 8 8 8 8 8 0 0 0
0 0 30 33 0 26 29 38 40 51 58 60 60 55 47 0 0 0 0 0 0 0 0 0 0 0 0 0 0 0 0 0 0 0 0 0 0 0 0 0 0 0 0 0 0 0 0 0 0 0 0 0 0 0 0 0 0 0 0 0 0 0 0 0 0 0 0 0 0 3 0 4 3 0 0 0 0 4 5 6 8 8 8 8 8 8 9 12 13 14 14 15 16 15 16 16
59 61 62 62 62 60 50 41 35 0 0 0 0 0 0 0 0 0 0 0 0 0 0 0 0 0 0 0 0 0 0 0 0 0 0 0 0 0 0 0 0 0 0 0 0 0 0 0 0 0 0 0 0 0 0 0 0 0 0 0 0 0 0 0 0 5 7 8 8 9 9 8 8 7 8 8 9 9 9 9 9 9 9 11 12 14 16 17 17 17 17 17 17 17 17 17
63 53 34 0 0 0 0 0 0 0 0 0 0 0 0 0 0 0 0 0 0 0 0 0 0 0 0 0 0 0 0 0 0 0 0 0 0 0 0 0 0 0 0 0 2 0 0 0 0 0 0 0 0 0 0 0 0 0 8 8 9 9 9 9 9 9 9 9 9 9 9 9 9 9 9 9 9 9 9 0 15 17 17 17 17 17 17 17 17 17 17 17 17 17 17 17
24 0 0 0 0 0 0 0 0 0 0 0 0 0 0 0 0 0 0 0 0 0 0 0 0 0 0 0 0 0 0 0 0 0 0 0 0 0 0 0 0 0 0 0 0 0 0 0 0 0 0 0 0 0 8 9 9 9 9 9 9 9 9 9 9 9 9 9 9 9 9 9 9 9 9 9 9 9 9 9 10 0 18 18 18 18 18 18 0 18 18 18 18 18 18 18
0 0 0 0 0 0 0 0 0 0 0 0 0 0 0 0 0 0 0 0 0 0 0 0 0 0 0 0 0 0 0 0 0 0 0 0 0 0 0 0 0 0 0 0 0 0 0 0 0 0 0 0 0 0 8 9 9 9 9 9 9 9 9 9 9 9 9 9 9 9 9 9 9 9 9 10 11 11 11 0 17 18 18 18 18 18 18 18 18 18 18 18 18 18 0 0
0 0 0 0 0 0 0 0 0 0 0 0 0 0 0 0 0 0 0 0 0 0 0 0 0 0 0 0 0 0 0 0 0 0 0 0 0 0 0 0 0 0 0 0 3 3 3 3 4 5 4 6 7 8 9 10 10 10 10 10 10 10 10 10 10 10 10 10 10 10 10 10 11 14 17 0 19 19 19 19 19 19 19 19 19 19 19 19 19 19 19 19 18 17 15 14
0 0 0 0 0 0 0 0 0 0 0 0 0 0 0 0 0 0 0 0 0 85 60 0 0 0 0 0 0 0 0 0 0 0 0 0 0 0 0 0 0 0 10 10 10 10 10 10 10 10 10 10 10 10 10 10 30 59 66 71 75 79 29 16 15 13 13 14 13 11 12 0 19 19 0 19 19 19 19 19 19 0 19 19 19 19 19 19 19 19 19 19 0 0 0 0
0 0 0 0 0 0 0 0 0 0 0 0 0 0 0 0 0 0 0 86 84 84 85 78 64 0 0 0 0 0 68 0 0 0 0 0 0 3 6 0 0 0 10 10 10 10 10 10 10 10 10 78 161 159 160 188 204 204 204 204 204 204 0 74 20 20 20 20 20 20 20 20 20 20 20 20 20 20 20 20 20 20 20 20 20 20 20 20 20 20 19 0 19 20 20 20
0 0 0 0 0 0 0 0 0 0 0 0 0 0 0 0 0 0 114 114 114 114 114 114 114 0 0 0 0 0 116 0 0 0 0 0 0 56 0 0 0 0 0 4 8 24 29 31 25 29 25 30 89 64 54 76 98 132 209 210 210 210 210 205 135 94 23 21 21 21 21 21 21 21 21 21 21 21 21 21 21 21 21 21 21 21 21 21 21 21 21 21 21 21 21 21
0 0 0 0 0 0 0 0 0 0 0 0 0 0 0 0 0 113 118 118 118 118 118 115 0 0 0 0 119 135 92 0 0 134 117 0 119 135 129 105 51 35 0 0 0 24 18 33 36 36 36 36 36 36 36 36 36 124 209 215 215 215 215 215 215 215 139 21 21 21 21 21 21 21 21 21 21 21 21 21 21 21 21 21 21 21 21 21 21 21 21 21 21 21 21 21
0 0 0 0 0 0 0 0 0 0 0 0 0 0 78 0 121 121 121 121 121 121 121 113 53 0 0 119 139 139 116 0 50 57 82 84 101 132 103 83 61 39 37 37 27 0 14 37 37 37 37 37 37 37 37 37 100 187 221 221 221 221 221 221 221 221 188 43 22 22 22 22 22 22 22 22 22 22 22 22 22 22 22 22 22 22 22 22 22 22 22 22 22 22 22 22
0 0 0 0 0 0 0 0 0 0 0 0 0 0 75 124 124 124 124 124 124 124 124 124 124 62 0 0 0 142 142 136 141 0 142 140 122 133 141 142 142 83 38 38 0 28 17 0 38 38 38 38 67 87 42 38 55 148 0 227 227 227 227 227 227 227 178 57 22 22 22 22 22 22 22 22 22 22 22 22 22 22 22 22 22 22 22 22 22 22 22 22 22 22 22 22
0 0 0 0 0 0 0 0 0 0 0 0 0 0 56 127 127 0 127 127 103 96 126 127 124 0 0 0 123 146 146 146 146 146 146 146 146 146 130 89 57 44 39 38 34 0 25 36 39 39 39 61 143 232 222 166 231 232 232 232 232 232 232 232 232 217 174 23 23 23 23 23 23 23 23 23 23 23 23 23 23 23 23 23 23 23 23 23 23 23 23 23 23 23 23 23
61 0 55 0 0 0 0 0 0 0 0 0 0 0 95 120 129 128 126 130 118 115 127 130 130 27 0 99 149 149 149 149 149 149 149 149 149 146 75 43 40 40 40 40 40 39 35 33 33 60 206 209 238 238 227 127 228 238 238 229 212 230 238 195 32 23 23 23 23 23 23 23 23 23 21 19 19 19 18 17 19 21 21 22 23 23 23 23 23 23 23 23 23 22 22 21
0 61 89 89 89 89 89 89 87 55 0 0 0 0 0 0 0 133 126 133 127 133 133 133 126 0 0 0 113 116 97 73 93 123 153 153 153 153 153 133 102 88 86 104 76 45 41 41 41 179 244 212 218 244 244 238 0 235 200 220 231 221 219 228 148 50 24 23 23 23 19 18 16 15 15 15 15 15 15 15 15 15 15 15 15 17 17 18 17 16 17 17 15 14 14 14
0 58 89 91 91 91 91 91 91 97 104 116 113 89 53 0 0 0 130 136 136 136 136 136 130 92 43 0 0 179 237 286 468 278 0 100 156 156 156 156 156 156 156 156 156 114 67 52 86 222 249 224 224 249 249 249 249 249 249 219 215 227 231 231 240 249 234 200 54 18 15 15 15 15 15 15 15 15 15 15 15 15 15 15 15 15 15 15 15 15 15 15 15 15 15 15
93 93 93 93 93 93 93 292 3592 6753 5478 121 122 122 122 115 71 119 139 139 139 136 128 139 139 139 65 0 0 0 360 530 553 555 248 74 152 160 160 160 0 160 160 160 159 146 223 255 255 255 255 293 330 239 252 0 216 210 242 222 206 216 222 235 235 161 73 91 21 15 15 15 15 0 15 15 15 15 15 15 15 15 15 15 13 15 15 15 15 15 15 15 15 15 15 15
95 95 95 95 95 203 4216 7363 11519 11519 10986 8866 1739 124 124 124 124 126 140 142 142 142 131 124 142 112 0 0 0 0 323 323 338 391 264 159 149 141 160 163 163 163 163 162 134 113 132 201 256 260 736 1599 1402 1076 0 162 244 260 260 260 260 260 255 190 58 16 16 16 16 15 16 0 16 16 16 16 16 16 16 16 16 16 16 16 16 16 16 16 16 16 16 16 16 16 15 15
178 156 135 1171 4439 8307 11765 11765 11765 11765 7679 3415 183 127 127 127 127 127 135 145 145 145 145 144 0 0 0 0 301 330 330 331 411 547 574 541 398 164 159 161 167 167 167 167 155 118 112 102 131 180 671 1638 1595 1346 1487 1201 721 248 131 133 148 130 58 16 15 14 15 15 16 16 16 16 16 16 16 16 16 16 16 16 16 16 16 16 16 16 16 16 16 16 16 16 16 16 16 16
2534 2534 2534 3078 9675 12009 12009 10229 6610 3241 149 130 34205 31656 130 130 130 151 112 109 109 131 0 0 0 0 0 296 337 337 337 433 592 592 592 592 591 529 363 170 170 170 170 144 110 105 112 118 118 118 0 0 1544 1417 1497 168 112 116 118 108 54 17 16 16 16 16 16 14 16 16 16 16 16 16 16 16 16 16 16 16 16 16 16 16 16 16 16 16 16 16 16 16 68 48 96 107
2585 2585 2585 2585 2587 5090 4468 318 219 219 210 202 146 132 132 132 132 141 204 284 0 0 0 0 215 343 343 343 343 343 343 393 502 101684 604 604 604 604 545 204 105 106 110 103 102 102 105 119 120 120 120 220 753 987 330 108 120 112 39 32 17 17 17 17 17 17 17 17 16 17 17 17 17 17 17 17 17 17 17 17 17 17 17 17 17 17 17 17 17 17 17 17 200 382 382 382
2636 2636 2636 2551 1655 817 223 223 223 223 207 223 223 199 163 135 135 135 145 258 338 350 350 350 35227 16682 350 350 350 350 380 500 585 616 616 616 616 616 613 399 125 104 104 104 104 104 104 111 116 123 123 123 123 123 123 110 112 57 17 17 17 17 17 17 17 17 17 17 17 17 17 17 17 17 17 17 17 17 17 17 17 17 17 17 17 17 17 17 17 17 17 17 43 318 389 389
2536 2686 1949 702 408 298 227 227 227 227 227 227 227 227 226 198 169 137 137 137 149 316 357 357 357 357 357 357 357 357 381 526 627 627 627 627 627 627 621 438 199 106 106 106 106 106 106 106 108 124 125 125 125 125 125 111 123 120 73 17 17 17 17 17 17 17 17 17 17 17 17 17 17 17 17 17 17 17 17 17 17 17 17 17 17 17 17 17 17 17 17 18 138 333 397 397
547 827 438 438 438 288 232 232 232 232 235 242 234 232 232 232 210 141 140 140 189 364 364 364 364 364 364 364 364 364 404 590 639 639 639 639 639 639 639 518 108 108 108 108 108 108 108 108 108 109 115 118 127 127 127 113 127 127 95 67 37 20 17 18 18 18 18 18 18 18 18 18 18 18 18 18 18 18 18 18 18 18 18 18 18 18 18 18 18 18 18 131 391 404 404 404
446 446 446 446 446 446 427 342 375 410 441 382 256 275 250 243 253 252 258 251 268 344 370 370 370 370 370 370 434 615 651 651 651 651 651 651 651 644 601 209 102 102 110 110 110 110 110 110 110 110 110 113 130 130 128 117 130 130 130 130 130 120 94 83 18 18 18 18 18 18 18 18 18 18 18 18 18 18 18 17 18 18 18 18 18 18 18 18 18 18 18 32 62 61 178 215
454 454 454 454 454 454 454 454 454 454 403 0 284 18424 284 284 284 284 284 284 284 308 340 369 377 377 399 539 656 29016 663 663 663 663 663 663 663 663 652 312 112 112 112 112 112 112 112 112 112 112 119 131 132 132 121 128 132 132 132 132 132 132 132 130 60 50 58 35 18 18 18 18 18 18 18 18 18 18 18 18 18 18 18 18 18 18 18 18 18 18 18 18 18 69 78 91
462 462 462 462 462 462 462 462 462 1000 1611 1253 511 289 289 289 289 289 289 305 352 413 494 655 802 910 940 851 815 712 98484 783 725 675 675 675 675 675 664 469 490 356 119 114 114 114 114 114 114 114 114 129 134 134 126 126 131 134 132 134 134 134 134 110 89 89 89 67 57 52 33 20 19 19 19 19 19 19 19 23 33 30 37 30 31 27 19 19 19 19 19 19 28 88 93 93
470 470 470 470 470 470 470 470 470 1049 0 1867 1703 1106 707 395 467 459 466 506 508 543 1063 1117 1117 1117 1117 1117 1117 1117 1117 1117 1117 474 480 606 674 628 620 604 488 391 359 257 267 256 137 119 116 116 125 136 137 137 137 137 128 130 134 137 137 134 116 96 91 91 91 91 91 91 91 85 51 65 82 85 54 50 49 89 78 70 70 70 70 59 51 46 42 20 19 19 45 94 95 95
478 478 478 1035 1358 1505 1544 1832 1927 1746 64793 1899 1785 1899 1570 563 517 517 517 517 523 723 0 1136 1136 1136 1123 1136 1136 49912 1115 1119 911 395 394 47455 396 394 394 394 394 394 394 394 394 394 385 0 310 160 139 139 139 139 139 139 139 135 129 139 128 96 92 90 90 92 92 92 92 92 92 92 92 92 92 92 92 92 92 83 75 71 71 71 71 71 71 71 71 44 19 19 34 93 97 97
1112 1131 2864 3646 3647 3647 3647 3647 3647 3065 2734 2621 1930 1930 1921 1388 547 525 525 525 606 1035 1154 1154 1154 1154 997 1120 1154 830 13473 401 401 401 401 401 401 401 401 401 401 0 401 401 0 401 401 401 401 340 259 201 141 141 141 141 141 141 135 133 136 119 90 94 94 93 93 94 94 94 94 94 94 94 94 94 94 94 93 74 72 72 72 72 72 72 72 72 72 53 20 45 94 98 98 98
2156 2156 2156 2356 2815 3466 3706 3706 3706 3706 3486 2272 1144 1089 719 534 0 534 36216 534 534 589 1233 1213 1312 97520 152207 113051 1173 1009 31585 407 7699 391 407 407 407 407 368 0 407 407 407 407 407 407 410 407 407 411 449 505 455 426 425 335 358 162 141 122 142 127 96 96 113 330 298 117 144 219 114 96 96 96 96 96 96 96 94 75 73 73 73 73 73 73 73 73 72 62 92 100 100 100 100 100
4206 2190 2190 2190 2190 2449 3718 3314 2614 1822 1048 1003 991 747 633 542 542 560 619 557 883 1489 1615 1615 1615 39645 2454 1192 1192 905 517 414 42099 247366 454 474 470 475 473 452 460 469 452 447 436 478 533 534 518 564 573 573 573 573 573 573 573 493 326 321 345 365 362 338 496 596 596 596 596 596 425 97 97 97 97 97 97 97 96 91 92 75 74 74 74 74 74 74 74 98 101 101 101 101 101 101
11378 2763 2533 1316 859 966 1123 1005 1019 41333 1019 1019 1019 1019 949 628 649 986 0 621 1087 1638 1640 1640 1640 1636 1426 1210 1210 1176 585 423 420 458 521 521 47350 521 521 521 521 521 527 547 551 551 551 551 551 568 582 582 582 582 582 582 582 582 582 581 541 574 582 598 605 605 605 605 605 605 175 99 99 99 99 99 99 99 190 313 86 76 76 76 76 76 76 76 76 80 88 102 103 103 103 103
