dashboard/data/pop/popcount/gpw_pop_counts_hd_1995.asc
ncols 720 
nrows 360
xllcorner -180
yllcorner -90
cellsize .5
NODATA_value -99
[rows 60 to 119 of 360, columns 576 to 671 of 720]
105 105 197 942 1016 1016 1016 1016 1016 1016 1016 897 403 272 272 272 272 272 288 295 292 295 285 290 287 292 286 294 295 295 309 360 461 582 606 606 606 606 606 606 606 606 688 742 780 717 618 465 327 327 0 327 327 327 327 327 327 327 315 262 212 182 182 182 182 182 182 182 182 182 182 182 182 173 182 182 182 189 321 328 328 324 228 0 0 99882 9709 328 328 328 328 328 181 0 0 0
106 106 234 1010 1019 861 849 822 728 971 857 614 281 276 276 276 276 276 276 277 276 283 284 299 299 298 291 294 299 336 517 615 615 615 615 615 615 615 615 615 615 615 615 615 615 615 615 494 352 323 214 197 229 261 225 69 115 132 123 132 159 184 184 184 184 184 184 184 144 0 0 0 0 0 0 51 0 0 0 0 0 0 0 0 0 0 0 0 287 332 248 223 228 206 0 0
124 624 1033 1134 1089 992 1054 778 649 645 630 519 280 280 280 280 280 280 280 279 270 284 303 304 304 304 304 303 304 383 624 624 657 695 624 624 624 624 624 624 624 624 624 624 624 624 624 624 512 81 45 45 45 45 45 45 45 45 45 45 121 187 187 187 187 187 181 92 0 0 0 0 0 0 0 0 0 0 0 0 0 0 0 0 0 0 0 0 0 0 0 0 0 0 0 0
860 1081 1151 1151 1151 963 693 642 639 639 625 443 284 284 284 284 284 284 293 439 428 375 333 308 308 308 308 308 308 336 1031 1368 1631 846 633 633 633 633 633 633 633 633 633 633 633 633 633 500 132 45 45 45 45 45 45 45 45 45 45 45 45 66 101 178 188 0 0 0 0 0 0 0 0 0 0 0 0 0 0 0 0 0 0 0 0 0 0 0 0 0 0 0 0 0 0 0
1167 1187 1167 1167 1167 967 648 648 648 648 482 288 21015 288 288 288 288 288 416 514 512 514 397 316 312 312 312 312 312 659 1855 1957 1805 1034 1016 1140 705 642 642 642 642 642 642 642 642 642 642 436 46 46 46 46 46 46 46 46 46 46 46 46 46 46 46 52 26 0 0 0 0 0 0 0 0 0 0 0 0 0 0 0 0 0 0 0 0 0 0 0 0 0 0 0 0 0 0 0
1356 1426 1245 1199 1183 979 658 675 657 657 650 322 292 292 292 291 292 292 310 454 521 521 521 387 322 367 337 317 386 1647 1984 1984 1984 1984 1984 1984 1981 1856 1315 699 759 821 883 830 655 654 660 100 47 47 47 47 47 47 47 47 47 47 47 47 47 44 0 0 0 0 0 0 0 0 0 0 0 0 0 0 0 0 0 0 0 0 0 0 0 0 0 0 0 0 0 0 0 0 0 0
1455 1375 1263 1108 918 873 822 856 1321 2238 1563 894 1145 629 295 460 466 452 495 517 528 528 528 573 700 710 685 551 703 1805 1977 2011 2011 2011 2011 2011 2011 2011 2011 2011 2011 2011 2011 2006 1892 1830 1924 834 47 47 47 47 47 47 47 47 47 47 47 47 0 0 0 0 0 0 0 0 0 0 0 0 0 0 0 0 0 0 0 0 0 0 0 0 0 0 0 0 0 0 0 0 0 0 0 0
1474 1231 908 870 870 870 870 870 908 2929 3202 3202 3114 798 298 384 535 536 535 535 535 535 535 535 638 719 717 719 719 719 767 888 1622 2038 2038 2038 2038 2038 2038 2038 2038 2038 2038 2038 2038 1942 410 48 48 48 48 48 48 48 48 48 48 48 47 0 0 0 0 0 0 0 0 0 0 0 0 0 0 0 0 0 0 0 0 0 0 0 0 0 0 0 0 0 0 0 0 0 0 0 0 0
1493 1245 29539 509 872 881 948 881 881 1609 2749 1426 1000 302 302 390 606 622 580 553 542 542 410 202 186 169 350 633 729 729 729 729 746 940 953 1314 1627 1490 1512 1443 1432 1900 1480 1371 1418 1458 278 244 262 110 52 52 54 50 52 49 47 31 0 0 0 0 0 0 0 0 0 0 0 0 0 0 0 0 0 0 0 0 0 0 0 0 0 0 0 0 0 0 0 0 0 0 0 0 0 268
1512 1172 0 394 893 1527 2638 2009 480 443 292 306 306 306 306 313 389 557 651 650 367 173 80 76 76 76 76 130 738 738 738 738 738 57511 738 632 511 511 511 511 511 511 511 511 511 511 511 511 416 199 61 61 61 61 61 43 13 0 0 0 0 0 0 0 0 0 0 0 0 0 0 0 0 0 0 0 0 0 0 0 0 0 0 0 0 0 0 0 0 0 0 0 0 0 0 368
1369 769 0 699 1293 2727 2738 1126 310 310 310 310 310 310 310 310 321 462 659 629 117 77 77 77 77 77 127 220 718 747 916 748 747 747 747 633 517 517 510 0 0 478 514 517 517 517 416 162 62 62 62 62 62 62 43 12 12 0 0 0 0 0 0 0 0 0 0 0 0 0 0 0 0 0 0 0 0 0 0 0 0 0 0 0 0 0 0 0 0 0 0 0 0 0 0 300
1390 0 0 1487 2800 3144 2088 327 313 313 313 313 313 323 491 638 666 667 663 315 111 656 408 785 1156 1926 2349 2695 2109 2933 3796 2635 1333 757 882 1073 524 524 518 0 492 524 524 524 522 276 105 63 63 63 63 63 63 63 63 63 63 36 0 0 0 18 175 0 0 0 0 0 0 0 0 0 0 0 0 0 0 0 0 0 0 0 0 0 0 0 0 0 0 0 0 0 0 0 0 0
0 0 0 4226 4226 4182 1417 317 381 630 587 699 529 650 676 676 676 676 755 2250 3073 2546 2544 2546 2546 2546 2546 2956 4159 4159 4438 4257 4159 3607 3777 3780 1912 529 32848 530 530 530 530 530 532 449 391 64 64 64 69 67 155 130 64 64 64 48 0 0 24 412 2013 2314 1888 0 0 0 0 35591 0 0 0 0 0 0 0 0 0 0 0 0 0 0 0 0 0 0 0 0 0 0 0 0 0 0
0 2645 4392 4486 4259 1928 650 973 1207 1257 1257 1204 1366 793 683 683 1197 3505 6651 7211 4856 3227 3571 2476 1994 3534 4059 6647 8654 8725 9078 9231 9770 7265 7023 4223 3598 1040 635 536 536 650 1144 1106 787 783 750 392 430 443 629 773 779 577 81 64 97 188 222 133 275 381 423 1184 2278 38239 1182 0 1887 2181 0 0 0 0 0 0 0 0 0 0 0 0 0 0 0 0 0 0 0 0 0 0 0 0 0 0
4117 4210 3593 3329 3220 1919 1235 1239 1271 1271 1271 1811 5814 4241 1358 2455 9445 7301 6864 5304 4532 3948 2701 1350 3310 4946 5805 8749 9203 9185 9302 13286 13964 13964 13964 8081 4095 3731 2997 1518 850 1260 1369 1351 849 792 792 792 792 792 866 894 807 541 383 281 378 386 386 386 386 487 750 950 1556 2196 0 0 2298 2420 0 0 0 0 0 0 0 0 0 0 0 0 0 0 0 0 0 0 0 0 0 0 0 0 0 0
9396 7345 3262 3419 3027 2329 2606 2314 3463 5740 357888 7127 7329 8633 10511 10045 12413 8887 4752 4288 4011 2602 1986 1450 2358 4280 5156 12218 16801 12314 11824 13050 14004 14473 11130 7396 5437 1548 1208 27516 1208 1356 1384 1329 1005 906 801 801 801 920 1123 1321 1311 775 409 390 382 651 1839 1325 1286 1556 1572 1371 1511 1851 1450 1515 2355 2921 0 0 0 0 0 0 0 0 0 0 0 0 0 0 0 0 0 0 0 0 0 0 0 0 0 0
16258 14436 10096 5230 5228 5183 4902 4789 5461 5619 6479 7797 8510 8825 14630 17118 11674 28941 4635 5274 2247 1447 2440 2970 4015 5063 5859 15890 18230 15782 12819 13266 14889 14958 10936 6282 6226 2643 2086 3166 3664 1837 1400 1400 1400 1341 1049 1066 1181 1335 1335 1335 1335 1417 1465 1817 1807 2298 2821 2451 1644 1590 1590 1550 0 0 0 0 2606 2945 0 0 0 0 0 0 0 0 0 0 0 0 0 0 0 0 0 0 0 0 0 0 0 0 0 0
12113 32308 5232 4924 4850 4825 4466 4210 3881 4522 6732 8579 9575 9354 9085 12537 15917 12152 4490 4191 3589 5970 3753 3831 6153 8160 14939 18431 18431 17143 15117 8774 8098 6747 4400 5203 6459 5510 3880 5598 93125 15580 7143 2175 2482 2343 1559 1350 1350 1350 1350 1350 1709 2813 2852 2852 2784 2740 2782 2575 2346 2233 1797 1659 1607 0 0 0 0 6435 3548 0 0 0 0 0 0 0 0 0 0 0 0 0 0 0 0 0 0 0 0 0 0 0 0 0
8474 5048 4040 3460 3280 2988 3607 3914 3980 4358 4551 4716 7201 9736 9671 14882 16330 8543 6599 4343 5267 9517 8386 5390 8054 17569 20034 25226 21967 17051 16994 15626 25545 4448 4448 15844 43226 19388 15595 16935 95281 14841 7922 6113 3650 3583 1365 1365 1365 1365 1365 1365 1549 2642 2883 3052 2924 57731 258752 2606 2606 3020 3765 3728 3238 0 0 0 21194 7017 6100 0 0 0 0 0 0 0 0 0 0 0 0 0 0 0 0 0 0 0 0 0 0 0 0 0
3714 1690 1583 1583 1583 1722 3517 3136 3049 3595 3594 3408 3949 4283 5390 4938 6965 42475 6818 4310 74297 7856 8221 5688 5511 9403 31190 29638 19516 17175 17175 52041 86158 12321 15479 52789 22154 22101 20513 229462 22434 14594 17293 16815 9082 5894 3627 1379 1379 1379 1776 3130 3826 5085 4469 4393 3724 62465 2761 2634 2634 2862 3785 3810 3768 0 0 0 2564 5347 4905 0 0 0 0 0 0 0 0 0 0 0 0 0 0 0 0 0 0 0 0 0 0 0 0 1187
1970 1600 1600 1689 1703 1989 2515 2266 2274 2400 2493 2233 2227 2227 2269 2764 2320 4368 51379 42068 4311 6225 6451 6424 6424 12966 31941 31682 26087 17355 17355 17355 20960 36350 51554 60892 42658 24580 26838 24000 15934 14289 24963 40037 4970 3763 3357 1394 1395 2086 4878 5262 5262 4306 3672 3641 2681 1938 1741 2170 2462 3301 3362 3847 3685 0 0 0 6187 5131 4861 4941 0 0 0 0 0 0 0 0 0 0 0 0 0 0 0 0 0 0 0 0 0 0 0 0
5876 4337 2438 2476 2474 2447 2584 2656 2362 2250 2250 2250 2250 2250 2250 2250 2555 3006 2777 67200 4738 6482 6778 117633 111152 33053 32414 29622 17686 29874 34912 25015 48500 57975 60332 61707 64582 57608 45860 21023 10920 11039 16888 11901 3802 3832 4480 3979 5253 5094 5447 5316 5314 4396 3385 2057 1619 1619 1619 1619 1689 3248 3889 3814 2864 0 0 0 27553 6566 25465 1892 0 0 0 0 0 0 0 0 0 0 0 0 0 0 0 0 0 0 0 0 0 0 0 0
10917 5754 2789 2789 2789 2789 2789 2789 2607 2272 2272 2272 2272 2272 2272 2335 2962 3023 1314 3593 4456 6838 14056 15153 15153 20699 32741 32735 39528 59403 59867 58917 58997 162723 146661 152497 72259 76286 72520 11830 11030 11197 36728 40589 20186 8377 6238 6264 6420 90198 8061 7237 7020 5626 258937 4646 2503 1991 3561 2655 2157 3359 3494 3347 35669 0 0 0 10103 11384 0 0 0 0 0 0 0 0 0 0 0 0 0 0 0 0 0 0 0 0 0 0 0 0 0 0
15741 3889 2817 2817 2817 2817 2817 2817 2797 2340 2295 2295 2295 2295 2295 2774 3066 3066 3066 3979 4434 4528 10203 13907 15303 17183 31795 41474 42830 55859 60459 94807 139760 214644 255413 281236 188424 152440 137237 73732 40737 64905 84397 99692 56213 28167 5106 7202 9293 8376 15409 23630 20783 8891 360691 4562 3722 3425 3787 1614 1466 3002 3379 2256 0 0 0 0 6532 4440 0 0 0 0 0 0 0 0 0 0 0 0 0 0 0 0 0 0 0 0 0 0 0 0 0 0
13195 2844 2844 2844 2844 2844 2844 2844 2712 2316 2162 2186 2310 2317 2321 2610 2572 2503 2719 1725 2319 3030 4215 4736 17717 33459 51234 55220 55220 85357 151044 417053 289037 172710 280067 319879 313472 252335 259727 185850 158948 138070 100220 122742 151421 65397 34366 44378 0 49967 51710 36919 24388 14059 9565 4093 4059 4059 4041 2822 1483 2592 1849 0 0 0 0 0 10168 0 0 0 0 0 0 0 0 0 0 0 0 0 0 0 0 0 0 0 0 0 0 0 0 0 0 0
15730 5666 3170 2871 2871 2871 2871 2533 1824 1769 1769 1769 1861 2212 2339 2339 2339 2339 2339 2339 2339 2339 2525 17266 34615 44100 54018 64379 70962 189801 223317 664083 452715 143592 218281 319360 334697 381180 275612 143585 143254 125251 86035 135042 400062 211666 132940 117928 110807 111499 86973 45393 25326 10150 8963 4098 4098 4076 3714 2554 1331 1107 0 0 0 0 0 0 63024 131688 0 0 0 0 0 0 0 0 0 0 0 0 0 0 0 0 0 0 0 0 0 0 0 0 0 0
16679 16679 6931 2898 2898 2898 2388 1816 1785 1785 1785 1785 1785 1838 2180 2302 2361 2361 2375 2433 2666 2740 2600 10987 34940 34940 39856 68341 76210 91597 150761 152666 88759 485871 334191 311128 378819 525824 459243 151262 134808 135799 120200 222554 736768 254564 457867 163176 104658 95566 73368 44860 26930 3459 3325 3426 3600 3426 3300 3054 1114 0 0 0 0 0 0 0 21554 113495 0 0 0 0 0 0 0 0 0 0 0 0 0 0 0 0 0 0 0 0 0 0 0 0 0 0
3568 5219 2451 2500 2561 2548 1765 1760 1798 1802 1802 1802 1802 1802 1802 1845 2263 2798 2889 3037 3037 3037 3021 11598 35263 35263 40266 150246 148125 62328 142918 140123 121234 357500 314945 395326 414929 514761 491061 251064 132148 90903 119783 172257 196555 211613 327487 117853 84045 80462 70223 45998 3274 3114 3044 2835 2843 2900 2731 1626 0 0 0 0 0 0 0 0 12873 0 0 0 0 0 0 0 0 0 0 0 0 0 0 0 0 0 0 0 0 0 0 0 0 0 0 0
1737 1721 1712 1712 1712 1712 1712 1766 1818 1818 1818 1818 1818 1818 1818 1906 2642 3065 3046 2922 3065 3065 7611 36794 41348 55400 120560 146437 175088 390398 156017 157295 215587 275889 343561 392670 1513536 2225612 397361 311032 225737 159537 150805 143097 155571 256824 492773 127441 110288 75697 63462 49599 4533 3045 2805 2798 2798 1823 1237 0 0 0 0 0 0 0 0 0 0 0 0 0 0 0 0 0 0 0 0 0 0 0 0 0 0 0 0 0 0 0 0 0 0 0 0 0
1747 1727 1727 1727 1727 1727 1727 1760 1859 1835 1835 1835 2163 3207 2999 3009 3092 3430 3630 5070 5473 5237 31903 44800 36106 39715 49199 92090 129769 176650 158981 187671 0 295105 360736 432817 535866 444648 364422 178130 164163 161243 124546 120231 170142 755690 289067 111157 0 82154 80976 11902 6948 4989 3333 3187 2059 1054 0 0 0 0 0 0 0 0 0 105585 81179 0 0 0 0 0 0 0 0 0 0 0 1006 0 0 0 0 0 0 0 0 0 0 0 0 0 0 0
1752 1742 1742 1742 1742 1742 1743 1974 2035 1996 1973 2821 3467 3498 4835 12490 14531 7182 6770 6770 6770 9997 74410 48946 38326 36336 37823 43076 80789 91062 120443 185350 211876 302346 411220 486552 540222 545838 305738 260916 155472 134733 191715 462998 121886 118085 49154 20971 0 72884 15421 17154 7040 6304 8980 56254 1594 0 0 0 0 0 0 0 0 0 0 0 159393 89203 0 0 0 0 0 0 0 0 1447 0 0 0 0 0 0 0 0 0 0 0 0 0 0 0 0 0
1757 1757 1757 1757 1757 1757 1782 2026 2052 2052 2052 2242 3384 3528 5411 18771 17861 9386 13514 29555 48694 66997 120179 61716 48081 39205 88341 89957 93814 110595 178698 239097 247214 432068 630405 547246 485553 330703 310034 273698 135039 128524 151321 387481 114852 66776 59783 34571 45009 40703 84168 11616 5426 12254 17723 6054 0 0 0 0 0 0 0 0 0 0 0 102212 160766 160766 131290 0 0 0 0 0 0 0 0 0 0 0 0 0 0 0 0 0 0 0 0 0 0 0 0 0
1711 1772 1772 1772 1772 1772 1772 6195 10043 2716 2241 2070 2319 3497 4805 12824 19220 19650 32027 69896 96420 40869 79916 71075 50218 69055 177673 241654 359100 256321 127996 298665 490768 540118 2177966 532246 396372 1421932 169877 142563 95057 117545 111455 79839 74669 64449 40510 191714 26566 24463 12851 6947 5574 6393 4374 0 0 0 0 0 0 0 0 0 0 0 0 151099 162127 162127 162127 162127 155781 0 0 0 0 0 0 0 0 0 0 0 0 0 0 0 0 0 0 0 0 0 0 0
1615 1787 1787 1787 1787 5573 13404 7759 8272 6699 6650 3709 2087 2538 5958 6838 17376 28184 33338 36582 73528 65067 64042 69315 82475 116195 113347 139493 120982 76928 87736 388817 733848 513702 485425 394772 303701 196768 171582 111578 91112 81856 119345 144741 75394 77203 49772 349449 419464 27788 59074 12558 8283 0 0 0 0 0 0 0 0 0 0 0 0 0 80568 163475 163475 163475 163475 163475 163475 158289 88037 0 0 0 0 0 0 0 0 0 0 0 0 0 0 0 0 0 0 0 0 0
1205 1801 1801 3676 7305 18933 20293 18022 7380 6754 6754 7118 9960 22084 24069 17933 17933 31847 35661 77419 152000 121157 135415 138566 151269 119044 97628 99958 159127 191342 327575 500823 481613 362762 739122 495698 364239 210953 154699 122314 72287 98739 284465 404361 184230 0 15582 0 0 0 0 0 0 0 0 0 0 0 0 0 0 0 0 0 99856 151386 157017 132361 164799 164811 164328 0 0 0 0 0 0 0 0 0 0 0 0 0 0 0 0 0 0 0 0 0 0 0 0 0
12427 12070 12378 14367 14481 16873 20456 20456 18872 12621 29533 39418 49513 81196 56509 39225 41030 72625 130270 140355 320304 335232 318921 198911 158922 218059 230215 712952 300931 397490 611731 923108 402081 267802 327662 366369 329754 227539 156588 116599 74776 110533 210338 262070 175766 0 0 0 0 0 0 0 0 0 0 0 0 0 0 0 0 0 0 0 123193 0 0 0 0 0 0 0 0 0 0 0 0 0 0 0 0 0 0 0 0 0 0 0 0 0 0 0 0 0 0 0
13850 13850 14034 14614 14595 14700 18505 20617 48827 102023 154129 171871 174557 184537 149018 135476 92349 114880 159302 153330 212874 299182 290569 268659 471730 371373 353059 774986 613335 600934 3851863 2127545 423887 184345 182045 318699 609315 187732 126094 108520 103324 174762 272165 164889 0 0 0 0 0 0 0 0 0 0 0 0 0 0 0 0 0 0 0 0 0 81184 0 0 0 0 0 0 0 0 0 0 0 0 0 0 0 0 0 0 0 0 0 0 0 0 0 0 0 0 0 0
117682 53944 57327 79781 80142 66272 59290 163345 151740 147403 346532 200949 185990 207950 162848 135056 109131 103573 144635 321077 288033 324513 384319 399252 446737 615448 1083183 654171 780179 1483625 1747652 1153489 209614 187968 202451 180201 167243 163725 130841 131522 109914 199411 274274 0 0 0 0 0 0 0 0 0 0 0 0 0 0 0 0 0 0 0 0 0 0 129430 0 0 0 0 0 0 0 0 0 0 0 0 0 0 0 0 0 0 0 0 0 0 0 0 0 0 0 0 0 0
72411 77616 188637 733981 638922 243054 267250 758078 350582 185364 282459 224198 272681 847689 449585 170317 236635 325341 308873 409717 313689 321277 421538 437005 583628 639200 0 0 1052608 944609 502193 263380 240424 174219 233474 181198 169378 170283 276363 184787 221734 361170 197662 0 0 0 0 0 0 0 0 0 0 0 0 0 0 0 0 0 0 0 0 0 257838 311834 277296 0 0 0 0 0 0 0 0 0 0 0 0 0 0 0 0 0 0 0 0 0 0 0 0 0 0 0 0 0
17247 17247 76060 94629 102972 182532 219339 128530 137746 344634 1087686 351088 307868 323101 311846 464487 2346974 1115298 814161 682302 664850 677145 474253 688677 382006 0 0 0 552015 674686 300753 327100 978066 378810 458248 343609 200190 342606 405549 357981 344028 0 0 0 0 0 0 0 0 0 0 0 0 0 0 0 0 0 0 0 0 0 0 0 254713 261167 271323 140984 0 0 0 0 0 0 0 0 0 0 0 0 0 0 0 0 0 0 0 0 0 0 0 0 0 0 0 0
15383 16819 75375 110275 98360 79901 89368 125129 162011 318534 517027 352336 283618 316102 418926 815508 4401121 2290610 1230159 1191400 2438048 1160668 810747 0 0 0 0 582728 708463 515268 327061 0 0 0 409727 517974 583464 530653 387816 0 0 0 0 0 0 0 0 0 0 0 0 0 0 0 0 0 0 0 0 0 0 0 0 0 229092 238045 220721 212589 0 0 0 0 0 0 0 0 0 0 0 0 0 0 0 0 0 0 0 0 0 0 0 0 0 0 0 0
12740 17036 33495 64336 92837 130856 199458 162939 288591 349083 304805 261461 201072 429604 688688 1433184 1459283 1336679 5541898 808374 597159 588822 0 0 0 0 0 814994 0 50093 0 0 0 0 0 1354504 1057745 537316 297504 0 0 0 0 0 0 0 0 0 0 0 0 0 0 0 0 0 0 0 0 0 0 0 0 0 251899 235789 222314 182182 0 0 0 0 0 0 0 0 0 0 0 0 0 0 0 0 0 0 0 0 0 0 0 0 0 0 0 0
13162 20343 47844 113218 106448 127151 211433 146517 277815 483986 312501 328751 460403 1092479 1888902 1741370 1438425 974150 773339 0 0 0 0 0 0 0 0 0 0 0 0 0 0 0 797557 1484640 1089387 430084 305873 290677 0 0 0 0 0 0 0 0 0 0 0 0 0 0 0 0 0 0 0 0 0 0 0 198260 323632 617061 567870 0 0 0 0 0 0 0 0 0 0 0 0 0 0 0 0 0 0 0 0 0 0 0 0 0 0 0 0 0
14124 24895 134372 143262 220223 253087 254943 211892 349644 445597 310524 536878 1836649 2446962 1857719 1329204 1239395 1313507 747751 0 0 0 0 0 0 0 0 0 0 0 0 0 0 0 580722 569158 527158 594565 547740 231017 205814 0 0 0 0 0 0 0 0 0 0 0 0 0 0 0 0 0 0 0 0 0 0 402207 366700 712005 213242 0 0 0 0 0 0 0 0 0 0 0 0 0 0 0 0 0 0 0 0 0 0 0 0 0 0 0 0 0
45098 84342 161542 250144 383036 425422 317548 409292 1432941 1520270 509119 703753 811887 1781303 1423659 1113202 1169910 1183666 1293380 840290 524749 307167 0 0 0 744455 0 0 0 0 0 0 0 0 0 0 0 4800977 5773574 490262 190127 159062 0 0 0 0 0 0 0 0 0 0 0 0 0 0 0 0 0 0 0 160501 461259 393968 381285 459682 0 0 0 0 0 0 0 0 0 0 0 0 0 0 0 0 0 0 0 0 0 0 0 0 0 0 0 0 0 0
89663 119614 161282 251308 308840 327225 297852 831592 831632 478419 214173 311974 912463 1503287 1285379 1234090 1300963 1113683 1211165 1238452 1091594 1092210 413710 0 1047499 1015914 1259247 832022 1005342 0 0 0 0 0 0 0 0 3750720 3330315 831426 265972 208485 0 0 0 0 0 0 0 0 0 0 0 0 0 0 0 0 0 0 204544 457076 435721 442003 407153 381308 0 0 0 0 0 0 0 0 0 0 0 0 0 0 0 0 0 0 0 0 0 0 0 0 0 0 0 0 0 0
77069 81642 155674 204992 173862 139212 228815 632602 250336 365390 353967 622681 1907298 1813114 1375821 1595768 1246163 1967762 1870822 1662975 1964022 1385179 1465054 1068471 1140821 1209991 595817 0 0 0 0 0 0 0 0 0 0 558294 958270 441986 397073 359202 255988 0 0 0 0 0 0 0 0 0 0 0 0 0 0 0 413739 516727 432817 629785 745470 765472 873179 0 0 0 0 0 0 0 0 0 0 0 0 0 0 0 0 0 0 0 0 0 0 0 0 0 0 0 0 0 0 0
100885 95233 92515 174104 125349 151121 590221 838275 138477 603275 1182613 812807 0 1886712 1748589 1728111 1388310 1531474 1615358 1388428 1118257 1235446 1302419 1317045 2095729 0 0 0 0 0 0 0 0 0 0 0 0 487342 1491136 444762 360877 404885 289834 0 0 0 0 0 0 0 37987 0 0 0 0 0 0 613704 520793 432579 415366 954923 2409290 1659078 1116852 0 0 0 0 0 0 0 0 0 0 0 0 0 0 0 0 0 0 0 0 0 0 0 0 0 0 0 0 0 0 0
318843 133010 143529 129690 228126 663935 1047096 713339 258292 690020 659112 1062014 1554329 1625322 1831184 1693577 1680278 1989926 1597461 1356403 1036310 0 1070922 888092 0 0 0 0 0 0 0 0 0 0 0 0 0 444309 575964 680290 576509 2724591 469670 0 0 0 0 0 0 0 0 0 0 0 0 0 535408 495956 489830 409564 476406 1287927 9511443 7588453 2301706 0 0 0 0 0 0 0 0 0 0 0 0 0 0 0 0 0 0 0 0 0 0 0 0 0 0 0 0 0 0 0
440620 426149 663473 739802 736996 1001993 764646 453344 629835 1033593 1839028 2121428 1354551 1659938 1756191 1761127 1764295 1757552 1656101 1335811 1694539 1529489 1186165 0 0 0 0 0 0 0 0 0 0 0 0 0 0 1681007 506150 728680 839378 1257322 0 0 0 0 0 0 0 267083 427201 592511 720777 1618783 1559397 1046026 706583 1700858 2106211 1333173 919765 991257 4316902 2395196 0 0 0 0 0 0 0 0 0 0 0 0 0 0 0 0 0 0 0 0 0 0 0 0 0 0 0 0 0 0 0 0
804358 1053412 1470111 1132355 879323 797435 733746 737237 2044687 2011714 1837926 2677202 1839997 1610222 1687286 1716803 1688632 1838392 1617144 1839837 1770416 1441671 1172814 0 0 0 0 0 0 0 0 0 0 0 0 0 159725 404774 323274 0 0 0 0 0 0 0 0 143592 502397 761986 805496 684692 702168 0 0 4794057 865248 0 0 0 0 0 0 0 0 0 0 0 0 0 0 0 0 0 0 0 0 0 0 0 0 0 0 0 0 0 0 0 0 0 0 0 0 0 0 0
1331939 3547394 2507586 797258 495676 482397 414583 536006 891018 1404957 1779752 2277494 1708023 1871244 1950005 1922758 1722933 1738988 2475682 1794525 1529244 1597373 1485712 1200540 0 0 0 0 0 0 0 0 0 0 0 0 0 128523 0 0 0 0 0 0 0 0 518029 552177 529321 499977 0 615232 636554 0 2192665 1986606 701783 0 0 0 0 0 0 0 0 0 0 0 0 0 0 0 0 0 0 0 0 0 0 0 0 0 0 0 0 0 0 0 0 0 0 0 0 0 0 0
331092 511902 390094 434619 375303 291126 302258 366035 596274 927960 2099065 2085625 2020797 2223994 2101033 1618476 1546242 1703368 1237808 1352226 1489787 1769604 1786090 1800366 1046890 0 0 0 0 0 0 0 0 0 0 0 0 0 0 0 0 0 0 0 0 2089468 0 0 0 508311 451527 370207 419720 0 257445 635832 0 0 0 0 0 0 0 0 0 0 0 0 0 0 0 0 0 0 0 0 0 0 0 0 0 0 0 0 0 0 0 0 0 0 0 0 0 0 0 0
200438 358152 260192 340882 347137 334326 490948 622836 1222056 1237937 1161854 1496590 1929514 2229279 2567916 1892358 1532341 1265938 1158321 1072231 841599 0 1493134 1856555 1587669 0 0 0 0 0 0 0 0 0 0 0 0 0 0 0 0 0 77688 512873 1077128 1729421 529981 0 114215 520198 0 0 0 0 0 0 0 0 0 0 0 0 0 0 0 0 0 0 0 0 0 0 0 0 0 0 0 0 0 0 0 0 0 0 0 0 0 0 0 0 0 0 0 0 0 0
389456 609387 424673 365399 420395 616976 467517 1088670 1667709 1451454 932609 774454 1206764 1530024 2000090 2097921 1753637 1949649 1816759 836504 712272 937902 0 2050171 1863986 1227015 0 0 0 0 0 0 0 0 0 0 0 0 0 0 0 0 0 0 0 648793 542850 331855 0 0 0 0 0 0 0 0 0 0 0 0 0 0 0 0 0 0 0 0 0 0 0 0 0 0 0 0 0 0 0 0 0 0 0 0 0 0 0 0 0 0 0 0 0 0 0 0
342967 290298 232945 299646 346201 349818 472305 893076 1518805 956762 602281 704695 1059284 1103972 1214366 1285277 1111627 1097521 1045694 911468 845379 3301449 1870125 2611652 2639191 2504181 1655040 0 0 0 0 0 0 0 0 0 0 0 0 0 0 0 0 0 403999 662410 425526 0 0 0 0 0 0 0 0 0 0 0 0 0 0 0 0 0 0 0 0 0 0 0 0 0 0 0 0 0 0 0 0 0 0 0 0 0 0 0 0 0 0 0 0 0 0 0 0 0
544221 375029 236727 295932 211049 161728 285375 450464 903515 719522 581032 831123 830819 800465 839589 763542 1114049 1229941 2035980 1090940 1109172 1613156 1347530 2342621 3583442 2406750 1634284 0 0 0 0 0 0 0 0 0 0 0 0 0 0 0 0 0 0 0 382881 0 0 0 0 0 0 0 0 0 0 0 0 0 0 0 0 0 0 0 0 0 0 0 0 0 0 0 0 0 0 0 0 0 0 0 0 0 0 0 0 0 0 0 0 0 0 0 0 0
932065 827106 558645 479438 341787 294710 358519 451826 642452 607009 617477 1427512 1235373 885217 788651 516468 509222 1150904 1355062 1342898 1835060 1114967 1098583 1343985 0 2601723 7802647 0 0 0 0 0 0 0 0 0 0 0 0 0 0 0 0 0 0 0 0 0 0 0 0 0 0 0 0 0 0 0 0 0 0 0 0 0 0 0 0 0 0 0 0 0 0 0 0 0 0 0 0 0 0 0 0 0 0 0 0 0 0 0 0 0 0 0 0 0
1280575 964740 633469 541529 448787 447943 925083 669234 778103 991229 1373209 1940257 4049439 1798320 1132825 771367 625517 1160566 1470657 1141660 818323 723928 630789 989673 1641605 2054231 1522902 0 0 0 0 0 0 0 0 0 0 0 0 0 0 0 0 0 0 0 0 0 0 0 0 0 0 0 0 0 0 0 0 0 0 0 0 0 0 0 0 0 0 0 0 0 0 0 0 0 0 0 0 0 0 0 0 0 0 0 0 0 0 0 0 0 0 0 0 0
624762 474076 490995 456245 338737 328456 595269 1108939 1448871 1222172 1418487 1245017 1268037 1628336 1428621 1288828 910749 960115 457447 414828 495023 463289 460178 977886 3153701 1242064 0 0 0 0 0 0 0 0 0 0 0 0 0 0 0 0 0 0 0 0 0 0 0 0 0 0 0 0 0 0 0 0 0 0 0 0 0 0 0 0 0 0 0 0 0 0 0 0 0 0 0 0 0 0 0 0 0 0 0 0 0 0 0 0 0 0 0 0 0 0
