dashboard/data/pop/popcount/gpw_pop_counts_hd_1995a.asc
ncols 720 
nrows 360
xllcorner -180
yllcorner -90
cellsize .5
NODATA_value -99
[rows 180 to 239 of 360, columns 384 to 479 of 720]
3061 3663 4211 5186 6351 7049 8218 7856 7376 5219 2430 9529 171337 22373 19386 20951 26925 30957 31500 29655 28912 24234 19600 33348 19350 11537 12303 12303 12922 11163 6100 6397 57832 173117 177624 0 414543 224780 270297 637284 0 0 0 0 0 0 728111 440906 657963 381607 478314 655256 80082 14447 11265 43495 3046 2883 18044 40932 43344 0 0 0 0 0 0 0 0 0 0 0 0 0 0 0 0 0 0 0 0 0 0 0 0 0 0 0 0 0 0 0 0 0 0 0
6740 3719 3738 5389 5013 8035 11853 9203 8134 5666 4833 32520 39449 28396 20493 19750 17136 28211 31551 30420 29306 24745 22222 11426 10721 11804 12302 12302 13594 15102 15574 21189 27659 42711 248048 394961 624868 407281 297381 0 0 0 0 0 490014 1601478 723231 184723 239055 929364 1077237 259880 106426 43156 13281 18787 3414 3093 16415 28416 0 0 0 0 0 0 0 0 0 0 0 0 0 0 0 0 0 0 0 0 0 0 0 0 0 0 0 0 0 0 0 0 0 0 0 0
6569 5022 25048 13507 4001 5414 9586 10298 7913 12251 28970 37041 34338 33134 24761 9162 6014 5485 11976 18960 29300 26572 23240 19779 12706 10754 12112 12590 14654 15131 20243 27654 27654 432222 410743 738882 508684 192610 225446 157268 0 0 0 0 410547 343558 96470 84012 133293 2331849 639974 295344 143133 52960 18933 18356 6062 8567 11569 11313 0 0 0 0 0 0 0 0 0 0 0 0 0 0 0 0 0 0 0 0 0 0 0 0 0 0 0 0 0 0 0 0 0 0 0 0
8045 9613 26461 20153 3305 4531 9431 12655 14350 29696 31147 30866 0 29980 28788 15035 5669 5476 5476 5507 22638 22690 22894 21138 17406 12137 12614 18176 17695 15172 15279 24296 52544 407011 0 958972 770525 164538 230517 0 0 0 0 268332 216452 77613 43372 54181 46280 62381 435900 333192 65122 29317 18205 17091 17482 30029 23541 0 0 0 0 0 0 0 0 0 0 0 0 0 0 0 0 0 0 0 0 0 0 0 0 0 0 0 0 0 0 0 0 0 0 0 0 0
14525 9382 5359 12207 8752 6499 4665 9903 45912 35105 22547 26644 35241 32972 27570 14757 9046 8218 5611 6200 11840 14039 14553 14117 15268 24006 22872 24106 23461 27199 25628 30040 171890 361645 507114 819263 635731 314188 188346 111590 91640 0 0 271538 159355 38522 30067 20673 25686 42461 61673 177445 66047 23107 12467 25038 16309 52571 0 0 0 0 0 0 0 0 0 0 0 0 0 0 0 0 0 0 0 0 0 0 0 0 0 0 0 0 0 0 0 0 0 0 0 0 0 0
16706 14333 8772 6842 7776 4236 3675 3967 47258 38675 25304 54914 55287 57960 12955 9276 9276 9187 8833 9126 15718 14069 38090 27187 31063 33070 25547 24118 41072 49865 30656 31509 155897 859037 605840 1056175 831494 126839 95953 0 320939 418695 404305 213831 140476 129551 63051 19911 28630 42353 122208 80325 65570 24555 24700 109931 0 0 0 0 0 0 0 0 0 0 0 0 0 0 0 0 0 0 0 0 0 0 0 0 0 0 0 0 0 0 0 0 0 0 0 0 0 0 0 0
15071 15453 11432 9198 10348 5777 5680 4460 19174 19242 89193 74063 59004 50974 9281 9267 9267 9007 8853 8879 18361 20338 97344 79446 33035 29764 16556 18042 51619 53662 35229 58402 93093 357065 935794 1088456 539122 180971 84856 102988 188538 249985 272531 200552 124236 73216 35476 67288 36995 519922 513557 325256 93513 6590 74557 122579 0 0 0 0 0 0 0 0 0 0 0 0 0 0 0 0 0 0 0 0 0 0 0 0 0 0 0 0 0 0 0 0 0 0 0 0 0 0 0 0
35138 35206 15370 32696 30142 7083 318746 335895 18433 19180 38137 55236 60222 69228 43591 10396 9262 8979 10069 10328 19207 21003 88952 91677 33018 23342 9203 9206 53314 57643 32342 35534 88197 155387 0 628436 368228 39896 67633 103838 103838 128658 207467 205562 147822 91091 0 140168 47852 78652 109101 0 53260 48716 158668 0 0 0 0 0 0 0 0 0 0 0 0 0 0 0 0 0 0 0 0 0 0 0 0 0 0 0 0 0 0 0 0 0 0 0 0 0 0 0 0 0
55191 47557 65020 67826 50590 53889 4682201 763141 51996 49517 55183 68740 167957 186784 124360 91037 26468 32132 38999 39313 38029 26794 36811 38768 29346 31096 9282 9203 53351 59745 24575 27270 51262 87688 0 378367 173572 70674 47632 64662 82795 122484 137578 111809 141412 134690 144121 153434 85633 16150 16150 94771 161821 218892 162742 0 0 0 0 0 0 0 0 0 0 0 0 0 0 0 0 0 0 0 0 0 0 0 0 0 0 0 0 0 0 0 0 0 0 0 0 0 0 0 0 0
253358 119701 139045 70457 88010 84424 117974 81424 55733 55268 55022 106163 161450 204421 139835 101132 52579 42652 39931 39803 56572 42296 25220 23215 26792 24813 9512 22392 59478 55537 22642 22614 22614 63046 0 86032 119893 93686 40765 37494 37367 74705 87150 83518 125353 114134 114804 99986 68590 16138 16138 24761 265157 243106 104237 0 0 0 0 0 0 0 0 0 0 0 0 0 0 0 0 0 0 0 0 0 0 0 0 0 0 0 0 0 0 0 0 0 0 0 0 0 0 0 0 0
57068 239832 229290 104095 107284 182597 125607 96370 60473 55958 55427 115208 122441 157223 105664 100308 58917 43203 49889 63560 81155 54314 34930 25095 27617 31773 29084 29104 50162 60455 60455 35563 22689 38348 0 0 76651 89212 68494 37465 37371 36197 36170 38572 93119 111633 102097 97564 60175 16126 26634 70156 106660 165308 247481 0 0 0 0 0 0 0 0 0 0 0 0 0 0 0 0 0 0 0 0 0 0 0 0 0 0 0 0 0 0 0 0 0 0 0 0 0 0 0 0 0
45265 158685 299671 156428 72662 137860 104388 77196 57698 61472 52683 61553 75705 75999 77635 80651 68838 71601 57618 64608 263833 245919 142547 127406 50635 43159 29082 29082 44486 52184 36449 21811 28104 38804 23983 0 53185 24528 31085 30848 35182 36140 36140 36140 22095 32247 61574 124148 111541 38337 50587 79147 72908 59800 0 0 0 0 0 0 0 0 0 0 0 0 0 0 0 0 0 0 0 0 0 0 0 0 0 0 0 0 0 0 0 0 0 0 0 0 0 0 0 0 0 0
5163 20554 20708 20708 20708 26010 44686 44686 44686 49395 46991 25296 23830 37056 50634 87252 110571 110571 101073 81052 106255 89947 211174 1180682 73404 54498 42984 33445 31969 30938 31087 26547 27051 39023 24729 0 83378 24506 24506 24506 27094 34587 36107 31934 18475 17608 72421 128351 121934 109555 97871 105615 73352 51768 0 0 0 0 0 0 0 0 0 0 0 0 0 0 0 0 0 0 0 0 0 0 0 0 0 0 0 0 0 0 0 0 0 0 0 0 0 0 0 0 0 0
0 14391 20687 21505 31572 42136 44642 44642 44642 45130 46224 42585 30130 20363 18646 44060 103518 106289 109975 81497 74666 76959 119926 203634 229520 121320 44406 38166 27241 22378 24024 23290 21542 34621 40043 0 0 27202 24481 24481 24481 30817 34636 18400 17590 21433 95500 127962 117490 102580 99379 109261 102033 105079 1989474 0 0 0 0 0 0 0 0 0 0 0 0 0 0 0 0 0 0 0 0 0 0 0 0 0 0 0 0 0 0 0 0 0 0 0 0 0 0 0 0 0
0 0 20665 26335 44594 44594 44594 44594 43716 43126 45234 46175 45443 18439 16287 8733 8472 59310 65329 58198 62405 61992 99948 123338 47998 27208 36053 38271 44669 24452 21562 21229 21193 32814 41800 38397 0 0 34253 24455 25784 28220 28316 23057 26352 59906 67462 74331 91531 96813 101455 109147 105907 88930 73598 0 0 0 0 0 0 0 0 0 0 0 0 0 0 0 0 0 0 0 0 0 0 0 0 0 0 0 0 0 0 0 0 0 0 0 0 0 0 0 0 0
0 0 15146 18345 30728 41679 44832 44543 35870 33794 36986 45168 25051 15663 14597 8462 8462 8462 8462 16061 41475 46313 85836 93433 31850 19047 19315 31249 69153 69886 67160 46963 21545 34635 34508 40610 22699 0 48245 62351 0 28283 28283 55893 87959 87288 67385 67385 66790 68073 87087 82845 53688 47910 31510 0 0 0 0 0 0 0 0 0 0 0 0 0 0 0 0 0 0 0 0 0 0 0 0 0 0 0 0 0 0 0 0 0 0 0 0 0 0 0 0 0
0 0 0 14829 17923 37748 48145 44070 33647 32907 32910 17170 8869 8452 8452 8452 8452 8452 8452 9177 13007 13007 13007 24107 27997 15387 15387 31908 56448 60665 45716 22950 24048 27044 34073 32481 29326 5708 81089 112311 114745 0 34285 96284 113310 107406 93758 84463 50965 33949 47337 18419 22228 38547 29585 0 0 0 0 0 0 0 0 0 0 0 0 0 0 0 0 0 0 0 0 0 0 0 0 0 0 0 0 0 0 0 0 0 0 0 0 0 0 0 0 0
0 0 0 286395 30412 49183 49183 38311 32864 32864 32864 12422 8441 8441 8441 8441 8441 7699 6291 7901 14051 13106 13080 21163 15825 15367 15367 50597 0 44206 16873 20817 26376 0 38531 0 15273 19358 33970 90558 132124 121690 85987 110824 111592 107340 90289 59565 24708 23020 19167 5220 5220 27123 35310 0 0 0 0 0 0 0 0 0 0 0 0 0 0 0 0 0 0 0 0 0 0 0 0 0 0 0 0 0 0 0 0 0 0 0 0 0 0 0 0 0
0 0 841608 14840 39325 49115 43440 34388 32818 32818 29548 10154 8429 8429 8429 8424 7231 5947 5882 9282 16320 16314 15841 16222 15798 15346 15350 50938 56593 16097 14593 20361 20518 0 29928 12922 13840 22561 24370 25667 49301 100592 157058 350943 132931 110199 106092 49880 22988 22988 16407 5213 5213 29239 42515 0 0 0 0 0 0 0 0 0 0 0 0 0 0 0 0 0 0 0 0 0 0 0 0 0 0 0 0 0 0 0 0 0 0 0 0 0 0 0 0 0
0 0 0 14768 23761 40754 35963 34139 33569 32770 31725 17624 9243 8417 8413 7752 5874 5874 5874 7037 15221 16190 16280 16173 17591 16951 18289 29817 30769 17156 15441 18432 22160 38390 27335 20449 13160 17484 25267 27885 25736 28948 68194 165312 44472 80106 65347 34044 34005 25700 7673 5206 5206 49493 104180 0 0 0 0 0 0 0 0 0 0 0 0 0 0 0 0 0 0 0 0 0 0 0 0 0 0 0 0 0 0 0 0 0 0 0 0 0 0 0 0 0
0 0 0 19944 21811 32765 35507 35507 34933 32734 32720 32720 22214 7803 6496 5865 5865 5865 5865 5865 10409 15568 15593 15568 47400 67430 51285 43152 26994 29121 22207 20880 21129 31578 33455 24578 18722 25493 28061 27035 18056 23681 33319 100996 0 72064 58596 38851 38851 33312 14448 15012 41092 89246 148060 153518 94037 0 0 0 0 0 0 0 0 0 0 0 0 0 0 0 0 0 0 0 0 0 0 0 0 0 0 0 0 0 0 0 0 0 0 0 0 0 0 0
0 0 0 16787 35449 35449 35449 35584 38317 42357 36494 32667 32667 14532 5855 5855 5855 5855 5855 5472 9959 15543 15241 15139 37777 67703 67520 0 33254 64583 48304 21095 21623 29830 28458 25233 22431 25815 22996 17842 14786 9141 23614 65655 0 103289 72219 38788 38788 35265 34715 40538 98561 120656 209359 204793 83053 0 0 0 0 0 0 0 0 0 0 0 0 0 0 0 0 0 0 0 0 0 0 0 0 0 0 0 0 0 0 0 0 0 0 0 0 0 0 0
0 0 0 0 35389 35389 35389 43711 52917 49442 47954 33116 32649 40138 16870 5451 5420 5705 5482 5046 7047 6612 6143 5052 25897 49343 48900 69378 68587 72079 65293 87561 33310 26494 26632 0 25055 16431 11346 16992 11589 9126 51663 131819 0 61786 95318 37118 38721 37111 34656 30580 75070 76252 54396 48405 59440 0 0 0 0 0 0 0 0 0 0 0 0 0 0 0 0 0 0 0 0 0 0 0 0 0 0 0 0 0 0 0 0 0 0 0 0 0 0 0
0 0 0 0 38910 35954 61553 145228 129779 53190 49265 45498 48138 43949 7769 4926 4926 4926 4926 4926 4926 4926 4926 5006 11317 11408 18467 48637 64602 67887 483464 406607 29826 25973 26470 27089 20733 9426 9426 10776 9407 9124 70412 131362 0 0 34617 14176 16701 14682 13902 7111 6080 26454 26072 66354 77483 0 0 0 0 0 231469 0 0 0 0 0 0 0 0 0 0 0 0 0 0 0 0 0 0 0 0 0 0 0 0 0 0 0 0 0 0 0 0 0
0 0 0 38626 50474 48086 134052 145190 129298 50296 49263 49263 48243 20612 4917 4917 4917 4917 4917 4917 4917 4917 4917 4978 10990 11401 12019 12163 12163 12203 53979 162092 84769 20325 24891 19800 11997 9448 9409 9409 19527 36207 71696 127892 0 0 18533 10540 3958 2862 1892 3117 17400 28255 23308 29101 49564 0 0 0 0 0 0 0 0 0 0 0 0 0 0 0 0 0 73819 0 0 0 0 0 0 0 0 0 0 0 0 0 0 0 0 0 0 0 0 0
0 0 38162 50377 50377 76048 143883 144910 130907 49818 49168 49168 28904 4908 4908 4908 4908 4908 4908 4908 4908 4908 4940 5644 11221 11479 10896 10885 11033 13903 23768 153775 629526 170881 19252 17211 13897 11583 9567 10447 36677 43432 148422 163897 0 12599 15550 9454 6303 4828 6523 8648 27755 28680 24413 29795 112802 0 0 0 0 0 0 0 0 0 0 0 0 0 0 0 0 0 45759 0 0 0 0 0 0 0 0 0 0 0 0 0 0 0 0 0 0 0 0 0
0 28823 50275 50275 50275 58887 128178 140267 118613 52945 49069 47914 9260 4898 4898 4898 4898 4898 4898 4898 10550 10584 10600 11030 11226 5907 3407 5438 6034 11180 23314 23884 112558 137904 18163 16384 13869 13869 14088 53096 74688 86555 189913 212766 0 0 68128 38789 5139 5445 8623 8751 43881 40098 69263 76203 132236 0 0 0 0 0 0 0 0 0 0 0 0 0 0 0 0 45228 43258 36490 0 0 0 0 0 0 0 0 0 0 0 0 0 0 0 0 0 0 0 0
0 11618 19404 43008 44390 37167 41642 58667 34263 48067 48966 33124 3104 4480 4887 4887 4887 4887 4887 4887 9413 10217 10564 10932 10336 3946 3357 5133 6021 11202 25844 25908 24840 19775 15102 14986 17073 19289 40466 74442 83936 161678 416623 398679 294566 0 95088 36630 9964 9313 13209 13194 42177 74854 94330 127813 133982 0 0 0 0 0 0 0 0 0 0 0 0 0 0 0 50396 54558 33620 75635 0 0 0 0 0 0 0 0 0 0 0 0 0 0 0 0 0 0 0 0
0 6468 6468 26558 33864 33864 33864 33864 32922 2583 19636 1994 1867 2738 3774 4598 4877 4877 4877 4877 11639 9815 8619 8672 8629 12065 4197 3883 5758 9369 26755 28133 100049 28123 15069 15069 34202 45854 48140 87830 70803 38376 137880 511473 428362 0 0 93172 46414 14942 15825 32402 0 53862 64436 102290 132342 0 0 0 0 0 0 0 0 0 0 0 0 0 0 7740 23960 29910 34107 98634 77201 0 0 0 0 0 0 0 0 0 0 0 0 0 0 0 0 0 0 0
3124 6453 10761 30979 33788 33788 33788 33788 33788 7522 1862 1862 1862 1862 1862 2552 4568 4788 4866 4866 14778 14198 20599 22762 16580 16531 14018 16964 15594 19287 23849 28053 91823 28011 18973 26787 41397 31678 21813 12095 11267 16665 16628 42831 230866 390052 0 276204 68197 70118 64488 65013 64131 53082 58048 97328 190319 216667 0 0 0 0 0 0 0 0 0 0 0 0 0 22030 57121 45022 63377 107695 50702 0 0 0 0 0 0 0 0 0 0 0 0 0 0 0 0 0 0 0
5351 6438 15877 33604 33709 33709 33709 29702 24650 9696 1957 1858 1858 1858 1858 1858 1858 1904 3543 4857 14746 18583 39849 39418 19185 16679 16518 16714 16972 17472 19124 25640 1057668 36556 39142 29793 11580 9036 9242 10590 10535 13672 22460 21721 94864 343368 444113 211213 73730 148379 126013 76518 72342 101423 440885 115173 124616 0 0 0 0 0 0 0 0 0 0 0 0 0 18480 42584 44535 65083 34079 92575 94281 0 0 0 0 0 0 0 0 0 0 0 0 0 0 0 0 0 0 0
6379 6423 6423 30434 32874 27805 26147 8831 8803 8803 5542 1854 1854 1854 1854 1854 1854 1854 1889 4089 14643 14040 14522 27993 12109 9775 14967 13050 13050 13050 45617 65814 200572 40846 37344 33496 33266 13204 8868 10156 11751 23502 30328 36174 96154 541072 773239 442697 108466 140424 114703 96912 55974 99511 147693 149885 55318 0 0 0 0 0 0 0 0 0 0 0 135147 28171 32901 58149 39356 80227 47133 22146 0 0 0 0 0 0 0 0 0 0 0 0 0 0 0 0 0 0 0 0
6407 6407 6900 21772 12463 8781 9555 8781 8781 8781 7414 1849 1849 1849 1849 1849 1849 1849 1849 2093 12306 13319 13319 13319 8239 6358 11130 13911 14102 35155 114065 92010 40400 46639 39872 41589 47185 50050 48535 58826 33616 31624 38330 148322 68797 257947 513459 177295 96666 83619 103966 99709 48881 59758 192337 220753 0 0 0 0 0 0 0 0 0 5820 11409 18260 33854 86555 49879 39325 22874 40182 47292 44196 0 0 0 0 0 0 0 0 0 0 0 0 0 0 0 0 0 0 0 0
6390 6382 7420 8758 8758 8758 8758 8758 8758 8758 5412 1844 1844 1844 1844 1844 1844 1844 1844 1844 4415 12644 13285 10217 6341 6345 12385 15801 15811 39769 63308 20325 13518 0 38018 41471 48257 62578 92923 104766 96352 67994 32701 21450 36525 99986 208744 79076 79166 77649 82502 124954 45911 46524 104066 0 0 0 0 0 0 0 0 0 0 9456 10541 13241 20208 54507 23448 19501 14521 22405 69663 34187 0 0 0 0 0 0 0 0 0 0 0 0 0 0 0 0 0 0 0 0
3510 2822 1594 5581 14112 14739 15174 15084 14989 14894 12255 9448 3205 1839 1839 1839 1839 1839 1839 1839 1839 4245 10476 6358 6584 6351 14391 15798 22100 16540 53560 14989 28997 51153 49369 41124 126309 126626 145816 105559 90588 78251 25990 17018 27098 43772 106721 73814 80389 140321 162422 121997 26888 0 0 0 0 0 0 0 0 0 0 0 8584 6124 7025 5853 10370 18111 15429 16496 96382 118826 212534 0 0 0 0 0 0 0 0 0 0 0 0 0 0 0 0 0 0 0 0 0
1545 1545 1545 1545 26529 38013 38013 38013 38013 38013 38013 38013 8840 5776 4010 3522 3246 2017 2288 2285 3405 4944 10432 18858 20562 16551 13302 67842 29616 23671 30478 22213 58500 70397 72759 62165 107880 431029 1061211 133047 99250 70821 34083 4056 18342 51069 61163 41728 32179 361410 121635 0 0 0 0 0 0 0 0 0 0 0 0 0 9067 7421 9418 11976 18219 20163 22201 37532 117634 122863 151473 0 0 0 0 0 0 0 0 0 0 0 0 0 0 0 0 0 0 0 0 0
1529 1540 1540 1540 8222 37692 37905 37905 37899 36804 37905 37905 8815 8684 8684 8684 8684 8544 6648 6090 5002 3932 5085 15614 4107 2856 3684 12322 12703 13656 20292 26070 68160 70198 73814 79970 95976 243443 274971 122811 95456 89026 49746 10331 24820 28114 13629 45917 98543 128205 0 0 0 0 0 0 0 0 0 0 0 0 0 0 22828 8214 6936 21648 22532 29802 52460 87947 95770 38857 171673 0 0 0 0 0 0 0 0 0 0 0 0 0 0 0 0 0 0 0 0 0
0 1536 1536 1536 1529 10293 9602 5104 1313 3655 12413 18624 6793 6804 7864 8658 8658 8639 3234 3234 3234 3234 2685 2360 2368 2368 2368 6261 12666 12666 13943 32706 48792 66856 84451 85507 79369 88392 62660 83251 124306 171303 101944 53742 36803 13894 7737 26147 59857 0 0 0 0 0 0 0 0 0 0 0 0 0 0 0 6032 8699 12084 64930 48553 137981 422696 1214043 64212 68338 0 0 0 0 0 0 0 0 0 0 0 0 0 0 0 0 0 0 0 0 0 0
0 1089 1773 2070 1703 1042 1041 987 1646 4702 4711 5095 4249 4220 3948 3697 3625 3527 3225 3225 3225 2592 2411 2346 2346 2466 8827 8898 12193 14950 27163 36596 30911 44822 87376 97544 61076 54903 75577 102502 167591 138615 73123 275215 99266 51119 7420 0 0 0 0 0 0 0 0 0 0 0 0 0 0 0 0 0 0 17821 9660 18993 96255 183898 340719 267816 50645 89950 0 0 0 0 0 0 0 0 0 0 0 0 0 0 0 0 0 0 0 0 0 0
0 0 1713 2326 2321 1347 1038 1038 1038 2902 4207 4212 4188 3884 957 760 760 773 3215 3215 3215 2429 2339 2339 2339 2460 8819 8651 9584 24285 39739 41009 37677 24138 41673 85453 73035 80177 78427 85991 124419 96654 43035 52876 74553 618083 0 0 0 0 0 0 0 0 0 0 0 0 0 0 0 0 0 0 0 16982 0 30133 77454 167162 506805 171527 82437 128178 0 0 0 0 0 0 0 0 0 0 0 0 0 0 0 0 0 0 0 0 0 0
0 0 0 2148 2318 2225 1400 1081 2018 3685 3964 4025 3745 3609 2891 1711 1626 1634 3205 3205 3198 2476 2332 2229 1887 3930 6449 5801 7364 8915 22885 36449 216796 520390 38462 63276 120708 112017 147123 104487 122799 155940 54737 36345 58083 0 0 0 0 0 0 0 0 0 0 0 0 0 0 0 0 0 0 0 0 32073 19688 19455 16965 88038 209924 95582 98254 0 0 0 0 0 0 0 0 0 0 0 0 0 0 0 0 0 0 782332 0 0 0 0
0 0 0 1694 2311 2311 2307 2859 3643 3659 3660 3676 3684 2164 1620 1620 1620 1629 3170 3187 2922 2438 1791 1253 1398 4009 438 2816 6344 8762 35020 47878 51708 52124 31918 82003 101633 97236 89389 49708 125637 65924 25309 24054 36865 27752 0 0 0 0 0 0 0 0 0 0 0 0 0 0 0 0 0 0 12003 10269 8253 9382 10424 104401 173276 121012 128891 0 0 0 0 0 0 0 0 0 0 0 0 0 0 0 0 0 0 0 0 0 0 0
0 0 0 926 2078 2303 2324 2669 2842 3586 3687 3714 3117 1909 1712 1615 1615 1612 730 730 729 626 164 49 1009 1246 1173 1167 5164 7646 19188 54910 51141 46930 32345 30944 24897 22172 24698 28428 54173 15417 16332 14819 22846 23911 0 0 0 0 0 0 0 0 0 0 0 0 0 0 0 0 0 8396 18178 11891 7797 5526 16417 99889 244043 88453 73540 0 0 0 0 0 0 0 0 0 0 0 0 0 0 0 0 0 0 0 0 0 0 0
0 0 0 0 1445 2264 2315 2602 2757 3729 3804 7845 3936 2065 2012 1961 1611 1609 728 727 727 702 463 198 749 1205 1246 2827 6990 7346 10208 17352 21042 27497 24259 16974 17586 20719 25786 25512 8412 5788 7571 8391 9233 25476 21722 0 0 0 0 0 0 0 0 0 0 0 0 0 0 0 0 45223 11456 13129 15723 8034 23268 166782 289610 96057 0 0 0 0 0 0 0 0 0 0 0 0 0 0 0 0 0 0 0 0 0 0 0 0
0 0 0 0 422 1806 2314 2532 3541 8242 11520 14863 3651 2058 2058 2058 729 731 725 725 725 725 716 694 725 861 4472 7276 7320 8090 17602 18214 15100 16610 11712 12854 23785 45898 27920 8268 5422 3481 4402 8293 14323 62885 54571 0 0 0 0 0 0 0 0 0 0 0 0 0 0 0 12102 28836 19079 18421 11412 10200 33737 51086 66015 182786 0 0 0 0 0 0 0 0 0 0 0 0 0 0 0 0 0 0 0 0 0 0 0 0
0 0 0 0 0 12730 1686 3283 13352 14934 13409 14615 9358 2051 2051 2051 722 722 722 722 722 722 722 722 722 722 4179 10804 12685 17095 21754 21827 14570 49530 10036 16436 140664 221532 6734 5358 5386 4537 3696 7273 11139 64548 75145 0 0 0 0 0 0 0 0 0 0 0 0 0 0 0 0 57170 34348 13693 11274 18346 19341 22844 69631 0 0 0 0 0 0 0 0 0 0 0 0 0 0 0 0 0 0 0 0 0 0 0 0 0
0 0 0 0 0 10224 1399 5796 15006 9543 7567 14116 12865 2054 1817 1592 738 738 738 737 737 909 4629 4853 4824 4807 11784 24350 25312 23574 20160 31804 61179 156383 82044 111053 380027 258276 10866 5959 0 8658 4865 4102 6923 37043 95257 0 0 0 0 0 0 0 0 0 0 0 0 0 0 0 0 129320 34807 17695 12289 20455 27877 16040 79441 0 0 0 0 0 0 0 0 0 0 0 0 0 0 0 0 0 0 0 0 0 0 0 0 0
0 0 0 0 0 1381 1394 6112 11902 7187 6932 4807 3088 1747 1654 1573 765 765 765 765 765 901 10756 11805 11805 11805 18112 22955 23765 23372 9792 8551 25338 238153 174668 127739 218166 163979 63438 9141 10162 9205 25142 24964 15229 44434 271129 0 0 0 0 0 0 0 0 0 0 0 0 0 0 0 0 34613 48737 61781 31339 29786 25819 19187 54268 0 0 0 0 0 0 0 0 0 0 0 0 0 0 0 0 0 0 0 0 0 0 0 0 0
0 0 0 0 0 1291 1390 798 1473 3559 2969 1767 1537 1537 1537 1537 371 662 762 762 762 762 13629 14063 12935 11936 14146 22209 22771 17769 11415 13843 14361 38023 86812 253256 270955 101199 11699 8017 15311 79332 49421 96699 35143 51308 104121 0 0 0 0 0 0 0 0 0 0 0 0 0 0 0 0 0 27603 48198 50537 39819 19971 30008 30543 0 0 0 0 0 0 0 0 0 0 0 0 0 0 0 0 0 0 0 0 0 0 0 0 0
0 0 0 0 0 752 1383 780 417 342 1038 1699 1610 1530 1530 1530 1041 17 211 497 863 1014 10402 11399 15024 17627 14764 140285 48013 39922 18688 36846 19506 135100 96039 294054 100831 92403 375003 20880 21071 79857 151281 187398 152392 0 0 0 0 0 0 0 0 0 0 0 0 0 0 0 0 0 0 0 30108 41655 58162 39849 56440 66539 48702 0 0 0 0 0 0 0 0 0 0 0 0 0 0 0 0 0 0 0 0 0 0 0 0 0
0 0 0 0 0 313 951 745 415 399 1301 1983 2132 1552 1524 1526 6262 537 13 181 1341 2139 4507 2454 9017 17128 18177 134259 34352 78014 161877 418573 510519 336090 163636 84331 19282 31139 303901 22994 26170 126201 153319 0 0 0 0 0 0 0 0 0 0 0 0 0 0 0 0 0 0 0 0 0 0 20112 44193 84792 0 0 0 0 0 0 0 0 0 0 0 0 0 0 0 0 0 0 0 0 0 0 0 0 0 0 0 0
0 0 0 0 0 232 947 918 673 403 1004 2069 2166 1698 1600 1593 6729 3184 72 1473 1812 4571 9024 8883 8296 69024 88649 73809 19170 25715 212907 396254 1020994 76698 110980 47717 21099 61900 156641 314113 96359 1400908 0 0 0 0 0 0 0 0 0 0 0 0 0 0 0 0 0 0 0 0 0 0 0 0 0 0 0 0 0 0 0 0 0 0 0 0 0 0 0 0 0 0 0 0 0 0 0 0 0 0 0 0 0 0
0 0 0 0 0 0 894 943 943 507 578 2069 2100 1727 1606 1618 6700 3635 1103 1804 2318 10656 28650 19430 9305 10176 89412 104636 37567 27299 257518 1640622 2578286 225548 127334 45993 28519 161950 183725 110338 105069 0 0 0 0 0 0 0 0 0 0 0 0 0 0 0 0 0 0 0 0 0 0 0 0 0 0 0 0 0 0 0 0 0 0 0 0 0 0 0 0 0 0 0 0 0 0 0 0 0 0 0 0 0 0 0
0 0 0 0 0 0 667 939 939 586 396 1280 1658 1599 1599 1615 6107 4235 3197 2757 3772 7624 33134 27052 11622 8235 27093 31772 146064 174669 122423 550566 282693 59225 70389 43359 37439 83972 178458 84452 52199 30684 0 0 0 0 0 0 0 0 0 0 0 0 0 0 0 0 0 0 0 0 0 0 0 0 0 0 0 0 0 0 0 0 0 0 0 0 0 0 0 0 0 0 0 0 0 0 0 0 0 0 0 0 0 0
0 0 0 0 0 0 0 935 935 773 394 1150 1592 1292 1272 1384 6641 6641 6534 5352 8057 5411 23937 33139 8239 49162 26283 30096 57524 65116 44782 38648 30068 27546 26129 39076 30043 54764 167555 157335 101829 0 0 0 0 0 0 0 0 0 0 0 0 0 0 0 0 0 0 0 0 0 0 0 0 0 0 0 0 0 0 0 0 0 0 0 0 0 0 0 0 0 0 0 0 0 0 0 0 0 0 0 0 0 0 0
0 0 0 0 0 0 0 787 930 901 661 847 917 841 830 860 6611 6611 6611 6975 8608 8025 4775 7761 30241 130154 24218 19922 33902 249948 64777 38836 30079 23883 19224 45672 329350 55703 48690 126707 65395 0 0 0 0 0 0 0 0 0 0 0 0 0 0 0 0 0 0 0 0 0 0 0 0 0 0 0 0 0 0 0 0 0 0 0 0 0 0 0 0 0 0 0 0 0 0 0 0 0 0 0 0 0 0 0
0 0 0 0 0 0 0 0 793 2092 2695 827 827 827 827 858 6456 6581 6581 6542 7575 8525 8312 10152 15896 35204 8572 15699 26741 210920 31680 29564 50306 170418 26009 82953 82038 196894 100015 201848 136601 0 0 0 0 0 0 0 0 0 0 0 0 0 0 0 0 0 0 0 0 0 0 0 0 0 0 0 0 0 0 0 0 0 0 0 0 0 0 0 0 0 0 0 0 0 0 0 0 0 0 0 0 0 0 0
0 0 0 0 0 0 0 0 0 3702 4112 2573 1612 1838 1037 855 2671 4984 3485 3336 4240 3404 3350 7990 91665 78080 8337 29554 38380 24778 26852 78752 168467 323880 141924 82457 198102 170326 185348 297090 0 0 0 0 0 0 0 0 0 0 0 0 0 0 0 0 0 0 0 0 0 0 0 0 0 0 0 0 0 0 0 0 0 0 0 0 0 0 0 0 0 0 0 0 0 0 0 0 0 0 0 0 0 0 0 0
0 0 0 0 0 0 0 0 0 0 4386 4386 4386 4386 2380 852 852 851 852 1578 4040 3000 4134 7334 10384 15704 9876 77593 119805 287308 52725 277676 230702 107576 51937 82117 92096 256445 251125 0 0 0 0 0 0 0 0 0 0 0 0 0 0 0 0 0 0 0 0 0 0 0 0 0 0 0 0 0 0 0 0 0 0 0 0 0 0 0 0 0 0 0 0 0 0 0 0 0 0 0 0 0 0 0 0 0
0 0 0 0 0 0 0 0 0 0 3803 4364 4364 4364 2437 1171 885 646 770 2095 4703 4650 4741 4935 5708 5805 6204 9522 9546 13780 170804 257774 155246 80530 41032 143651 438478 1997230 0 0 0 0 0 0 0 0 0 0 0 0 0 0 0 0 0 0 0 0 0 0 0 0 0 0 0 0 0 0 0 0 0 0 0 0 0 0 0 0 0 0 0 0 0 0 0 0 0 0 0 0 0 0 0 0 0 0
