dashboard/data/pop/popcount/gpw_pop_counts_hd_1995a.asc
ncols 720 
nrows 360
xllcorner -180
yllcorner -90
cellsize .5
NODATA_value -99
[rows 60 to 119 of 360, columns 576 to 671 of 720]
105 105 197 942 1016 1016 1016 1016 1016 1016 1016 898 403 272 272 272 272 272 288 295 292 295 285 290 287 292 286 294 295 295 309 361 461 582 606 606 606 606 606 606 606 606 688 742 780 717 618 465 327 327 0 327 327 327 327 327 327 327 315 262 212 182 182 182 182 182 182 182 182 182 182 182 182 173 182 182 182 189 321 328 328 324 228 0 0 99894 9710 328 328 328 328 328 181 0 0 0
106 106 234 1010 1019 861 849 822 728 971 857 614 281 276 276 276 276 276 276 277 276 283 284 299 299 298 291 294 299 336 517 615 615 615 615 615 615 615 615 615 615 615 615 615 615 615 615 494 352 323 214 197 229 261 225 69 115 132 123 132 159 184 184 184 184 184 184 184 144 0 0 0 0 0 0 51 0 0 0 0 0 0 0 0 0 0 0 0 287 332 248 223 228 206 0 0
124 624 1033 1134 1089 992 1054 778 649 645 630 519 280 280 280 280 280 280 280 279 270 284 303 304 304 304 304 303 304 383 624 624 657 696 624 624 624 624 624 624 624 624 624 624 624 624 624 624 512 81 45 45 45 45 45 45 45 45 45 45 121 187 187 187 187 187 181 92 0 0 0 0 0 0 0 0 0 0 0 0 0 0 0 0 0 0 0 0 0 0 0 0 0 0 0 0
860 1081 1151 1151 1151 963 693 642 639 639 625 443 284 284 284 284 284 284 293 439 428 375 333 308 308 308 308 308 308 336 1031 1368 1631 846 633 633 633 633 633 633 633 633 633 633 633 633 633 500 132 45 45 45 45 45 45 45 45 45 45 45 45 66 101 178 188 0 0 0 0 0 0 0 0 0 0 0 0 0 0 0 0 0 0 0 0 0 0 0 0 0 0 0 0 0 0 0
1167 1187 1167 1167 1167 967 648 648 648 648 482 288 21017 288 288 288 288 288 416 514 512 514 397 316 312 312 312 312 312 659 1855 1958 1805 1034 1016 1140 705 642 642 642 642 642 642 642 642 642 642 436 46 46 46 46 46 46 46 46 46 46 46 46 46 46 46 52 26 0 0 0 0 0 0 0 0 0 0 0 0 0 0 0 0 0 0 0 0 0 0 0 0 0 0 0 0 0 0 0
1357 1426 1245 1199 1184 979 658 675 657 657 650 322 292 292 292 291 292 292 311 454 521 521 521 387 322 367 337 317 386 1648 1985 1985 1985 1985 1985 1985 1981 1856 1315 699 759 821 883 830 655 654 660 100 47 47 47 47 47 47 47 47 47 47 47 47 47 44 0 0 0 0 0 0 0 0 0 0 0 0 0 0 0 0 0 0 0 0 0 0 0 0 0 0 0 0 0 0 0 0 0 0
1455 1375 1263 1109 918 873 822 857 1322 2238 1563 894 1145 629 295 460 466 452 495 517 528 528 528 573 700 710 685 551 703 1805 1977 2011 2011 2011 2011 2011 2011 2011 2011 2011 2011 2011 2011 2006 1893 1830 1924 834 47 47 47 47 47 47 47 47 47 47 47 47 0 0 0 0 0 0 0 0 0 0 0 0 0 0 0 0 0 0 0 0 0 0 0 0 0 0 0 0 0 0 0 0 0 0 0 0
1474 1231 908 870 870 870 870 870 908 2930 3202 3202 3114 799 298 384 535 536 535 535 535 535 535 535 638 719 717 719 719 719 767 888 1622 2038 2038 2038 2038 2038 2038 2038 2038 2038 2038 2038 2038 1942 410 48 48 48 48 48 48 48 48 48 48 48 47 0 0 0 0 0 0 0 0 0 0 0 0 0 0 0 0 0 0 0 0 0 0 0 0 0 0 0 0 0 0 0 0 0 0 0 0 0
1493 1245 29542 509 872 881 948 881 881 1609 2749 1426 1001 302 302 390 606 622 580 553 542 542 410 202 186 169 351 633 729 729 729 729 747 940 953 1314 1628 1490 1512 1443 1432 1900 1480 1371 1418 1458 278 244 262 110 52 52 54 50 52 49 47 31 0 0 0 0 0 0 0 0 0 0 0 0 0 0 0 0 0 0 0 0 0 0 0 0 0 0 0 0 0 0 0 0 0 0 0 0 0 268
1512 1172 0 394 893 1527 2638 2009 480 443 292 306 306 306 306 313 389 557 651 651 367 173 80 76 76 76 76 130 738 738 738 738 738 57518 738 632 511 511 511 511 511 511 511 511 511 511 511 511 416 199 61 61 61 61 61 43 13 0 0 0 0 0 0 0 0 0 0 0 0 0 0 0 0 0 0 0 0 0 0 0 0 0 0 0 0 0 0 0 0 0 0 0 0 0 0 368
1369 769 0 700 1294 2727 2738 1127 310 310 310 310 310 310 310 310 321 462 659 629 117 77 77 77 77 77 127 220 718 747 916 748 747 747 747 633 517 517 510 0 0 478 514 517 517 517 416 162 62 62 62 62 62 62 43 12 12 0 0 0 0 0 0 0 0 0 0 0 0 0 0 0 0 0 0 0 0 0 0 0 0 0 0 0 0 0 0 0 0 0 0 0 0 0 0 300
1390 0 0 1487 2800 3144 2089 327 313 313 313 313 313 323 491 638 666 667 663 315 111 656 408 785 1156 1926 2349 2695 2109 2933 3796 2635 1333 757 883 1074 524 524 518 0 492 524 524 524 522 276 105 63 63 63 63 63 63 63 63 63 63 36 0 0 0 18 175 0 0 0 0 0 0 0 0 0 0 0 0 0 0 0 0 0 0 0 0 0 0 0 0 0 0 0 0 0 0 0 0 0
0 0 0 4227 4227 4182 1417 317 381 630 587 699 529 650 676 676 676 676 755 2250 3073 2546 2544 2546 2546 2546 2546 2956 4160 4160 4437 4256 4160 3607 3777 3781 1913 529 32852 530 530 530 530 530 533 449 391 64 64 64 69 67 155 130 64 64 64 48 0 0 24 412 2013 2314 1888 0 0 0 0 35595 0 0 0 0 0 0 0 0 0 0 0 0 0 0 0 0 0 0 0 0 0 0 0 0 0 0
0 2645 4392 4486 4259 1928 650 973 1207 1257 1257 1204 1366 793 683 683 1197 3505 6651 7212 4857 3227 3572 2476 1994 3528 4049 6628 8627 8698 9048 9202 9744 7250 7009 4222 3599 1040 635 536 536 651 1144 1106 787 783 750 392 430 443 629 774 779 577 81 64 97 188 223 133 275 381 423 1184 2278 38243 1182 0 1888 2181 0 0 0 0 0 0 0 0 0 0 0 0 0 0 0 0 0 0 0 0 0 0 0 0 0 0
4117 4211 3593 3329 3220 1919 1235 1239 1271 1271 1271 1811 5815 4242 1358 2455 9446 7302 6865 5305 4532 3948 2701 1350 3302 4930 5786 8721 9174 9155 9272 13243 13919 13919 13919 8057 4094 3731 2998 1518 851 1260 1369 1351 849 792 792 792 792 792 866 894 807 541 383 281 378 386 386 386 386 487 750 950 1556 2197 0 0 2299 2420 0 0 0 0 0 0 0 0 0 0 0 0 0 0 0 0 0 0 0 0 0 0 0 0 0 0
9397 7346 3262 3419 3028 2329 2606 2314 3463 5741 357932 7128 7330 8634 10512 10046 12415 8888 4753 4288 4011 2602 1987 1450 2358 4270 5139 12178 16747 12274 11785 13008 13958 14427 11094 7372 5422 1547 1208 27519 1208 1356 1384 1329 1005 906 801 801 801 920 1123 1321 1311 775 409 391 382 651 1839 1325 1286 1556 1572 1371 1512 1852 1450 1515 2355 2921 0 0 0 0 0 0 0 0 0 0 0 0 0 0 0 0 0 0 0 0 0 0 0 0 0 0
16260 14437 10097 5230 5229 5183 4902 4789 5462 5619 6480 7798 8511 8826 14631 17120 11675 28943 4635 5275 2247 1447 2440 2970 4008 5047 5840 15839 18171 15731 12778 13223 14841 14910 10900 6262 6206 2637 2086 3167 3664 1837 1400 1400 1400 1341 1049 1066 1181 1336 1336 1336 1336 1417 1465 1818 1807 2299 2821 2451 1644 1590 1590 1550 0 0 0 0 2606 2945 0 0 0 0 0 0 0 0 0 0 0 0 0 0 0 0 0 0 0 0 0 0 0 0 0 0
12115 32311 5232 4925 4850 4826 4467 4210 3882 4523 6733 8580 9576 9355 9086 12539 15919 12153 4490 4192 3589 5971 3754 3825 6133 8134 14891 18372 18372 17088 15068 8745 8072 6725 4386 5186 6438 5494 3881 5598 93135 15582 7144 2176 2482 2343 1559 1350 1350 1350 1350 1350 1709 2813 2852 2852 2784 2740 2783 2575 2346 2233 1797 1659 1607 0 0 0 0 6436 3548 0 0 0 0 0 0 0 0 0 0 0 0 0 0 0 0 0 0 0 0 0 0 0 0 0
8475 5049 4040 3460 3280 2989 3608 3915 3980 4358 4552 4717 7202 9737 9672 14883 16332 8544 6599 4344 5267 9517 8384 5373 8028 17512 19969 25145 21896 16996 16939 15576 25463 4433 4433 15793 43087 19326 15563 16937 95293 14843 7923 6114 3651 3584 1365 1365 1365 1365 1365 1365 1549 2642 2883 3052 2924 57738 258783 2607 2607 3021 3766 3728 3239 0 0 0 21196 7018 6101 0 0 0 0 0 0 0 0 0 0 0 0 0 0 0 0 0 0 0 0 0 0 0 0 0
3715 1690 1583 1583 1583 1723 3517 3136 3050 3595 3595 3408 3949 4283 5390 4939 6966 42480 6819 4311 74306 7857 8214 5670 5493 9372 31090 29543 19453 17120 17120 51874 85881 12282 15430 52619 22082 22030 20453 229486 22436 14596 17295 16817 9083 5895 3627 1380 1380 1380 1777 3130 3827 5086 4470 4394 3725 62472 2761 2634 2634 2863 3785 3810 3769 0 0 0 2564 5347 4906 0 0 0 0 0 0 0 0 0 0 0 0 0 0 0 0 0 0 0 0 0 0 0 0 1187
1971 1600 1600 1689 1703 1990 2515 2266 2274 2400 2494 2234 2227 2227 2269 2764 2320 4364 51231 41952 4304 6207 6430 6403 6403 12925 31839 31580 26003 17299 17299 17299 20893 36233 51388 60696 42521 24501 26752 23961 15932 14287 24965 40041 4970 3764 3358 1394 1395 2086 4878 5263 5263 4307 3672 3641 2681 1938 1741 2170 2463 3301 3363 3848 3686 0 0 0 6188 5132 4861 4941 0 0 0 0 0 0 0 0 0 0 0 0 0 0 0 0 0 0 0 0 0 0 0 0
5877 4338 2438 2477 2475 2447 2585 2656 2363 2250 2250 2250 2250 2250 2250 2250 2551 2996 2768 66984 4723 6461 6756 117254 110794 32947 32310 29527 17629 29778 34800 24935 48344 57788 60138 61509 64374 57423 45712 20955 10885 11005 16844 11871 3802 3833 4480 3980 5254 5094 5448 5317 5315 4397 3385 2057 1619 1619 1619 1619 1690 3248 3890 3815 2865 0 0 0 27556 6566 25467 1892 0 0 0 0 0 0 0 0 0 0 0 0 0 0 0 0 0 0 0 0 0 0 0 0
10919 5755 2789 2789 2789 2789 2789 2789 2607 2273 2273 2273 2273 2273 2273 2334 2954 3013 1310 3582 4441 6816 14011 15104 15104 20632 32636 32630 39401 59211 59675 58728 58807 162200 146189 152006 72026 76041 72287 11792 10994 11160 36610 40458 20124 8367 6239 6265 6420 90209 8062 7238 7021 5627 258969 4646 2503 1991 3562 2655 2157 3360 3494 3347 35673 0 0 0 10104 11385 0 0 0 0 0 0 0 0 0 0 0 0 0 0 0 0 0 0 0 0 0 0 0 0 0 0
15744 3890 2817 2817 2817 2817 2817 2817 2797 2340 2295 2295 2295 2295 2295 2768 3057 3057 3057 3966 4420 4514 10170 13862 15254 17127 31692 41341 42692 55679 60265 94502 139310 213953 254591 280332 187818 151950 136796 73495 40606 64696 84126 99372 56032 28085 5106 7203 9294 8377 15383 23574 20725 8877 360735 4562 3722 3425 3787 1614 1466 3002 3380 2257 0 0 0 0 6532 4440 0 0 0 0 0 0 0 0 0 0 0 0 0 0 0 0 0 0 0 0 0 0 0 0 0 0
13197 2845 2845 2845 2845 2845 2845 2845 2713 2316 2162 2186 2310 2318 2321 2607 2569 2501 2714 1724 2319 3026 4203 4720 17660 33351 51069 55042 55042 85082 150558 415712 288107 172154 279166 318850 312464 251523 258891 185252 158437 137625 99897 122347 150934 65189 34265 44250 0 49812 51544 36800 24309 14034 9566 4093 4059 4059 4042 2822 1483 2592 1849 0 0 0 0 0 10169 0 0 0 0 0 0 0 0 0 0 0 0 0 0 0 0 0 0 0 0 0 0 0 0 0 0 0
15733 5667 3170 2872 2872 2872 2872 2533 1824 1769 1769 1769 1862 2212 2340 2340 2340 2340 2340 2340 2340 2340 2524 17214 34503 43958 53844 64172 70734 189191 222599 661946 451259 143130 217579 318333 333621 379955 274726 143123 142793 124848 85758 134607 398775 210985 132513 117548 110451 111140 86693 45247 25264 10151 8964 4098 4098 4076 3715 2555 1331 1107 0 0 0 0 0 0 63031 131703 0 0 0 0 0 0 0 0 0 0 0 0 0 0 0 0 0 0 0 0 0 0 0 0 0 0
16682 16682 6932 2899 2899 2899 2389 1816 1786 1786 1786 1786 1786 1839 2180 2302 2362 2362 2375 2433 2662 2734 2596 10956 34828 34828 39728 68122 75964 91303 150276 152175 88474 484308 333116 310127 377600 524132 457766 150775 134374 135362 119813 221838 734398 253745 456395 162651 104322 95258 73132 44716 26923 3459 3326 3426 3600 3426 3300 3054 1115 0 0 0 0 0 0 0 21557 113509 0 0 0 0 0 0 0 0 0 0 0 0 0 0 0 0 0 0 0 0 0 0 0 0 0 0
3568 5220 2452 2500 2561 2548 1765 1760 1799 1802 1802 1802 1802 1802 1802 1846 2262 2792 2882 3027 3027 3027 3011 11561 35150 35150 40137 149763 147648 62127 142458 139672 120844 356350 313932 394054 413594 513104 489481 250256 131723 90611 119398 171703 195923 210933 326433 117474 83775 80203 69997 45855 3274 3115 3045 2835 2843 2900 2731 1626 0 0 0 0 0 0 0 0 12875 0 0 0 0 0 0 0 0 0 0 0 0 0 0 0 0 0 0 0 0 0 0 0 0 0 0 0
1738 1722 1712 1712 1712 1712 1712 1766 1819 1819 1819 1819 1819 1819 1819 1906 2636 3055 3036 2913 3055 3055 7587 36675 41215 55221 120172 145966 174525 389142 155514 156788 214893 275001 342456 391407 1508667 2218453 396083 310031 225011 159023 150320 142636 155070 255998 491187 127031 109933 75453 63260 49588 4534 3046 2805 2799 2799 1823 1237 0 0 0 0 0 0 0 0 0 0 0 0 0 0 0 0 0 0 0 0 0 0 0 0 0 0 0 0 0 0 0 0 0 0 0 0 0
1747 1727 1727 1727 1727 1727 1727 1760 1859 1835 1835 1835 2161 3198 2991 2999 3082 3419 3618 5053 5455 5220 31800 44656 35990 39587 49041 91794 129352 176081 158470 187067 0 294156 359576 431425 534142 443217 363249 177557 163636 160725 124145 119845 169595 753259 288137 110832 0 81891 80897 11903 6949 4989 3333 3188 2059 1054 0 0 0 0 0 0 0 0 0 105501 81115 0 0 0 0 0 0 0 0 0 0 0 1006 0 0 0 0 0 0 0 0 0 0 0 0 0 0 0
1752 1742 1742 1742 1742 1742 1743 1969 2028 1991 1970 2814 3456 3486 4820 12450 14484 7159 6748 6748 6748 9965 74171 48789 38202 36219 37701 42937 80529 90769 120055 184754 211195 301373 409897 484987 538485 544082 304755 260077 154972 134300 191099 461508 121494 117706 49031 20974 0 72892 15422 17155 7041 6304 8981 56261 1594 0 0 0 0 0 0 0 0 0 0 0 159268 89132 0 0 0 0 0 0 0 0 1448 0 0 0 0 0 0 0 0 0 0 0 0 0 0 0 0 0
1757 1757 1757 1757 1757 1757 1782 2020 2046 2046 2046 2235 3373 3516 5394 18710 17803 9356 13471 29459 48537 66782 119792 61517 47927 39079 88056 89668 93513 110239 178123 238327 246418 430678 628377 545486 483991 329639 309037 272817 134605 128110 150834 386234 114482 66561 59638 34575 45014 40707 84177 11617 5426 12255 17725 6055 0 0 0 0 0 0 0 0 0 0 0 102132 160639 160639 131187 0 0 0 0 0 0 0 0 0 0 0 0 0 0 0 0 0 0 0 0 0 0 0 0 0
1711 1772 1772 1772 1772 1772 1772 6180 10010 2707 2234 2063 2312 3486 4790 12783 19158 19587 31923 69671 96109 40737 79659 70846 50056 68833 177102 240876 357945 255496 127584 297704 489189 538381 2170961 530534 395098 1417356 169331 142105 94751 117167 111097 79582 74429 64241 40421 191737 26569 24466 12852 6947 5574 6393 4374 0 0 0 0 0 0 0 0 0 0 0 0 150980 161999 161999 161999 161999 155658 0 0 0 0 0 0 0 0 0 0 0 0 0 0 0 0 0 0 0 0 0 0 0
1616 1787 1787 1787 1787 5560 13361 7734 8245 6677 6629 3697 2080 2530 5939 6816 17320 28093 33231 36465 73291 64858 63836 69092 82210 115821 112983 139044 120593 76680 87453 387567 731488 512049 483862 393503 302724 196134 171030 111220 90819 81592 118962 144283 75151 76954 49661 349492 419515 27791 59081 12559 8283 0 0 0 0 0 0 0 0 0 0 0 0 0 80505 163346 163346 163346 163346 163346 163346 158164 87968 0 0 0 0 0 0 0 0 0 0 0 0 0 0 0 0 0 0 0 0 0
1206 1802 1802 3670 7285 18872 20228 17964 7356 6732 6732 7095 9928 22012 23992 17875 17875 31744 35547 77170 151511 120767 134980 138120 150782 118661 97314 99636 158614 190727 326521 499212 480064 361594 736745 494104 363067 210274 154202 121920 72054 98421 283550 405709 187299 0 15572 0 0 0 0 0 0 0 0 0 0 0 0 0 0 0 0 0 99777 151267 156893 132256 164669 164681 164199 0 0 0 0 0 0 0 0 0 0 0 0 0 0 0 0 0 0 0 0 0 0 0 0 0
12387 12032 12339 14320 14434 16819 20390 20390 18811 12580 29438 39291 49354 80934 56327 39099 40898 72391 129851 139904 319274 334154 317895 198271 158411 217357 229475 710659 299963 396211 609763 920139 400788 266941 326608 365191 328693 226806 156083 116223 74623 110392 213625 267329 179512 0 0 0 0 0 0 0 0 0 0 0 0 0 0 0 0 0 0 0 123096 0 0 0 0 0 0 0 0 0 0 0 0 0 0 0 0 0 0 0 0 0 0 0 0 0 0 0 0 0 0 0
13805 13805 13989 14567 14548 14652 18446 20551 48670 101695 153633 171318 173995 183943 148539 135040 92052 114510 158789 152837 212189 298219 289634 267794 470212 370179 351923 772492 611362 599001 3839477 2120701 422523 183752 181460 317673 607354 188633 125977 108171 104763 178483 277966 168403 0 0 0 0 0 0 0 0 0 0 0 0 0 0 0 0 0 0 0 0 0 81121 0 0 0 0 0 0 0 0 0 0 0 0 0 0 0 0 0 0 0 0 0 0 0 0 0 0 0 0 0 0
117303 53770 57143 79524 79884 66059 59099 162819 151252 146928 345416 200302 185392 207281 162324 134622 108779 103240 144170 320044 287106 323469 383083 397968 445301 613469 1079698 652067 777669 1478853 1742030 1149778 208939 187363 201800 179621 168068 167165 133572 134026 112056 203660 280120 0 0 0 0 0 0 0 0 0 0 0 0 0 0 0 0 0 0 0 0 0 0 129328 0 0 0 0 0 0 0 0 0 0 0 0 0 0 0 0 0 0 0 0 0 0 0 0 0 0 0 0 0 0
72178 77366 188030 731620 636866 242272 266390 755639 349454 184767 281549 223477 271803 844962 448139 169769 235874 324294 307879 408398 312680 320243 420182 435599 581750 637144 0 0 1049222 941570 500578 262533 239651 173659 235198 183644 172912 173912 282253 188725 226460 368867 201875 0 0 0 0 0 0 0 0 0 0 0 0 0 0 0 0 0 0 0 0 0 257634 311587 277078 0 0 0 0 0 0 0 0 0 0 0 0 0 0 0 0 0 0 0 0 0 0 0 0 0 0 0 0 0
17191 17191 75815 94324 102640 181944 218633 128116 137302 343525 1084188 349958 306877 322061 310843 462992 2339425 1111711 811541 680107 662710 674967 472728 686462 380777 0 0 0 550240 672516 299786 326047 975878 385592 467990 350932 204456 349908 414192 365610 351360 0 0 0 0 0 0 0 0 0 0 0 0 0 0 0 0 0 0 0 0 0 0 0 254512 260961 271109 140873 0 0 0 0 0 0 0 0 0 0 0 0 0 0 0 0 0 0 0 0 0 0 0 0 0 0 0 0
15333 16764 75132 109920 98044 79644 89080 124726 161490 317509 515363 351201 282705 315085 417578 812885 4386968 2283241 1226202 1187568 2430205 1156933 808140 0 0 0 0 580853 706184 513611 326009 0 0 0 418459 529013 595898 541961 396081 0 0 0 0 0 0 0 0 0 0 0 0 0 0 0 0 0 0 0 0 0 0 0 0 0 228911 237857 220547 212421 0 0 0 0 0 0 0 0 0 0 0 0 0 0 0 0 0 0 0 0 0 0 0 0 0 0 0 0
12699 16981 33387 64129 92538 130435 198816 162414 287662 347959 303824 260620 200425 428222 686472 1428572 1454588 1332379 5524073 805772 595237 586928 0 0 0 0 0 812372 0 49932 0 0 0 0 0 1383372 1080287 548768 303845 0 0 0 0 0 0 0 0 0 0 0 0 0 0 0 0 0 0 0 0 0 0 0 0 0 251700 235603 222139 182039 0 0 0 0 0 0 0 0 0 0 0 0 0 0 0 0 0 0 0 0 0 0 0 0 0 0 0 0
13120 20277 47690 112854 106105 126741 210752 146046 276920 482428 311495 327693 458922 1088965 1882824 1735767 1433798 971016 770851 0 0 0 0 0 0 0 0 0 0 0 0 0 0 0 814555 1516281 1112604 439250 312392 296872 0 0 0 0 0 0 0 0 0 0 0 0 0 0 0 0 0 0 0 0 0 0 0 198103 323376 616574 567423 0 0 0 0 0 0 0 0 0 0 0 0 0 0 0 0 0 0 0 0 0 0 0 0 0 0 0 0 0
14078 24815 133939 142801 219514 252273 254122 211210 348519 444163 309525 535150 1830740 2439091 1851741 1324928 1235408 1309281 745345 0 0 0 0 0 0 0 0 0 0 0 0 0 0 0 593098 581288 538392 605350 553591 234287 208142 0 0 0 0 0 0 0 0 0 0 0 0 0 0 0 0 0 0 0 0 0 0 401890 366411 711444 213074 0 0 0 0 0 0 0 0 0 0 0 0 0 0 0 0 0 0 0 0 0 0 0 0 0 0 0 0 0
44953 84071 161022 249339 381803 424053 316526 407975 1428331 1515379 507482 701488 809274 1775574 1419079 1109622 1166145 1179858 1289219 837587 523060 306178 0 0 0 742059 0 0 0 0 0 0 0 0 0 0 0 4839471 5817927 494028 191587 160283 0 0 0 0 0 0 0 0 0 0 0 0 0 0 0 0 0 0 0 160374 460895 393658 380984 459320 0 0 0 0 0 0 0 0 0 0 0 0 0 0 0 0 0 0 0 0 0 0 0 0 0 0 0 0 0 0
89375 119229 160763 250499 307846 326172 296893 828917 828957 476879 213484 310970 909528 1498451 1281243 1230120 1296779 1110100 1207268 1234466 1088082 1088697 412379 0 1044129 1012646 1255198 829346 1002107 0 0 0 0 0 0 0 0 3779533 3355902 837813 268016 210086 0 0 0 0 0 0 0 0 0 0 0 0 0 0 0 0 0 0 204382 456716 435377 441654 406831 381007 0 0 0 0 0 0 0 0 0 0 0 0 0 0 0 0 0 0 0 0 0 0 0 0 0 0 0 0 0 0
76821 81379 155173 204332 173302 138764 228079 630566 249530 364215 352829 620678 1901163 1807282 1371394 1590634 1242153 1961431 1864804 1657628 1957706 1380724 1460342 1065034 1137152 1206100 593901 0 0 0 0 0 0 0 0 0 0 562583 965630 445382 400123 361962 257955 0 0 0 0 0 0 0 0 0 0 0 0 0 0 0 413413 516319 432476 629288 744883 764870 872492 0 0 0 0 0 0 0 0 0 0 0 0 0 0 0 0 0 0 0 0 0 0 0 0 0 0 0 0 0 0 0
100560 94927 92217 173544 124945 150634 588322 835579 138031 601334 1178808 810192 0 1880642 1742964 1722551 1383844 1526546 1610162 1383963 1114661 1231471 1298229 1312809 2088987 0 0 0 0 0 0 0 0 0 0 0 0 491086 1502591 448178 363650 407996 292061 0 0 0 0 0 0 0 37957 0 0 0 0 0 0 613221 520383 432238 415038 954170 2407393 1657771 1115973 0 0 0 0 0 0 0 0 0 0 0 0 0 0 0 0 0 0 0 0 0 0 0 0 0 0 0 0 0 0 0
317817 132582 143067 129272 227392 661798 1043727 711043 257460 687800 656991 1058597 1549327 1620094 1825292 1688129 1674874 1983528 1592323 1352040 1032977 0 1067478 885235 0 0 0 0 0 0 0 0 0 0 0 0 0 447722 580388 685516 580937 2745522 473278 0 0 0 0 0 0 0 0 0 0 0 0 0 534986 495566 489445 409241 476031 1286913 9503951 7582470 2299892 0 0 0 0 0 0 0 0 0 0 0 0 0 0 0 0 0 0 0 0 0 0 0 0 0 0 0 0 0 0 0
439202 424778 661338 737421 734624 998769 762186 451885 627809 1030268 1833111 2114603 1350193 1654597 1750543 1755462 1758621 1751898 1650772 1331513 1689089 1524570 1182350 0 0 0 0 0 0 0 0 0 0 0 0 0 0 1693921 510038 734276 845824 1266980 0 0 0 0 0 0 0 266872 426864 592044 720208 1617505 1558168 1045202 706025 1699518 2104553 1332124 919040 990477 4313501 2393309 0 0 0 0 0 0 0 0 0 0 0 0 0 0 0 0 0 0 0 0 0 0 0 0 0 0 0 0 0 0 0 0
801770 1050022 1465382 1128712 876493 794869 731386 734864 2038110 2005243 1832014 2668592 1834077 1605043 1681859 1711281 1683200 1832477 1611943 1833921 1764722 1437033 1169041 0 0 0 0 0 0 0 0 0 0 0 0 0 160952 407884 325758 0 0 0 0 0 0 0 0 143479 502001 761386 804861 684152 701614 0 0 4790280 864565 0 0 0 0 0 0 0 0 0 0 0 0 0 0 0 0 0 0 0 0 0 0 0 0 0 0 0 0 0 0 0 0 0 0 0 0 0 0 0
1327654 3535987 2499521 794692 494081 480844 413249 534281 888152 1400438 1774026 2270168 1702528 1865224 1943734 1916574 1717393 1733395 2467720 1788752 1524326 1592234 1480933 1196679 0 0 0 0 0 0 0 0 0 0 0 0 0 129510 0 0 0 0 0 0 0 0 517621 551741 528904 499583 0 614747 636053 0 2190937 1985040 701230 0 0 0 0 0 0 0 0 0 0 0 0 0 0 0 0 0 0 0 0 0 0 0 0 0 0 0 0 0 0 0 0 0 0 0 0 0 0 0
330027 510256 388839 433221 374095 290190 301285 364857 594356 924974 2092313 2078915 2014297 2216841 2094277 1613271 1541268 1697890 1233827 1347875 1484996 1763914 1780345 1794574 1043523 0 0 0 0 0 0 0 0 0 0 0 0 0 0 0 0 0 0 0 0 2087818 0 0 0 507910 451171 369915 419389 0 257241 635329 0 0 0 0 0 0 0 0 0 0 0 0 0 0 0 0 0 0 0 0 0 0 0 0 0 0 0 0 0 0 0 0 0 0 0 0 0 0 0 0
199793 356999 259354 339785 346019 333250 489368 620832 1218125 1233955 1158117 1491775 1923306 2222110 2559659 1886271 1527412 1261866 1154595 1068781 838892 0 1488332 1850583 1582560 0 0 0 0 0 0 0 0 0 0 0 0 0 0 0 0 0 77627 512469 1076279 1728058 529563 0 114124 519788 0 0 0 0 0 0 0 0 0 0 0 0 0 0 0 0 0 0 0 0 0 0 0 0 0 0 0 0 0 0 0 0 0 0 0 0 0 0 0 0 0 0 0 0 0 0
388203 607426 423306 364224 419043 614992 466014 1085168 1662345 1446786 929609 771963 1202882 1525101 1993657 2091174 1747997 1943378 1810916 833812 709981 934886 0 2043576 1857991 1223069 0 0 0 0 0 0 0 0 0 0 0 0 0 0 0 0 0 0 0 648281 542422 331594 0 0 0 0 0 0 0 0 0 0 0 0 0 0 0 0 0 0 0 0 0 0 0 0 0 0 0 0 0 0 0 0 0 0 0 0 0 0 0 0 0 0 0 0 0 0 0 0
341863 289363 232195 298682 345087 348692 470786 890204 1513920 953685 600344 702429 1055877 1100421 1210461 1281144 1108052 1093991 1042330 908536 842659 3290830 1864109 2603253 2630700 2496126 1649716 0 0 0 0 0 0 0 0 0 0 0 0 0 0 0 0 0 403680 661888 425190 0 0 0 0 0 0 0 0 0 0 0 0 0 0 0 0 0 0 0 0 0 0 0 0 0 0 0 0 0 0 0 0 0 0 0 0 0 0 0 0 0 0 0 0 0 0 0 0 0
542471 373823 235965 294979 210369 161207 284456 449015 900609 717207 579162 828449 828145 797889 836887 761084 1110467 1225986 2029430 1087430 1105604 1607967 1343196 2335085 3571915 2399007 1629029 0 0 0 0 0 0 0 0 0 0 0 0 0 0 0 0 0 0 0 382580 0 0 0 0 0 0 0 0 0 0 0 0 0 0 0 0 0 0 0 0 0 0 0 0 0 0 0 0 0 0 0 0 0 0 0 0 0 0 0 0 0 0 0 0 0 0 0 0 0
929068 824446 556849 477896 340688 293762 357365 450372 640386 605057 615491 1422920 1231399 882369 786114 514807 507584 1147202 1350703 1338578 1829157 1111381 1095048 1339661 0 2593356 7777549 0 0 0 0 0 0 0 0 0 0 0 0 0 0 0 0 0 0 0 0 0 0 0 0 0 0 0 0 0 0 0 0 0 0 0 0 0 0 0 0 0 0 0 0 0 0 0 0 0 0 0 0 0 0 0 0 0 0 0 0 0 0 0 0 0 0 0 0 0
1276456 961636 631431 539788 447343 446502 922108 667081 775601 988040 1368792 1934016 4036417 1792534 1129181 768885 623504 1156833 1465926 1137989 815691 721599 628760 986489 1636325 2047624 1518003 0 0 0 0 0 0 0 0 0 0 0 0 0 0 0 0 0 0 0 0 0 0 0 0 0 0 0 0 0 0 0 0 0 0 0 0 0 0 0 0 0 0 0 0 0 0 0 0 0 0 0 0 0 0 0 0 0 0 0 0 0 0 0 0 0 0 0 0 0
622752 472551 489416 454777 337647 327399 593354 1105372 1444212 1218238 1413924 1241012 1263959 1623098 1424025 1284683 907819 957027 455975 413493 493430 461798 458697 974740 3143557 1238068 0 0 0 0 0 0 0 0 0 0 0 0 0 0 0 0 0 0 0 0 0 0 0 0 0 0 0 0 0 0 0 0 0 0 0 0 0 0 0 0 0 0 0 0 0 0 0 0 0 0 0 0 0 0 0 0 0 0 0 0 0 0 0 0 0 0 0 0 0 0
