dashboard/data/pop/popcount/gpw_pop_counts_qd_1990.asc
ncols 1440 
nrows 720
xllcorner -180
yllcorner -90
cellsize .25
NODATA_value -99
[rows 64 to 127 of 720, columns 768 to 863 of 1440]
0 0 0 0 0 0 0 0 0 0 0 0 0 0 0 0 0 0 0 0 0 0 0 0 0 0 0 0 0 0 0 0 0 0 0 0 0 0 0 0 0 0 0 0 0 0 0 0 0 0 0 0 0 0 0 0 0 0 0 0 0 0 0 0 0 0 0 0 0 0 0 0 0 0 0 0 0 0 0 0 0 0 0 0 0 0 0 0 0 0 0 0 0 0 0 0
0 0 0 0 0 0 0 0 0 0 0 0 0 0 0 0 0 0 0 0 0 0 0 0 0 0 0 0 0 0 0 0 0 0 0 0 0 0 0 0 0 0 0 0 0 0 0 0 0 0 0 0 0 0 0 0 0 0 0 0 0 0 0 0 0 0 0 0 0 0 0 0 0 0 0 0 0 0 0 0 0 0 0 0 0 0 0 0 0 0 0 0 0 0 0 0
0 0 0 0 0 0 0 0 0 0 0 0 0 0 0 0 0 0 0 0 0 0 0 0 0 0 0 0 0 0 0 0 0 0 0 0 0 0 0 0 0 0 0 0 0 0 0 0 0 0 0 0 0 0 0 0 0 0 0 0 0 0 0 0 0 0 0 0 0 0 0 0 0 0 0 0 0 0 0 0 0 0 0 0 0 0 0 0 0 0 0 0 0 0 0 0
0 0 0 0 0 0 0 0 0 0 0 0 0 0 0 0 0 0 0 0 0 0 0 0 0 0 0 0 0 0 0 0 0 0 0 0 0 0 0 0 0 0 0 0 0 0 0 0 0 0 0 0 0 0 0 0 0 0 0 0 0 0 0 0 0 0 0 0 0 0 0 0 0 0 0 0 0 0 0 0 0 0 0 0 0 0 0 0 0 0 0 0 0 0 0 0
0 0 0 0 0 0 0 0 0 0 0 0 0 0 0 0 0 0 0 0 0 0 0 0 0 0 0 0 0 0 0 0 0 0 0 0 0 0 0 0 0 0 0 0 0 0 0 0 0 0 0 0 0 0 0 0 0 0 0 0 0 0 0 0 0 0 0 0 0 0 0 0 0 0 0 0 0 0 0 0 0 0 0 0 0 0 0 0 0 0 0 0 0 0 0 0
0 0 0 0 0 0 0 0 0 0 0 0 0 0 0 0 0 0 0 0 0 0 0 0 0 0 0 0 0 0 0 0 0 0 0 0 0 0 0 0 0 0 0 0 0 0 0 0 0 0 0 0 0 0 0 0 0 0 0 0 0 0 0 0 0 0 0 0 0 0 0 0 0 0 0 0 0 0 0 0 0 0 0 0 0 0 0 0 0 0 0 0 0 0 0 0
0 0 0 0 0 0 0 0 0 0 0 0 0 0 0 0 0 0 0 0 0 0 0 0 0 0 0 0 0 0 0 0 0 0 0 0 0 0 0 0 0 0 0 0 0 0 0 0 0 0 0 0 0 0 0 0 0 0 0 0 0 0 0 0 0 0 0 0 0 0 0 0 0 0 0 0 0 0 0 0 0 0 0 0 0 0 0 0 0 0 0 0 0 0 0 0
0 0 0 0 0 0 0 0 0 0 0 0 0 0 0 0 0 0 0 0 0 0 0 0 0 0 0 0 0 0 0 0 0 0 0 0 0 0 0 0 0 0 0 0 0 0 0 0 0 0 0 0 0 0 0 0 0 0 0 0 0 0 0 0 0 0 0 0 0 0 0 0 0 0 0 0 0 0 0 0 0 0 0 0 0 0 0 0 0 0 0 0 0 0 0 0
0 0 0 0 0 0 0 0 0 0 0 0 0 0 0 0 0 0 0 0 0 0 0 0 0 0 0 0 0 0 0 0 0 0 0 0 0 0 0 0 0 0 0 0 0 0 0 0 0 0 0 0 0 0 0 0 0 0 0 0 0 0 0 0 0 0 0 0 0 0 0 0 0 0 0 0 0 0 0 0 0 0 0 0 0 0 0 0 0 0 0 0 0 0 0 0
0 0 0 0 0 0 0 0 0 0 0 0 0 0 0 0 0 0 0 0 0 0 0 0 0 0 0 0 0 0 0 0 0 0 0 0 0 0 0 0 0 0 0 0 0 0 0 0 0 0 0 0 0 0 0 0 0 0 0 0 0 0 0 0 0 0 0 0 0 0 0 0 0 0 0 0 0 0 0 0 0 0 0 0 0 0 0 0 0 0 0 0 0 0 0 0
0 0 0 0 0 0 0 0 0 0 0 0 0 0 0 0 0 0 0 0 0 0 0 0 0 0 0 0 0 0 0 0 0 0 0 0 0 0 0 0 0 0 0 0 0 0 0 0 0 0 0 0 0 0 0 0 0 0 0 0 0 0 0 0 0 0 0 0 0 0 0 0 0 0 0 0 0 0 0 0 0 0 0 0 0 0 0 0 0 0 0 0 0 0 0 0
0 0 0 0 0 0 0 0 0 0 0 0 0 0 0 0 0 0 0 0 0 0 0 0 0 0 0 0 0 0 0 0 0 0 0 0 0 0 0 0 0 0 0 0 0 0 0 0 0 0 0 0 0 334 630 467 0 0 0 0 0 0 70 0 0 0 0 0 0 0 0 0 0 0 0 0 0 0 0 0 0 0 0 0 0 0 0 0 0 0 0 0 0 0 0 0
0 0 0 0 0 0 0 0 0 0 0 0 0 0 0 0 0 0 0 0 0 0 0 0 0 0 0 0 0 0 0 0 0 0 0 0 0 0 0 0 0 0 0 59 0 0 0 43 0 0 0 0 278 504 836 0 116 420 0 0 20 81 148 0 0 0 0 139 0 0 0 0 0 0 0 0 0 0 0 0 0 0 0 0 0 0 0 0 0 0 0 0 0 0 0 0
0 0 0 0 0 0 0 0 0 0 0 0 0 0 0 0 0 0 0 0 0 0 0 0 0 0 0 0 0 0 0 0 0 0 0 0 0 0 0 0 0 0 0 1442 0 0 1138 1458 0 0 0 324 287 133 94 0 419 146 0 0 88 171 264 0 0 0 0 280 0 0 325 289 244 0 0 0 0 0 0 0 0 0 0 0 0 0 0 0 0 0 0 0 0 0 0 0
0 0 0 0 0 0 0 0 0 0 0 0 0 0 0 0 0 0 0 0 0 0 0 0 0 0 0 0 0 0 37 0 0 0 0 0 0 0 139 152 135 0 0 872 1338 1003 516 185 189 193 0 0 0 39 199 244 142 124 88 114 123 182 227 207 212 202 212 212 517 1082 825 679 662 915 1083 0 0 0 0 0 0 0 0 0 0 0 0 0 0 0 0 0 0 0 0 0
0 0 0 0 0 0 0 0 0 0 0 0 0 0 0 0 0 0 0 0 0 0 0 0 0 0 0 0 0 187 260 0 0 0 0 0 0 0 284 304 367 0 0 752 147 765 1055 665 220 243 0 0 0 213 248 229 131 163 177 185 218 220 187 180 224 209 177 147 264 825 894 1009 861 392 13 0 0 0 0 0 0 0 0 0 0 0 0 0 0 0 0 0 0 0 0 0
0 0 0 0 0 0 0 0 0 0 0 0 0 0 0 0 0 0 0 0 0 0 0 0 0 0 1514 4066 2444 0 0 0 0 0 473 531 221 338 211 123 199 468 1043 1077 950 995 1076 1074 802 222 0 244 251 251 218 188 189 155 105 110 120 84 77 77 111 226 425 551 581 609 464 286 0 0 0 0 0 0 0 0 813 595 0 0 0 0 0 0 0 0 0 0 0 0 0 0
0 0 0 0 0 0 0 0 0 0 0 0 0 0 0 0 0 0 0 0 0 0 0 0 0 3950 4415 2932 4523 0 0 0 0 0 633 503 382 375 328 236 237 211 412 388 322 248 259 323 258 117 0 139 144 143 139 123 81 78 78 78 78 79 85 94 121 0 133 162 310 648 607 653 0 0 0 0 0 0 0 0 811 835 0 0 0 0 0 0 0 0 0 0 0 0 0 0
0 0 0 0 0 0 0 0 0 0 0 0 0 0 0 0 0 0 0 0 0 999 2026 2658 2262 2003 1119 1366 1945 0 0 1932 519 372 654 742 623 323 357 379 379 219 86 85 85 85 85 85 86 130 141 141 141 141 139 91 79 86 97 108 120 133 135 135 127 0 0 158 364 767 910 1084 1226 1298 1298 1298 1298 1297 1177 991 942 877 814 669 3268 0 0 0 0 0 0 0 0 0 0 0
0 0 0 0 0 0 0 0 0 0 0 0 0 0 0 0 0 0 0 0 0 0 924 1676 2420 1398 595 751 948 1013 1055 836 369 349 309 268 128 84 95 227 292 0 0 86 86 86 86 86 86 91 114 142 142 142 138 120 132 136 136 136 136 133 0 0 0 70 128 587 821 1252 0 0 1314 1314 1314 1314 1228 1032 955 955 955 955 955 52131 223068 74865 3269 2176 2769 3965 4976 5164 5754 6716 5070 3935
0 0 0 0 0 0 0 0 0 0 0 0 0 0 0 0 0 0 0 0 0 0 1145 1479 1148 390 460 553 605 614 614 614 605 424 376 318 203 98 85 85 85 0 0 87 87 87 87 87 87 87 87 92 116 138 140 138 138 138 138 138 121 78 0 0 0 158 529 1282 1329 1329 0 0 1329 1329 1274 1080 967 966 966 966 966 947 920 51993 123041 15231 966 966 966 966 966 966 1175 1598 874 1134
0 0 0 0 0 0 0 0 0 0 0 2948 2163 2737 2868 1471 1283 7497 4026 1680 1671 1730 1745 1778 798 390 393 391 378 437 509 562 496 382 380 380 380 354 260 174 87 86 86 87 87 87 86 86 86 86 87 95 128 140 140 140 140 140 140 140 140 139 139 137 140 188 954 1344 1344 1344 1344 1344 1301 1018 847 657 477 0 831 934 936 970 977 977 977 954 366 250 238 226 214 202 189 130 146 113
0 0 0 0 0 0 0 0 0 0 0 2947 2477 1226 982 563 469 765 899 675 1185 1843 2471 2674 1473 384 343 270 328 317 313 335 387 384 384 384 384 384 384 384 360 342 287 215 109 87 87 87 87 105 147 162 181 168 158 153 168 176 180 182 185 188 199 219 239 253 1121 1358 1358 1358 1345 1182 1009 941 881 871 776 0 988 988 988 988 1204 1764 1744 1760 806 132 105 105 104 105 100 95 105 105
0 0 0 0 0 1111 3636 0 0 0 0 0 0 0 275 399 0 300 559 725 877 1691 2334 2675 1070 388 388 388 388 388 384 348 371 388 388 388 388 388 388 388 388 388 388 388 319 292 348 282 170 218 222 222 222 222 222 238 252 209 189 244 257 212 251 262 251 244 258 556 784 1061 1041 999 996 818 781 998 999 999 999 1923 4704 6955 0 0 8256 7486 7360 3698 107 95 96 107 95 102 107 107
0 0 0 0 0 0 0 0 0 0 0 0 744 500 712 581 548 457 454 283 342 408 384 498 411 405 404 404 404 404 401 397 392 392 392 392 392 392 392 392 392 392 381 353 320 322 423 448 367 224 224 224 224 224 224 234 275 275 272 269 274 176 104 217 157 83 79 79 79 114 667 1000 1010 1010 1059 0 0 2098 3030 7420 7474 7474 7474 6640 0 8245 7775 6158 1935 0 108 107 54 101 108 108
0 0 0 0 0 0 0 0 0 0 0 0 2035 513 577 523 558 519 183 103 106 113 194 264 327 420 425 425 425 425 425 425 424 421 414 405 397 397 397 397 390 343 322 322 322 331 449 482 504 271 227 227 227 227 227 268 278 278 278 278 278 248 193 118 80 80 80 80 94 211 301 452 1917 2519 2832 0 0 2865 2829 4067 5559 7016 6806 5260 0 8307 5920 4582 4550 0 2654 122 100 109 109 109
0 0 0 0 0 0 0 554 137 2499 6578 8880 4322 2072 904 807 274 158 69 103 107 107 107 107 107 146 205 274 0 429 429 429 429 429 429 429 428 427 425 400 336 326 326 326 326 335 390 557 559 471 247 229 229 233 254 280 281 281 281 281 266 175 135 88 81 81 81 139 294 316 893 1732 1927 2395 2885 2904 2899 2677 0 0 3972 11365 25171 9098 8484 9092 7453 4630 4630 4630 3145 113 110 110 110 110
0 0 0 0 0 0 0 148 497 2945 5946 2089 765 771 1382 2017 2163 1058 96 104 108 108 108 108 108 108 108 108 0 173 236 411 434 434 434 434 434 434 434 419 341 329 329 329 329 329 441 572 573 565 523 617 616 593 560 535 390 285 282 266 268 300 248 216 190 188 217 309 547 1507 1933 1933 1933 1933 2137 2382 2050 1933 1933 0 1769 1379 1200 3166 5402 4801 3666 2395 3201 3479 1728 175 166 153 141 128
0 0 0 0 0 0 0 2124 1543 816 360 387 839 732 732 619 220 87 81 89 92 100 108 101 104 103 100 102 101 108 109 154 264 365 434 438 438 438 438 438 428 367 335 333 333 596 659 787 955 925 894 876 829 829 829 829 829 759 823 960 1012 988 960 600 319 319 319 319 1448 1953 1953 1953 1953 1953 1953 1801 1747 1895 1568 1262 1313 1793 0 0 0 166 150 175 159 0 178 167 130 173 178 178
0 0 0 0 375 676 1139 918 1060 1355 1582 1322 1608 980 465 113 90 90 90 90 90 87 78 93 98 101 99 101 106 94 110 110 110 110 135 246 427 443 443 444 497 517 510 472 586 706 782 885 965 780 922 907 844 838 12630 2461 838 838 868 1015 1010 737 842 993 682 322 322 322 352 1027 1207 1217 1227 1236 1294 1598 1436 1133 1699 1586 651 1606 1955 1488 721 360 15 0 0 0 0 0 0 179 179 179
0 0 0 0 1872 1345 1567 1557 1689 1811 1811 1811 1811 1329 104 94 91 91 91 91 82 78 90 88 91 91 92 110 111 111 111 111 111 111 282 1200 1006 853 1394 1691 1228 523 523 523 629 790 831 919 971 1373 1818 904 847 846 5317 16788 846 846 807 815 937 895 734 661 541 487 780 796 806 847 671 406 406 406 406 414 408 368 393 729 934 720 568 406 392 320 156 0 0 0 0 0 0 0 91 109
386 1214 1785 1111 1492 1687 1446 1076 1228 1435 1022 904 636 194 142 140 127 112 101 94 92 0 0 0 85 92 128 173 272 197 164 128 112 472 2049 2343 2343 2343 2343 2843 9274 5346 2970 2393 2324 1571 2055 3392 5727 6048 1382 834 835 851 869 734 631 574 544 488 0 522 510 503 442 429 387 888 1035 1050 1048 778 410 410 333 0 0 404 396 361 394 410 410 409 391 333 397 0 0 196 0 0 0 0 0 0
534 4110 4509 1941 1929 2174 1857 975 574 557 427 311 306 252 176 144 143 143 143 135 119 0 0 0 81 128 434 437 437 437 437 434 734 1648 1856 2058 2297 2366 2365 4035 9801 7606 3978 2657 3100 2647 2815 3228 4165 6022 11584 3852 1944 918 901 624 558 523 523 523 0 583 588 565 557 629 996 1060 1060 1050 863 1002 609 414 414 0 0 370 296 233 359 414 384 208 373 396 366 0 0 414 0 0 0 0 0 0
337 572 874 923 1977 610 270 198 186 211 303 314 0 0 289 301 257 212 153 144 133 132 130 119 102 306 434 441 441 441 548 771 1280 2717 2627 2053 2357 4500 7673 8485 8545 0 0 0 0 0 0 0 0 0 0 0 0 1090 1617 886 758 609 607 608 620 623 623 677 690 690 774 894 995 1056 1068 646 392 0 0 394 397 396 314 217 0 0 415 406 395 366 397 0 0 308 0 0 0 0 0 0
1162 1706 1723 1902 828 281 281 232 213 219 322 322 322 313 305 315 319 305 0 0 180 150 146 146 195 742 714 610 506 446 896 3354 3949 4081 4186 4195 4193 3622 0 0 0 0 0 0 0 0 0 0 0 0 0 0 0 2567 2298 2633 1393 719 629 629 629 629 629 648 678 698 706 717 720 726 673 249 244 243 0 0 244 246 293 291 278 234 241 327 326 326 325 0 299 247 0 0 0 0 0 0
668 360 517 575 350 269 240 203 212 349 335 328 328 328 328 328 316 0 0 0 0 313 272 235 667 822 810 812 843 768 1450 3292 3563 3563 3589 3688 3754 3705 0 0 0 0 0 0 0 0 0 0 0 0 0 0 0 19873 33470 14922 1862 994 767 658 659 620 608 601 625 731 731 716 561 701 636 362 246 224 209 0 0 186 185 246 246 246 263 300 302 302 302 302 302 301 0 0 0 0 0 485
1285 928 490 289 257 191 149 233 433 477 474 442 411 392 362 316 303 317 311 329 326 324 366 681 839 839 0 860 896 997 1065 0 0 3596 3596 3596 2777 385 0 0 0 0 0 0 0 0 0 0 0 0 867 1159 1490 8606 35523 21557 3633 4933 861 720 763 623 577 577 646 797 732 638 670 738 565 327 273 247 209 239 248 248 211 201 246 248 268 320 519 538 524 510 495 481 0 0 0 0 0 0
920 668 650 519 232 163 203 382 447 482 482 482 481 460 446 433 363 296 306 331 334 334 585 837 847 847 0 847 828 1241 2270 0 0 3630 3630 3630 3380 1198 0 0 0 0 0 0 0 0 0 0 0 0 13794 2844 2255 2266 2203 3067 4430 1949 893 918 1019 855 662 870 831 857 871 861 840 796 782 775 353 247 34011 251 251 250 250 226 251 251 266 380 782 782 782 782 782 782 0 0 0 0 0 0
972 553 507 476 325 199 199 200 409 544 530 490 484 478 482 467 451 438 394 326 331 329 328 429 569 811 854 853 809 807 807 983 6471 4232 3073 2553 3074 2439 0 0 0 0 0 0 0 0 0 0 2834 2470 3969 4367 3258 2401 1483 1509 1356 1169 1123 473 0 0 0 4303 2176 1199 994 849 838 809 775 825 0 391 377 370 362 334 303 266 317 321 441 759 0 778 789 789 789 789 789 755 423 228 302 0
1866 432 371 385 392 354 326 255 576 754 760 632 471 419 451 390 491 481 477 363 331 331 331 331 331 356 605 817 788 1005 1664 4602 12459 11830 3857 1761 293 0 0 0 0 0 0 0 0 0 0 0 4819 5367 6829 6098 3699 2651 2316 1460 1179 917 898 1406 0 0 0 4872 1171 1182 1407 1195 650 780 731 821 0 827 436 356 395 405 405 405 405 405 405 421 0 691 722 753 718 545 749 796 788 796 796 0
3561 2715 957 382 420 626 769 769 769 0 0 743 525 427 421 478 495 495 1081 1346 1302 1986 1850 2060 2545 2698 1430 1316 1178 1283 4924 10208 13892 13362 0 0 0 0 0 0 0 0 0 8577 18609 10389 2593 4427 3415 2402 3351 5173 6416 3684 2654 1906 1912 1969 2436 1853 1681 2474 3826 0 0 1432 1451 1445 1468 1467 1422 845 771 526 408 283 344 408 408 408 408 430 487 461 402 481 657 666 663 478 566 693 598 794 803 0
2080 772 471 373 355 515 774 776 776 776 2295 3351 929 499 498 699 1245 1291 1455 1530 1560 2844 3126 3126 3126 3126 3126 3116 2744 0 0 0 0 0 0 0 0 0 0 0 0 507 19209 6459 5129 3843 3696 3399 2351 2299 1426 1960 2531 2894 2299 1456 1893 0 2844 5360 6601 5793 2373 1436 1145 929 1386 1819 2168 2295 1939 1633 1274 601 314 384 355 412 412 412 412 447 1211 1189 1020 844 969 699 38943 508 51 0 676 701 719 738
615 468 416 475 463 457 601 628 607 730 5128 9151 8134 4326 1014 953 1208 1495 1543 1543 1543 1812 2902 3103 3153 3153 3115 2983 2578 0 0 0 0 0 0 0 0 0 0 0 0 3042 4130 4563 3659 3334 3293 2965 1994 1434 1202 1381 1653 1710 1535 1596 0 0 1680 3263 6463 4085 4021 2509 2062 1759 1097 1885 1297 802 1113 1371 1639 1671 1370 1010 530 416 416 416 416 416 770 1190 1167 940 388 346 656 671 0 0 435 476 664 677
400 479 466 479 480 484 500 487 387 0 0 0 5961 1521 923 921 918 951 1171 1481 1615 2493 3113 3443 4377 3444 1539 457 0 0 0 0 0 0 0 0 0 0 39264 15149 5866 3934 5241 6474 5678 5404 2526 4360 4167 1955 0 0 0 1773 1847 0 2266 2072 1145 1970 3156 5543 13756 5774 3559 3416 2664 1728 1686 1756 1136 1175 1721 1724 1422 1199 1110 564 0 0 0 0 419 575 1073 1201 981 934 1091 1120 1135 1118 1165 1180 1195 1209
416 502 510 511 513 514 515 515 515 0 0 0 1064 861 861 861 861 1354 5560 7340 6020 7053 6802 5262 3953 2412 181 0 0 0 0 0 0 0 0 0 0 2669 5930 5386 5597 5482 8909 20389 7643 5599 4094 3479 2267 1930 0 0 0 2325 4095 0 1828 1836 2034 1472 3914 20656 20752 13405 16835 3707 1765 2835 3642 2324 1629 3725 2463 2308 891 826 964 948 666 0 0 0 554 661 826 1095 1171 1150 1128 1165 878 994 1298 1323 1323 1321
622 388 402 408 415 429 420 436 517 519 828 983 1041 1092 1145 1261 1283 2988 9322 9699 9237 8367 8842 7509 0 0 0 0 0 0 0 0 0 0 0 0 1794 3884 4182 4538 6179 8048 6690 15113 0 0 4378 3649 2962 2907 1462 1594 3168 3592 6616 9640 2606 2062 0 0 3760 4899 8181 2739 1893 2171 1693 0 5425 3292 14708 41006 3611 2566 1512 1032 970 799 716 716 716 716 716 716 705 645 603 480 493 669 933 603 0 0 925 1163
720 392 391 391 391 391 391 391 431 491 488 842 1312 1351 1396 1396 1400 4368 9812 9812 9770 7800 2183 0 0 0 0 0 0 0 0 0 0 0 0 0 0 3482 4477 4314 4352 4509 4244 4266 3442 3357 3365 2899 3231 3341 2662 1835 2385 6335 25247 18979 7033 3451 3060 2496 0 2083 2878 0 0 0 0 1592 2417 1563 1812 3968 4459 2334 2025 1353 787 722 722 722 0 0 722 722 658 648 647 0 477 8110 432 0 1301 1256 0 589
407 432 429 420 401 396 394 394 394 394 394 394 458 1004 1409 1409 2743 4842 4546 4759 5427 5540 0 0 0 0 0 0 0 0 0 0 0 0 0 0 0 0 3728 1771 2764 3348 2581 3218 2996 2287 2124 2362 2621 3767 9403 4612 5482 4009 44569 20628 3636 2474 2277 2246 0 0 2922 0 0 0 0 2957 2048 1790 2513 3113 4230 3654 5210 2376 709 728 728 728 0 0 728 713 709 744 704 0 0 21008 0 0 605 679 0 857
417 437 437 437 437 413 398 398 398 398 765 792 1142 1420 1420 1420 1508 4900 4665 4455 3958 0 0 0 0 0 0 0 0 0 0 0 0 0 0 0 0 0 3320 1802 3981 6773 4919 3827 3250 3208 0 0 9717 3636 3045 3555 6563 0 0 2311 1908 2075 0 0 2981 3860 2446 2411 2438 3286 6415 0 0 0 1631 2154 0 6655 6883 3629 1497 967 734 734 818 792 801 975 671 1157 1380 1451 7993 126226 0 0 0 0 0 448
649 624 502 441 446 440 425 429 1327 1038 1457 1432 1492 1760 1924 1720 2495 3896 5428 5595 3850 0 0 0 0 0 0 0 0 0 0 0 0 0 0 0 0 0 36139 18221 4194 4089 3596 4416 6163 10274 0 0 37147 5268 2839 1693 1821 0 0 2741 2154 2113 0 0 13750 24389 2635 1625 1629 1361 2754 0 0 0 4475 3634 0 6310 4725 1019 1273 1746 16613 1363 1384 1391 1391 1391 1385 1391 1391 1893 2256 153800 0 0 0 0 0 0
921 921 903 771 931 521 444 444 1397 2115 1619 1616 2019 2359 2556 2573 3277 5407 6168 9396 5824 0 0 0 0 0 0 0 0 0 0 0 0 0 0 0 0 0 20068 24791 15272 5973 6576 8183 10907 17091 23010 37889 12331 5508 2995 2712 2673 0 0 3124 3023 2594 0 0 2354 1674 1845 0 0 1295 1961 0 4144 4349 3623 3534 3127 0 0 222 29 0 0 0 2490 2288 1964 2390 3116 1995 1403 1613 2033 2033 1984 1899 1916 1197 0 0
1728 990 1003 1031 1038 932 816 993 1684 2556 1967 1843 2093 2140 2361 3345 5037 4820 5259 9891 9056 0 0 0 0 0 0 0 0 0 0 0 0 0 0 0 0 12881 29996 7042 7042 6091 7603 7263 5334 4567 7885 17705 11740 12538 15631 3811 4117 8529 21081 16713 19655 0 2686 4013 3469 2717 3137 6013 10132 11402 13399 32136 6208 6218 3985 3264 1249 0 0 0 0 0 0 0 0 0 0 3185 3185 3086 1779 1347 1176 1346 1034 685 969 1193 0 0
2925 1781 1332 1228 1085 1046 1633 0 0 2743 2106 2185 2668 3941 6914 9523 8547 4214 3555 9769 17307 0 0 0 0 0 0 0 0 0 0 0 0 0 0 0 975 8190 9325 6562 6492 3565 4814 5287 11945 8377 20011 5130 5584 21435 17638 11728 7008 11550 66225 24315 0 0 49242 14289 7527 4819 2436 6525 14716 16354 8995 6367 6068 5596 3929 3448 23369 0 0 0 0 0 0 0 0 0 0 0 2872 1740 1088 974 926 23984 912 928 936 942 0 764
3113 2950 1562 1347 1327 1133 1054 1200 2060 2434 4300 4500 5074 15287 0 0 9036 11411 11468 15206 20338 0 0 1652 0 0 0 0 0 0 0 0 0 0 0 0 0 0 0 5780 20337 73980 11557 6574 5734 5458 4864 4299 7407 7363 33139 38337 24817 9246 6918 4746 3960 5406 7796 46523 18817 7125 3346 0 0 0 0 86426 6417 6321 3520 3546 3606 3638 1993 0 0 0 0 0 0 0 172 713 894 867 26146 895 897 929 942 942 950 1032 1035 1035
4279 4311 1720 1357 1357 1530 2278 1383 1801 1821 3722 5984 14854 23153 0 0 7454 11257 12411 15008 13204 0 5099 5322 0 0 0 0 0 0 0 0 0 0 0 0 0 0 0 0 74416 70631 11559 8643 26208 5566 3122 6955 19047 15676 87032 173709 176248 13072 30500 8401 5963 5405 2095 7825 3823 466 217 0 0 0 0 5395 6466 6437 5318 7175 8748 9872 15365 0 0 0 0 0 0 0 1370 2904 2602 2218 1375 902 902 902 921 949 954 1152 1170 1165
5253 6137 3088 2071 2405 3254 3259 3039 3666 6208 6780 6186 6426 5074 5553 7400 9948 12060 8430 4507 5803 16363 15561 14471 9034 8934 5549 1858 0 0 0 0 0 0 0 0 0 0 0 0 0 4325 3965 0 0 6305 8794 12045 0 0 88389 0 0 0 0 0 0 0 0 0 0 0 0 0 0 0 0 0 0 0 0 0 502224 22707 16253 15450 3562 0 6076 3051 2489 1733 2772 3229 2547 2274 2401 875 869 875 858 833 975 1222 1222 1222
4139 4585 5715 4319 3891 6133 6193 3667 3119 3144 3190 4037 5378 5847 4607 10831 11155 17201 13369 8067 15127 25857 27171 27171 24178 15492 9201 7148 0 0 0 0 0 0 0 0 0 0 0 0 0 0 0 0 0 2989 2293 768 0 0 0 0 0 0 0 0 0 0 0 0 0 0 0 0 0 0 0 0 0 0 0 827806 866322 777386 35466 17197 8951 0 8955 3254 3254 51620 3254 3254 2450 807 807 807 807 807 807 847 1300 1384 1234 1231
3449 5253 4766 5598 8906 10748 19675 18802 4123 4758 4027 6137 7517 7067 10628 12178 21432 46195 40490 24880 10631 16337 32219 57671 28210 20001 13414 3356 0 0 0 0 0 0 0 0 0 0 0 0 0 0 0 0 0 0 0 0 0 0 0 0 0 0 0 0 0 0 0 0 0 0 0 0 0 2677 3518 3943 10610 11805 17297 167690 679327 656375 70734 9512 10329 10799 10032 2462 2580 3255 2996 1696 826 71915 813 1110 1156 1021 919 1319 1448 1445 1325 1241
2528 0 5716 7120 12597 17964 0 0 0 14181 23592 16359 28728 21803 0 17411 20140 28194 27171 15802 11435 9232 22357 0 504664 49664 0 0 0 0 0 0 0 0 0 0 0 0 0 0 0 0 0 0 0 0 185 9398 20151 43305 44412 50977 53987 53834 51186 30784 9052 9052 9463 21366 19809 0 0 15596 11379 14040 53982 4183 8644 8715 12938 23064 24452 13587 7714 7714 7714 7921 3291 3001 56613 2253 2005 1031 940 962 1049 22929 26508 1459 1459 1459 1459 1472 1254 1250
0 0 8193 4343 4268 0 0 0 0 10706 6887 10183 25625 22826 0 0 13627 17909 12605 9516 9024 35830 0 0 131063 45166 0 0 0 0 0 0 0 0 0 0 0 0 0 0 0 0 0 0 0 0 5491 23538 41678 42352 19120 16378 38572 45959 7604 7074 8984 9118 9118 19565 26179 0 0 8691 42990 1645 1759 2801 4950 6011 4523 5297 18654 12227 6546 7319 7756 6501 4618 4426 4450 3294 2196 1373 1361 1361 1361 1568 1887 1782 1676 1964 2618 3046 2928 2155
4231 6889 0 0 0 0 0 4783 9742 0 0 5274 7793 11214 10240 8442 15793 13904 10833 12044 12083 0 0 0 0 0 0 0 0 0 0 0 0 0 0 0 0 0 0 0 0 1575 4255 0 0 0 4486 5699 5703 5395 5395 5396 5445 7348 6782 6770 7110 7705 7656 14809 0 0 0 2153 2196 2045 1917 2430 2714 2714 38026 8468 2714 2714 2702 4186 5908 5456 4771 4071 2924 2906 2803 2364 1371 1371 1371 2268 2389 2389 2389 2472 2851 3233 3315 2530
9554 12796 0 0 0 0 0 17559 10762 0 0 3384 16269 21483 19737 17064 29303 24527 24793 11871 14170 0 0 0 0 0 0 0 0 0 0 0 0 0 0 0 0 0 0 0 0 1455 2976 0 0 0 4423 6586 7257 7163 7678 7608 7724 7627 7768 7333 6680 7995 8922 12699 0 0 0 1923 2480 2479 2528 2538 2626 2711 2733 2733 2290 1957 1880 2635 51072 127041 5861 5481 3055 2927 3013 4390 4051 2737 2155 2784 2746 2023 1950 1965 2549 5309 5379 4833
26403 22040 10595 14573 17271 16290 17226 26631 20294 0 0 0 17534 29254 32142 27735 10798 8043 12066 0 0 0 0 0 0 0 0 0 0 0 0 0 0 0 0 0 0 0 0 1751 5085 5517 5434 4147 0 0 833 5309 7322 4172 7130 7954 8094 8341 8419 7326 10553 22212 22213 22213 22003 0 0 2298 2500 2569 2066 2145 2233 2320 2513 2730 2459 2394 2667 4821 22803 0 4127 4981 2460 2449 2906 3986 5965 6052 4062 10901 57370 0 1748 1737 2129 3561 3392 3181
23970 39493 19078 9992 9420 11868 12412 11266 9985 3002 11148 10349 4787 20789 13920 6211 7276 7233 0 0 0 0 0 0 0 0 0 0 0 0 0 0 0 0 0 0 0 0 0 38 3074 0 0 0 0 0 0 0 0 993 8011 8033 8802 8735 8474 8367 11297 14386 12517 8925 7104 8603 2370 0 0 4241 2580 2066 2066 2200 2862 5004 5202 5242 3074 2522 1596 1895 3421 3980 3273 2407 2792 3437 4914 5850 5606 3998 4052 3646 2546 1916 1939 2006 1936 2371
