dashboard/data/pop/popcount/gpw_pop_counts_qd_1990.asc
ncols 1440 
nrows 720
xllcorner -180
yllcorner -90
cellsize .25
NODATA_value -99
[rows 64 to 127 of 720, columns 960 to 1055 of 1440]
0 0 0 0 0 0 0 0 0 0 0 0 0 0 0 0 0 0 0 0 0 0 0 0 0 0 0 0 0 0 0 0 0 0 0 0 0 0 0 0 0 0 0 0 0 0 0 0 0 0 0 0 0 0 0 0 0 0 0 0 0 0 0 0 0 0 0 0 0 0 0 0 0 0 0 0 0 0 0 0 0 0 0 0 0 0 0 0 0 0 0 0 0 0 0 0
0 0 0 0 0 0 0 0 0 0 0 0 0 0 0 0 0 0 0 0 0 0 0 0 0 0 0 0 0 0 0 0 0 0 0 0 0 0 0 0 0 0 0 0 0 0 0 0 0 0 0 0 0 0 0 0 0 0 0 0 0 0 0 0 0 0 0 0 0 0 0 0 0 0 0 0 0 0 0 0 0 0 0 0 0 0 0 1 1 2 2 2 2 2 2 2
0 0 0 0 0 0 0 0 0 0 0 0 0 0 0 0 0 0 0 0 0 0 0 0 0 0 0 0 0 0 0 0 0 0 0 0 0 0 0 0 0 21 23 24 21 11 0 0 0 0 0 0 0 0 0 0 0 0 0 0 0 0 0 0 0 0 0 0 0 0 0 0 0 0 0 0 0 0 0 0 0 0 0 0 3 3 3 3 3 3 3 3 3 3 3 3
0 0 0 0 0 0 0 0 0 0 0 0 0 0 0 0 0 0 0 0 0 0 0 0 0 0 0 0 0 0 0 0 0 0 0 0 0 0 0 0 0 24 19 15 14 10 0 0 0 0 0 0 0 0 0 0 0 0 0 0 0 0 0 0 0 0 0 0 0 0 0 0 0 0 0 0 0 0 0 0 0 0 0 3 3 3 3 3 3 3 3 3 3 3 3 3
0 0 0 0 0 0 0 0 0 0 0 0 0 0 0 0 0 0 0 0 0 0 0 0 0 0 0 0 0 0 0 0 0 0 0 0 0 0 16 13 13 13 13 13 14 14 13 8 6 0 0 0 0 0 0 0 0 0 0 0 10 0 0 0 0 0 0 0 0 0 0 0 0 0 0 2 3 3 0 0 0 0 0 2 3 3 3 3 3 3 3 3 3 3 3 0
0 0 0 0 0 0 0 0 0 0 0 0 0 0 0 0 0 0 0 0 0 0 0 0 0 0 0 0 0 0 0 0 0 0 0 0 0 27 27 27 27 27 27 27 27 27 27 27 27 27 0 0 0 0 0 0 0 0 0 0 30 22 0 0 0 0 0 0 0 0 0 0 0 0 0 0 0 0 0 0 0 0 0 0 3 3 3 3 3 3 3 3 3 3 3 3
0 0 0 0 0 0 0 0 0 0 0 0 0 0 0 0 0 0 0 0 0 0 0 0 0 0 0 0 0 0 0 0 0 0 0 0 27 27 27 27 27 27 27 27 27 27 27 27 27 27 27 0 0 0 0 0 0 0 0 0 23 31 9 0 0 0 0 0 0 0 26 0 0 14 6 0 0 0 0 0 0 0 0 0 0 2 2 2 3 3 3 5 6 7 9 7
0 0 0 0 0 0 0 0 0 0 0 0 0 0 0 0 0 0 0 0 0 0 0 0 0 0 0 0 0 0 0 0 0 0 8 27 27 27 27 27 27 27 27 27 27 27 27 27 27 27 0 0 0 0 0 0 0 0 3 14 30 26 0 0 0 1 5 7 0 0 0 0 0 31 29 17 13 11 10 9 7 5 3 0 0 0 0 0 0 0 10 10 10 10 10 10
0 0 0 0 0 0 0 0 0 0 0 0 0 0 0 0 0 0 0 0 0 0 0 0 0 0 0 0 0 0 0 0 0 0 24 28 28 28 28 28 28 28 28 28 28 28 28 28 28 0 0 0 0 0 0 0 21 27 32 32 31 0 0 0 0 30 32 32 0 0 0 0 0 32 32 32 32 31 28 24 20 11 11 0 0 0 0 0 0 0 3 5 6 8 11 11
0 0 0 0 0 0 0 0 0 0 0 0 0 0 0 0 0 0 0 0 0 0 0 0 0 0 0 0 0 0 0 0 9 24 28 28 28 28 28 28 28 28 28 28 28 28 28 26 0 0 0 0 0 10 31 32 32 32 32 32 32 0 0 0 0 0 31 32 32 32 32 32 32 32 32 32 32 28 25 25 14 11 11 11 11 10 8 8 8 9 10 10 0 0 7 11
0 0 0 0 0 0 0 0 0 0 0 0 0 0 0 0 0 0 0 0 0 0 0 0 0 0 0 0 0 0 0 0 29 29 29 29 29 29 29 29 29 29 29 29 29 29 29 21 0 0 0 0 0 27 33 33 33 33 33 33 32 0 0 0 0 0 2 9 15 25 29 27 32 33 33 26 26 21 14 11 11 11 11 11 11 11 11 11 11 9 7 5 0 5 11 11
0 0 0 0 0 0 0 0 0 0 0 0 0 0 0 0 0 0 0 0 0 0 0 0 0 0 0 17 29 29 29 0 29 29 29 29 29 29 29 29 29 29 29 29 29 29 29 29 28 20 8 0 0 0 0 33 33 33 33 33 33 0 0 27 25 23 22 21 19 19 17 0 0 30 33 33 33 0 28 30 24 18 13 11 11 11 11 11 0 0 0 0 1 10 11 11
0 0 0 0 0 0 0 0 0 0 0 0 0 0 0 0 0 0 0 0 0 0 0 0 0 0 0 0 0 27 29 29 29 29 29 29 29 29 29 29 29 29 29 29 29 29 29 29 29 29 25 0 0 0 0 0 0 0 34 34 34 34 34 33 34 34 34 0 34 34 34 31 24 24 31 28 33 34 34 34 34 34 28 11 11 11 11 11 0 0 0 8 6 2 0 11
0 0 0 0 0 0 0 0 0 0 0 0 0 0 0 0 0 0 0 0 0 0 0 0 0 0 0 0 0 23 30 30 30 30 30 30 30 30 30 30 30 30 30 30 30 30 30 30 30 30 28 0 0 0 0 0 0 0 34 34 34 34 34 28 33 34 0 0 34 34 34 34 34 34 34 34 34 34 34 34 34 34 34 12 11 11 11 11 0 0 10 10 7 6 0 11
0 0 0 0 0 0 0 0 0 0 0 0 0 0 0 0 0 0 0 0 0 0 0 0 0 0 0 0 0 26 30 30 30 30 0 0 30 30 30 30 30 30 30 30 30 30 30 30 30 0 0 0 0 0 0 0 14 34 34 34 34 34 34 34 34 34 34 34 34 34 34 34 34 34 34 34 34 34 34 30 22 16 16 11 11 11 11 11 9 9 0 0 7 5 8 11
0 0 0 0 0 0 0 0 0 0 0 0 0 0 0 0 0 0 0 0 0 0 0 0 0 0 0 0 0 21 30 30 30 30 0 0 30 30 30 30 26 12 17 14 30 30 30 30 30 29 0 0 0 0 0 0 35 35 35 35 35 35 35 35 35 35 35 35 35 35 35 35 35 35 35 35 34 23 14 12 12 12 12 12 12 12 12 11 11 10 0 0 8 10 11 12
24 18 0 0 8 0 0 0 0 0 0 0 0 0 0 0 0 0 0 0 0 0 0 0 0 0 0 17 25 29 31 31 31 31 31 31 31 31 31 31 31 0 0 24 29 31 31 31 31 31 15 0 0 0 0 35 35 35 35 35 35 35 35 35 35 35 35 35 35 35 35 35 35 35 35 32 14 12 12 12 12 12 12 12 12 12 12 12 12 12 12 11 11 7 8 9
0 0 0 24 24 24 0 0 0 0 0 0 0 0 0 0 0 0 0 0 0 0 0 0 0 0 0 15 15 22 0 0 30 31 31 30 28 31 31 31 24 0 31 28 31 31 31 31 31 31 11 0 0 0 0 0 36 36 36 36 36 36 36 36 36 36 36 36 36 36 36 36 36 36 36 36 28 23 15 12 12 12 12 12 12 12 12 12 12 12 12 12 12 12 11 11
0 0 23 25 25 25 25 25 25 25 25 25 25 25 25 25 25 22 14 0 0 0 0 0 0 0 0 1 13 0 0 0 20 31 31 31 26 30 31 31 31 31 31 31 31 31 31 31 31 29 16 0 0 0 0 0 36 36 36 36 36 36 34 35 36 36 36 36 36 36 36 36 36 36 36 36 36 36 34 20 16 13 12 12 12 12 14 19 12 12 12 12 12 12 12 12
0 0 0 15 25 25 25 25 25 25 25 25 25 25 25 25 25 25 23 19 25 19 14 8 4 1 0 0 0 0 0 0 0 0 32 32 32 32 32 32 26 32 32 32 32 32 32 32 30 30 0 0 0 0 0 0 0 0 0 0 0 0 0 0 0 0 0 0 36 37 37 37 37 37 37 37 37 37 37 37 37 36 34 31 31 33 35 35 28 26 16 12 12 12 12 12
0 0 0 0 23 25 25 25 25 25 25 25 25 25 25 25 25 25 26 27 28 28 28 28 28 23 0 0 0 0 0 0 0 0 9 11 26 32 32 32 32 32 32 32 32 32 32 32 32 0 0 0 0 0 0 0 0 0 0 0 0 0 0 0 0 0 0 0 2 9 21 37 37 37 37 37 37 37 37 37 37 37 37 37 37 37 37 37 37 37 29 12 12 12 12 12
18 19 24 26 26 26 26 26 26 26 26 26 26 26 26 26 26 26 26 26 26 26 27 28 28 28 28 28 26 17 7 0 0 0 0 0 32 33 33 33 33 33 33 33 33 33 33 33 33 27 31 32 26 15 2 0 0 0 73 74 74 79 77 74 85 122 124 84 0 0 0 0 37 37 37 37 37 37 37 37 37 37 37 37 37 37 37 37 37 37 37 39 32 23 15 22
26 26 26 26 26 26 26 26 26 26 26 26 26 26 26 26 26 26 377 789 1152 599 29 29 29 29 29 29 29 29 29 0 0 0 0 0 33 33 33 33 33 33 33 33 33 33 33 33 33 33 33 33 32 18 0 0 0 0 73 75 75 104 131 123 131 131 131 131 0 0 0 6 32 38 38 38 38 38 38 38 38 38 38 38 38 38 38 38 38 38 36 58 73 75 75 75
26 26 26 26 26 26 26 26 26 26 26 26 26 26 26 239 1356 2444 3035 3036 3036 1080 29 29 29 29 29 29 29 29 29 29 28 23 32 33 33 33 33 33 33 33 33 30 25 31 33 33 33 33 33 33 12 0 0 0 0 0 0 0 76 88 117 132 131 132 133 133 116 9 29 35 37 38 38 38 38 38 38 38 0 0 38 38 38 38 38 38 38 38 29 27 35 75 76 76
26 26 26 26 26 26 26 26 26 26 26 26 26 26 85 1680 3069 3069 3069 3069 3069 2496 2130 1983 872 29 29 29 29 29 29 29 29 29 29 31 33 34 34 34 34 34 34 34 31 26 19 32 34 34 34 0 0 0 0 0 0 0 0 0 76 76 76 76 76 91 112 106 73 5 38 39 39 39 39 39 39 39 39 39 39 39 39 39 39 39 39 37 32 29 27 27 30 50 72 77
27 27 27 27 27 27 27 27 27 27 27 142 1932 2534 3022 3102 3102 3102 3102 3102 3102 3102 3102 2281 918 30 30 30 30 30 30 30 30 30 30 30 32 34 34 34 34 34 34 34 34 34 34 34 34 34 26 0 0 0 0 0 0 0 0 0 77 77 77 77 77 77 77 77 78 94 54 21 39 26 26 31 36 39 39 39 39 39 39 39 39 39 39 39 37 30 28 28 28 28 30 49
27 27 27 27 27 27 27 27 27 30 544 2022 3134 3134 3134 3134 3134 3134 3134 3134 3134 3097 2323 1263 90 30 30 30 30 30 30 30 30 30 30 30 30 34 34 34 34 34 34 34 34 34 34 34 0 0 0 0 0 0 0 0 51 77 78 78 78 78 78 78 78 88 119 124 131 137 120 117 116 76 40 37 37 35 38 39 39 39 39 39 39 39 39 39 39 34 28 28 28 28 28 28
73 67 62 56 50 44 189 1015 1907 2794 3167 3167 3167 3167 3167 3167 3167 3167 3167 3167 1672 318 30 30 30 30 30 30 30 30 30 30 30 30 30 30 30 34 35 35 35 35 35 35 35 35 35 34 0 0 0 0 0 0 0 0 79 79 79 79 79 79 79 80 99 126 139 139 139 139 139 139 127 61 40 40 40 39 38 38 40 40 40 40 40 40 40 40 40 35 30 28 28 25 15 28
675 675 675 675 675 675 683 841 2499 3200 3200 3200 3200 3200 3200 3200 3200 2993 2149 1201 34 31 31 31 31 31 31 31 31 31 31 31 31 31 31 28 21 30 30 25 34 35 35 33 0 0 0 0 0 0 0 0 0 0 0 75 80 80 80 80 80 80 80 124 140 140 140 140 140 140 140 140 140 139 123 98 73 47 40 40 40 40 40 40 40 40 40 31 29 28 27 25 27 28 28 28
682 682 682 682 682 682 682 1091 2013 2652 3233 3233 3233 3233 2881 1674 780 96 51 51 45 32 31 31 12508 19960 30010 31 31 31 31 31 31 31 35 50 43 12 18 30 0 0 0 0 0 0 0 0 0 0 33 44 76 80 80 80 80 80 80 80 80 80 80 128 141 141 141 141 141 141 141 141 141 141 141 141 141 83 41 41 41 41 41 41 41 41 39 27 24 24 24 24 24 28 29 29
689 689 689 689 689 689 689 689 689 690 1397 2693 3019 1499 158 52 52 52 52 52 52 51 47 41 34 31 31 31 31 31 31 31 31 31 31 39 57 74 73 0 0 0 0 0 0 0 0 0 0 45 81 81 81 81 81 81 81 81 81 81 81 81 81 128 143 143 143 143 143 143 143 143 143 143 143 143 143 104 73 40 27 25 26 26 27 28 25 24 24 24 24 24 24 27 29 29
696 696 696 696 696 696 696 696 696 696 696 668 199 52 52 52 52 52 52 52 44 52 52 52 41 33 32 32 32 32 32 32 32 0 32 32 32 32 56 82 82 82 82 82 82 82 82 78 77 82 82 82 82 82 82 82 82 82 82 82 82 82 82 83 91 101 127 96286 144 144 144 144 144 144 144 144 144 127 56 24 24 24 24 24 24 24 24 24 24 24 24 24 24 24 28 29
703 703 703 703 703 703 703 703 703 680 502 246 53 53 53 53 53 53 53 53 38 52 53 53 53 53 48 35 32 32 32 32 32 0 32 32 32 41 78 83 83 83 83 83 83 83 83 83 83 83 83 83 83 83 83 83 83 83 83 83 83 83 84 101 122 141 146 146 146 146 146 146 146 146 146 146 146 143 84 27 25 25 25 25 25 25 25 25 25 25 25 25 25 25 27 30
709 709 709 709 709 709 709 617 296 82 53 53 53 53 53 53 53 53 53 53 53 53 53 53 53 53 53 52 48 43 32 32 32 32 32 32 32 32 34 51 72 84 84 84 84 84 84 84 84 33249 15614 84 84 84 84 84 84 84 84 84 84 112 143 147 147 147 147 147 147 147 147 147 147 147 147 147 147 147 147 122 44 25 25 25 25 25 25 25 0 0 25 25 25 25 25 25
716 716 716 716 716 686 387 119 105 83 66 57 54 54 54 54 54 54 54 54 54 54 54 54 54 54 54 54 54 53 41 39 37 33 33 33 33 33 33 33 33 42 63 84 84 84 84 84 84 84 84 84 84 84 84 84 84 84 84 84 84 107 143 148 148 148 148 148 148 148 148 148 148 148 148 148 148 148 148 148 112 25 25 25 25 25 25 25 25 0 25 25 25 25 25 25
562 722 723 721 503 169 106 106 106 106 105 60 54 54 54 54 54 54 54 54 54 54 54 54 54 54 54 54 54 54 54 54 54 37 33 33 33 33 33 33 33 34 67 85 85 85 85 85 85 85 85 85 85 85 85 85 85 85 85 85 85 85 89 120 150 150 150 150 150 150 150 150 150 150 150 150 150 144 80 39 26 25 25 25 25 25 25 25 25 25 25 25 25 25 25 25
145 188 381 255 107 107 107 107 107 107 89 55 55 55 55 55 55 55 55 55 55 55 55 55 55 55 55 55 55 55 55 55 55 51 34 33 33 33 33 33 33 51 86 86 86 86 86 86 86 86 86 86 86 86 86 86 86 86 86 86 86 88 113 142 151 151 151 151 151 151 151 151 151 151 151 151 151 151 151 103 26 26 26 26 26 26 26 26 26 26 26 26 26 26 26 26
108 108 108 108 108 108 108 108 108 108 75 58 55 55 55 55 55 55 55 55 55 59 64 58 57 56 56 55 55 55 55 55 54 41 33 33 33 33 33 33 33 63 87 87 87 87 87 87 87 87 87 87 87 87 87 87 87 87 87 87 91 119 153 153 153 153 153 153 153 153 153 153 153 153 153 153 153 153 153 87 26 26 26 26 26 26 26 26 26 26 26 26 26 26 26 26
109 109 109 109 109 109 109 109 109 109 109 109 105 93 57 59 68 77 86 95 104 109 108 82 57 57 68 64 56 56 56 56 56 55 53 56 58 56 55 0 0 73 87 88 88 88 88 88 88 88 88 88 88 88 88 88 88 93 130 144 154 154 154 154 154 154 154 154 154 154 154 154 154 154 154 154 154 131 62 26 26 26 26 26 26 26 26 26 26 26 26 26 26 26 26 26
110 110 110 110 110 110 110 110 110 110 110 110 110 110 106 110 110 110 110 110 110 110 109 76 69 69 69 68 65 63 60 61 65 68 68 68 69 69 69 69 0 69 70 84 88 88 88 88 88 88 88 88 88 88 88 88 92 141 156 156 156 156 156 156 156 156 156 156 156 156 156 156 156 156 156 149 137 149 83 28 23 22 23 22 26 26 26 26 26 26 26 26 26 26 26 26
111 111 111 111 111 111 111 111 111 111 111 111 111 111 111 111 111 111 111 111 111 92 0 0 69 69 69 69 69 69 69 69 69 69 69 69 69 69 69 69 69 0 0 87 89 89 89 89 89 89 89 89 89 89 90 117 151 157 27119 157 157 157 157 157 157 157 157 157 157 157 157 157 157 157 157 157 157 157 153 70 27 27 27 27 27 27 27 27 0 0 27 27 27 27 27 27
112 112 112 112 112 112 112 112 112 112 112 112 112 112 112 112 112 112 112 112 112 0 70 70 70 70 17752 170 70 70 70 70 70 70 70 70 70 70 70 70 70 70 70 71 76 71 83 90 90 90 90 90 90 111 147 158 158 158 158 158 158 158 158 158 158 158 158 158 158 158 158 158 0 158 158 158 158 148 46 27 27 27 27 27 27 27 27 27 27 27 27 27 27 27 27 27
113 113 113 113 113 113 113 113 113 113 113 113 113 113 113 113 113 113 129 224 314 0 286 130 70 70 70 70 70 70 70 70 70 70 70 70 70 70 70 70 70 70 70 70 70 70 74 91 107 134 161 188 206 172 160 160 160 160 160 160 160 160 160 160 160 160 160 160 160 160 160 160 0 160 160 160 160 149 58 66 103 41 68 34 27 27 27 27 27 27 27 27 27 27 27 27
114 114 114 114 114 114 114 114 114 114 114 114 114 114 114 114 114 114 176 0 0 452 452 360 257 102 71 71 71 71 71 71 71 71 71 71 71 71 73 85 99 105 104 160 176 167 214 259 270 270 270 270 270 267 253 250 246 220 176 185 195 93147 215 219 199 176 161 161 161 161 161 161 161 161 161 161 161 161 161 161 161 161 156 82 32 27 27 27 27 27 27 27 27 27 27 27
115 115 115 115 115 115 115 115 115 115 115 115 115 115 115 115 115 115 118 0 0 456 456 456 456 294 111 73 72 72 72 77 95 113 111 89 97 110 122 124 124 124 124 159 272 273 273 273 273 273 273 273 273 273 273 273 273 273 273 273 273 273 273 273 273 273 150 100 123 151 162 162 162 162 162 162 162 162 162 162 155 124 98 95 92 69 41 27 33 37 34 30 27 27 27 27
116 116 116 116 116 116 116 116 116 116 116 116 116 116 116 116 116 116 116 360 459 0 459 459 459 459 459 440 384 166 114 125 125 125 125 125 125 125 125 125 125 125 125 125 223 275 275 275 275 275 275 275 275 275 275 0 275 275 275 275 275 275 275 275 275 275 119 95 95 96 113 142 163 154 139 135 134 133 132 120 97 95 95 95 95 95 95 87 95 95 95 91 49 28 28 30
117 117 117 117 117 117 117 117 117 117 117 117 117 117 117 117 117 117 119 391 463 463 463 463 390 425 463 463 453 263 126 126 126 126 126 126 126 126 126 126 126 126 126 129 197 0 277 277 277 277 0 277 277 277 277 277 277 277 277 277 277 277 277 0 277 269 97 96 96 96 96 96 98 96 96 96 96 96 96 96 96 96 96 96 96 96 96 96 96 96 96 96 96 88 0 93
118 118 118 118 118 118 259 523 567 531 695 547 605 675 746 816 860 795 711 490 467 62120 467 467 467 467 467 467 467 356 173 127 127 127 127 127 127 127 127 127 127 133 193 261 0 0 279 279 279 0 0 279 267 279 279 279 279 279 48103 271 269 270 271 0 0 164 97 97 97 97 481 45846 97 97 97 97 97 97 97 97 97 97 97 97 97 97 97 97 97 97 97 97 97 97 0 97
123 119 119 191 501 766 890 890 890 890 890 890 890 890 890 890 890 890 778 493 471 487 515 471 471 471 471 471 471 471 462 314 146 128 128 128 128 128 128 128 128 208 282 282 282 282 282 282 282 282 282 282 248 240 248 282 282 282 282 135 98 82 98 98 98 98 98 98 98 98 98 98 98 98 98 98 98 98 98 98 98 98 0 98 98 98 98 98 0 0 98 98 98 98 98 98
463 402 393 421 719 828 896 897 897 897 897 897 897 897 897 897 897 897 897 837 829 892 897 686 475 475 475 475 475 466 360 226 133 129 129 129 129 129 129 129 129 129 178 273 284 284 284 284 284 284 284 284 279 210 284 284 284 284 284 112 12929 99 99 99 99 99 99 99 99 99 99 99 99 99 99 99 99 99 99 99 99 99 0 99 99 99 99 99 99 0 99 99 99 99 99 99
537 537 537 537 537 537 578 686 796 891 905 905 905 905 905 905 905 905 905 905 905 905 905 628 433 326 392 414 284 158 130 130 0 0 130 130 130 130 130 130 130 130 130 158 286 286 286 286 286 286 286 286 286 148288 109959 286 286 286 286 138 29483 1146 99 99 99 99 99 99 99 99 99 99 99 99 99 99 99 93 0 0 99 99 99 99 99 99 99 99 99 99 99 99 99 99 99 99
541 541 541 541 541 541 541 541 541 556 684 911 912 912 912 912 912 912 912 912 902 706 443 252 226 136 131 131 131 131 131 131 131 131 131 131 35109 131 131 131 131 131 131 157 319 317 311 306 336 378 94647 377 338 295 289 289 289 289 289 277 234 100 100 100 3736 3613 92 92 100 100 100 100 100 100 100 100 98 71 99 100 100 100 100 100 100 100 100 100 100 100 100 100 100 102 100 100
546 546 546 546 546 546 546 546 546 546 546 771 919 919 919 919 919 908 762 563 314 245 245 245 245 233 175 133 132 132 132 132 132 132 132 132 132 132 132 132 132 158 280 385 394 394 394 394 394 394 394 1921 387 304 291 291 291 291 221 206 202 101 101 101 19229 21836 101 242187 101 105 104 103 102 103 104 104 105 103 101 101 101 101 102 103 101 101 101 101 101 101 101 106 115 121 120 116
2567 550 550 550 550 550 550 550 550 550 550 571 882 926 827 584 451 285 247 214 222 247 247 247 247 247 237 187 189 167 133 133 133 133 0 0 164 178 0 133 187 388 397 397 397 397 397 397 397 397 397 36151 1414 300 293 293 293 293 253 207 102 102 102 102 102 102 102 102 105 115 115 115 115 115 115 115 115 114 112 113 114 115 115 115 113 110 111 112 109 109 117 122 122 122 122 122
5205 554 554 554 554 554 536 331 216 243 270 296 378 330 249 248 249 249 249 249 249 249 249 249 249 249 249 249 249 206 134 134 134 134 0 0 249 249 0 134 198 400 400 400 400 400 400 400 400 400 400 400 400 326 295 295 295 295 295 268 103 103 103 103 103 103 103 111 116 116 116 116 42033 116 116 116 116 116 116 116 116 116 116 116 116 116 119 123 123 123 123 123 123 123 123 123
4786 839 831 825 820 606 249 200 200 200 200 200 200 205 239 251 251 251 251 39769 251 251 251 251 251 251 251 251 251 225 173 174 0 0 251 251 0 0 147 135 156 312 401 404 404 404 404 404 404 404 404 400 369 303 298 298 298 298 298 291 216 153 106 103 103 103 103 116 117 117 117 117 117 117 117 117 117 117 117 117 117 117 117 117 118 122 124 124 124 124 124 124 124 124 124 124
8022 21420 1199 1199 1199 1153 479 202 202 202 202 202 202 202 209 253 253 253 253 253 253 253 253 253 253 253 253 253 253 253 253 253 253 0 253 253 0 154 153 154 155 148 191 303 364 405 407 407 407 407 407 377 300 300 300 300 300 300 300 300 300 300 284 223 160 109 104 118 118 118 118 118 118 118 118 118 118 118 118 118 118 118 118 121 124 125 125 125 125 125 125 125 125 125 125 125
32521 44847 65127 10751 1208 1208 977 203 203 203 203 203 203 203 203 246 255 255 255 255 255 252 215 250 255 255 255 255 255 255 255 255 255 255 251 227 196 160 160 160 160 160 160 160 160 179 237 297 367 410 410 357 302 302 302 302 302 302 302 302 302 302 302 302 302 282 177 119 119 119 119 119 119 119 119 119 119 119 119 119 120 122 125 126 126 126 126 126 126 126 126 142 159 166 171 177
1898 1532 4140 1217 1217 1217 1217 439 205 205 205 205 205 205 205 215 248 252 253 254 256 256 256 256 256 256 256 256 256 256 256 256 256 0 177 162 162 162 162 162 162 162 162 162 162 162 162 162 165 290 377 328 304 304 304 304 304 304 304 304 304 304 304 224 160 129 127 126 123 122 122 122 123 123 121 122 120 120 120 123 127 127 127 127 127 127 127 127 127 127 147 182 182 182 182 182
1912 1912 1911 1817 1411 1313 1226 1150 939 759 751 424 211 207 215 242 246 246 246 246 250 258 258 258 258 258 258 258 269 333 404 257 0 0 163 163 163 163 163 163 163 163 163 163 163 163 163 163 163 163 205 227 307 307 307 307 307 307 307 307 307 307 257 128 128 128 128 128 128 128 128 128 128 128 128 128 127 124 125 128 128 128 128 128 128 128 128 137 147 157 176 183 192 286 401 515
2371 1846 1782 1717 1693 1647 1372 1361 1270 1292 1794 1794 1678 417 248 248 248 248 248 248 248 252 260 260 260 260 261 372 578 588 588 540 219 164 164 164 164 164 164 164 164 164 164 164 164 164 164 164 164 164 164 165 238 254 268 281 294 306 309 309 309 296 208 129 129 129 129 129 129 129 129 129 129 129 129 129 129 129 129 129 129 129 129 129 148 172 183 185 185 190 364 481 587 608 608 608
6152 3735 1926 1705 1705 1727 1734 1714 1710 1631 1807 1807 1945 1668 708 353 268 250 250 250 327 424 469 418 388 393 454 593 593 593 593 593 557 478 442 406 338 165 165 263 337 396 454 288 165 165 165 165 165 165 165 165 165 165 165 165 165 166 177 190 294 153 129 129 129 129 129 129 129 129 129 129 129 129 129 129 129 129 129 132 140 137 149 177 186 186 186 186 194 409 612 612 612 612 612 612
9309 9309 5663 979 1251 1810 1820 1820 1820 1820 1908 2209 2306 2306 2306 2306 1501 257 252 263 631 684 684 678 601 597 597 597 597 597 597 0 597 597 597 597 602 364 354 616 622 622 637 954 872 333 166 166 166 166 166 166 166 166 166 166 166 168 313 547 576 198 130 130 130 130 130 130 130 130 130 130 130 0 0 130 130 130 130 154 187 187 187 187 210 354 441 526 603 617 617 29338 617 617 617 521
22883 4610 55940 21519 1419 1833 1833 1833 1833 1833 2057 2347 2322 2322 2322 2322 2322 1956 1124 659 43695 4091 688 688 666 834 1034 1102 1092 1053 605 601 601 118177 601 602 623 626 626 626 626 629 909 1053 1053 700 406 477 414 289 184 228 431 558 577 595 594 602 686 686 542 206 131 131 131 131 131 131 131 131 134 145 157 168 180 182 177 172 167 181 189 189 189 189 420 621 621 621 655 814 783 625 621 680 625 668
