dashboard/data/pop/popcount/gpw_pop_counts_1d_1990.asc
ncols 360
nrows 180
xllcorner -180
yllcorner -90
cellsize 1
NODATA_value -99
[rows 55 to 109 of 180, columns 192 to 287 of 360]
0 0 0 0 0 0 0 0 0 0 0 0 0 0 0 0 0 0 0 0 0 0 0 0 899505 259873 225383 220878 176241 93244 102572 258504 347618 562901 667262 666186 784740 435877 1432676 1589837 176926 152363 159909 105434 164992 186265 202136 202136 206461 242251 203326 163357 124139 116961 142603 198758 850748 2184311 803265 3252412 3820530 2518986 1935248 669663 250609 95192 85050 84648 6126 907 1337 1509 1910 2103 2119 2238 2592 3757 7130 6482 4043 3533 3318 4148 11892 10624 5450 24366 39135 47735 100039 373692 1148620 2090866 1267069 2626581
0 0 0 0 0 0 0 0 0 0 0 0 0 0 0 0 0 0 0 0 0 0 0 1994111 1347865 1115042 269568 125336 82641 81747 82231 309542 5180957 408279 280601 458476 518151 478831 357838 342638 331208 342552 339054 183905 202913 200777 198163 204530 180406 154322 136644 83304 99518 140255 151581 201885 277920 385997 1419610 2691467 2757245 4162802 1493726 1166633 177166 101211 105664 11776 932 1082 1665 1531 1532 1736 2152 2172 2286 2871 7362 7905 7815 6874 7148 5949 32965 29044 24162 18094 23020 32141 49145 88591 558261 1061526 973796 1448717
402112 1483036 388926 0 0 0 0 0 0 120384 51567 0 0 0 0 0 0 0 0 0 0 0 0 2742297 698492 329853 53679 70482 80289 74089 66932 73224 1117670 413241 274979 294859 498149 475711 430284 357185 323939 165561 125552 102019 170364 199497 206861 206861 169386 47888 49364 55869 92157 137061 126580 163603 242854 594966 1387236 1791822 2611394 4253866 5325573 3568405 848259 147757 55790 31904 3982 1849 2055 1579 1512 1884 2138 2174 2313 2750 8107 12207 19176 19685 20621 25695 44263 40929 41641 52719 39610 57949 64963 128178 454267 1509236 1666447 1458919
58829 17695 25959 7310 0 0 0 0 446086 194086 61111 17873 14793 7628 0 0 0 0 0 0 0 0 1862211 1602175 1176102 348495 34041 31643 38793 55747 73059 175915 348005 361674 483945 429609 502910 500414 450859 379059 302661 141799 106954 101441 108106 126142 167473 206029 193404 44130 26034 75540 107983 143337 166093 198653 200926 246350 1047460 2114567 4232608 6411490 9559414 5117531 2892109 951626 120450 17408 4965 2718 1955 1942 2089 2346 2144 2032 1864 2393 3557 26169 35182 34473 42644 42962 51125 41841 83416 52430 68222 102927 121301 1255798 4358376 3994954 4845274 3551556
20187 20187 17240 12424 26895 31164 15687 0 5968 5887 11572 14778 14897 12869 12867 10510 11767 2932423 4840347 13358446 1195579 80762 237321 174746 35992 29682 25279 27014 27990 29783 38567 164838 94889 98542 419012 940506 558620 415456 383850 321037 292720 256431 114414 106297 107619 109263 107652 121478 126680 51692 26733 98416 112104 144901 649239 415495 251361 286396 1233262 3558658 5434320 4440578 3390753 4239371 5029979 3289338 1608971 576221 135368 27802 7449 4750 2902 3988 11108 12200 8154 17944 23362 63776 25561 16976 24039 28787 32344 49367 63810 45950 44407 84755 282732 4994337 8999854 6350384 6782322 4841695
20391 16944 12514 6995 14295 24847 23158 6105 6562 6561 6562 14802 14843 12755 12601 11465 12997 529865 2173388 4579723 249837 24768 71278 35505 27826 24811 25657 26794 27490 31292 32300 46943 50639 37173 363756 1257781 0 0 0 295497 290287 269446 234940 111358 110297 110369 107971 87932 85479 43416 29631 67581 72538 76247 277753 273356 186555 448565 1449923 2894858 2021769 1606556 1708568 2645519 3816537 7163802 4284955 1878034 1020601 521303 128754 18640 9170 9788 15580 36765 87988 115225 125090 283492 45908 22841 26315 15085 18298 26245 54804 51101 39343 90071 874719 3316729 6290787 7057380 7903681 2756927
12840 7540 5778 3239 2741 3294 10351 6393 6626 6626 6626 13848 14497 13124 13124 236815 876270 1460175 1976560 79754 9054 9743 17669 44778 39696 37952 30179 37444 46160 48226 45085 38899 32614 23402 20079 275854 205363 0 0 255536 298507 295028 298558 201316 120471 111894 105641 90578 86334 80655 50285 36092 40757 52383 189083 450995 1528063 1337751 2117081 847519 740042 497886 830846 2020922 5738516 15004506 6802368 5863786 2069534 1512399 860149 1009771 595229 247315 41495 40762 46817 80409 49033 53127 47011 26937 95143 84382 33752 12728 47520 91448 73389 231034 793354 1018227 3577132 3747441 2725923 1845479
6775 6799 20588 38192 5526 2833 2833 5958 6572 6612 6622 6562 6458 6428 6429 218130 423282 565347 1325156 1204672 6908 4696 0 0 48360 61897 47926 48009 51582 51721 51721 49840 52044 34338 21040 21040 19403 0 0 0 139642 262643 218192 165175 121699 122833 97026 87569 86857 88044 81597 66554 64305 64651 109882 1549580 2022616 1094281 339445 235850 341775 738026 1455537 2744584 3077100 5424237 6190794 5411976 5270052 4521209 3751243 4054124 2515755 2959484 880454 667317 808093 367204 288166 426696 100021 250148 1470679 2108456 109982 68156 106671 234310 308124 430892 1030550 1800349 2177109 2708744 2917295 2140664
7271 7388 27395 7042 2360 2747 2690 1144 801 801 801 801 801 3096 3096 3096 3096 3096 3096 2682838 1751864 6857 0 0 34138 87188 89690 77303 52183 52183 46954 40782 71023 102559 79078 34882 21227 18791 0 0 0 0 0 0 0 128031 118745 88831 88831 96225 174874 165396 140646 113117 131050 1020491 2374388 909455 173313 217274 902713 1341179 1880577 3032746 2120987 2537457 3409862 4455294 7975029 6408168 7162399 8947010 8487814 8687988 5808340 4446446 5359707 4753607 3167281 3894380 3863772 1705425 1820500 210089 21706 21803 134620 587502 818735 1142827 1113402 1646766 2188020 2947484 3773063 1879857
3487 2233 2078 2078 2078 2078 2078 1024 807 807 807 807 807 3122 3122 3122 3122 3122 3122 3122 1383223 8172 4617 0 0 50595 95981 94428 71578 64282 40762 55177 86046 105650 105650 61561 21409 21381 247871 274475 0 0 0 0 0 0 58998 54034 59684 93760 148119 152644 100109 86069 243405 5308907 3319470 986587 663612 654289 1051303 1401299 1809979 1641443 1305157 1124144 2320754 2288082 3177142 5425620 9180599 7495591 8359085 10966908 7797640 6374810 6820881 8348052 1943276 1805868 923891 700218 569655 81905 186324 235587 790499 864166 1724790 1056799 2307579 1939283 2177175 1898395 1100473 960929
2096 2096 2096 2096 2096 2096 2096 1038 814 814 814 814 814 3149 3149 3149 3149 3149 3149 3149 84998 56002 7055 0 0 39205 96119 96895 95701 95795 87191 104248 106549 104620 104768 88848 27676 21591 45629 0 0 0 57384 477533 227834 0 0 0 0 0 0 0 0 0 0 2215186 1149156 708610 534788 1092823 1869648 1832463 1877498 1582573 1581394 1276555 1611644 1354611 1630218 2270015 1773823 2338167 4207043 4015104 3513063 4583585 8682653 9745391 10033070 6285055 3773767 1302674 568328 250760 348306 443270 992325 1171944 1071001 719545 2113085 1578347 1205476 778287 702051 1221444
1397 1850 2111 2078 2079 2111 2105 1052 820 820 820 820 820 3172 3172 3172 3172 3172 3172 3172 159675 140206 7142 4033 0 0 61730 123201 94395 176280 131306 107334 107334 103428 105283 106058 45156 21465 21750 31128 121762 137822 138807 99130 65043 289575 608232 0 0 0 0 0 0 0 0 0 0 381269 522277 879062 6174871 2834447 2421155 2361389 1832714 2451947 1665512 1891183 1884945 1291552 1056423 1082279 1658901 3678566 6492773 6417438 9571394 8503951 17319966 6480098 651237 209098 310445 565968 240337 361696 370518 702194 567936 659928 1197790 1457236 1222813 885789 1429219 1762051
372 413 713 1828 1981 2018 2070 1065 826 826 826 826 826 3198 3199 3199 3199 3198 3199 175932 230951 54324 8098 9062 0 0 0 252713 200900 260849 258200 149007 108135 106822 107533 108135 34271 21913 21913 21891 31634 51377 71144 47484 47466 73960 64256 0 0 0 0 0 0 0 0 0 0 723890 1983618 1602389 4134450 4743702 2176166 2454274 1935888 1288757 1371830 1548020 1008501 1519087 1714612 1348345 1907419 1798235 3583742 8634733 20486480 5825348 7242812 0 1598300 157153 623653 1715455 1141535 339977 217992 405545 569226 373405 378679 630660 867548 664995 1049837 1478939
375 375 375 1502 1995 1995 1995 1754 1178 835 832 832 832 3672 3672 3672 3672 3672 3659 3593 27802 19608 9940 9968 9427 0 0 236723 268662 268662 268662 183968 108902 108902 108902 107939 24116 22068 22068 22068 22068 21834 15843 12166 3158 5826 24762 0 0 0 0 0 0 0 0 0 0 0 2358777 2273507 0 2393103 2060296 2277144 1649947 1608429 2423277 3085832 1969635 3460084 2436723 2409969 1272899 1511541 2911499 0 0 0 0 0 1506621 109238 945889 2213706 1188469 256063 188698 222320 325814 219627 133556 564812 886660 6015312 2746398 768437
378 378 378 738 2009 2009 2009 2009 2009 1767 1169 839 838 3944 3785 3697 3697 3697 3697 3697 28393 21212 10699 10757 10485 0 0 0 318596 1338456 273833 246151 111206 108497 104733 98442 22217 22217 22217 22217 22217 21052 18331 4467 2666 2219 0 0 0 0 0 0 0 0 0 0 0 0 0 0 0 2922763 2607424 2518213 2301992 2360189 1943079 1827691 1021329 1634162 1380097 1734408 1336369 4104266 4431695 0 0 0 0 0 0 582726 988507 1549342 918996 518894 107505 380820 282457 156526 173468 171558 363001 4670220 7182557 0
378 380 380 881 2022 2022 2022 2022 2022 2022 2022 1745 18437 18437 15964 16411 19002 18948 18893 18839 32607 27999 11115 11422 30453 0 0 0 0 903733 258010 258010 142414 88244 82017 61692 22358 22358 22358 22358 18750 11269 3528 98 1631 1948 0 0 0 0 0 0 0 0 0 0 0 0 0 0 0 3875623 2445331 2304466 2068098 2390991 1401504 1288942 410178 719625 1657361 1127406 2606696 0 0 0 0 0 0 0 0 0 372313 979339 712701 238067 197820 890696 691919 187519 217625 129748 254130 3120204 0 0
378 382 382 1066 2034 2034 1826 1958 2034 1992 2034 2034 18548 18548 15136 21394 29384 29384 29367 29384 38778 35262 19248 18640 110150 177064 0 0 0 213997 262884 226144 52785 30240 30240 27190 20413 14016 9579 6018 1670 1512 1252 950 67 0 0 0 0 0 0 0 0 0 0 0 0 0 0 0 0 4821767 2126309 1789721 2468845 2368882 3041912 3004808 423354 687469 1189228 3286314 0 0 0 0 0 0 0 0 0 0 372541 1650780 882801 111221 844274 1114679 614347 182966 454107 530921 181892 2368444 0 0
2262 2784 2803 2458 2028 1857 1731 1963 2041 1998 1999 2045 18654 17496 13305 21582 29551 29551 28892 29551 82087 87964 85571 67256 60033 116144 174386 0 0 0 567959 345317 49247 30598 30412 24421 5087 3342 3338 4625 14907 52975 35521 0 0 0 0 0 0 0 0 0 0 0 0 0 0 0 0 0 0 1846400 2787289 2400767 2059321 2605783 5993650 3040871 2058729 1300383 2556650 0 0 0 0 0 0 0 0 0 0 0 528580 2365363 1597848 563470 212169 710431 658510 534139 1678032 1217294 959400 200481 658019 0
2854 2854 4227 17103 9429 2126 1666 2530 1964 1968 2041 2034 17627 15137 14158 23065 26711 26844 26350 315814 464104 157893 111347 219687 245440 93670 291317 0 0 0 0 902007 335527 56802 33889 6796 29292 56349 27802 6012 10216 0 0 0 0 0 0 0 0 0 0 0 0 0 0 0 0 0 0 0 0 1210395 4816450 2247047 1593865 2221674 1631705 2032607 5512057 5159476 0 0 0 0 0 0 0 0 0 0 0 0 851328 2565438 0 0 325786 846636 1278284 761906 1685979 1789437 1111803 401365 394899 1124823
2735 3096 19118 24240 24240 21081 18965 37112 24773 36503 34720 14406 18216 16101 14306 23839 24505 24505 24505 67992 2172207 326075 117165 309303 217772 133583 1107769 387236 0 0 0 1448134 1474484 107416 57647 34428 105311 107869 53751 12875 0 0 0 0 0 0 0 0 0 0 0 0 0 0 0 0 0 0 0 0 0 0 2712479 2266725 2247135 2110910 1675560 1558652 0 0 0 0 0 0 0 0 0 0 0 0 0 0 0 0 0 0 127003 729758 1422965 977353 1758678 1746585 1835392 821965 194913 249706
2863 29812 39215 24342 21020 28995 49644 48895 45447 42139 149775 113318 37022 22138 14373 26997 24771 40167 76819 134091 745323 900844 163676 188431 155025 263766 792420 801042 174548 0 0 1252385 1412579 347750 154955 81830 133646 0 0 0 0 0 0 0 0 0 0 0 0 0 0 0 0 0 0 0 0 0 0 0 0 0 1079173 2753243 2018151 1795540 1909453 1939345 0 0 0 0 0 0 0 0 0 0 0 0 0 0 0 0 0 0 230839 846653 2804294 1047616 1296909 1235733 919071 504743 108604 226320
129007 0 0 72119 27597 43768 49300 49370 57874 62671 308748 204108 207359 198603 94368 103755 108480 176679 275471 280767 571543 698918 119968 114749 156783 289657 710638 422417 258259 147462 0 1228651 1553056 410773 0 0 0 0 0 0 0 0 0 0 0 0 0 0 0 0 0 0 0 0 0 0 0 0 0 0 0 0 0 2018491 2327836 4647526 2505831 3408709 0 0 0 0 0 0 0 0 0 0 0 0 0 0 0 0 0 0 348298 1401593 8414870 1296114 608040 842377 239995 91224 52318 165681
217136 283738 255325 140782 140785 72196 46276 44363 59475 75110 208633 186334 269327 268351 103151 122204 122893 163407 203022 220005 355075 128268 252003 88458 205353 908746 489109 440953 259374 83969 59437 0 0 0 0 0 0 0 0 0 0 0 0 0 0 0 0 0 0 0 0 0 0 0 0 0 0 0 0 0 0 0 0 3458058 3973618 5144445 3893363 5395651 0 0 0 0 0 0 0 0 0 0 0 0 0 0 0 0 0 0 236631 414297 0 0 451212 297895 533751 831760 148741 337300
220842 1072814 525568 175832 141514 86235 43040 27782 27326 37717 74937 145633 174834 194947 104464 106065 73277 154367 163329 92655 99801 122141 132836 43539 514256 1362572 1259563 1503356 243552 103064 284954 0 0 0 0 0 0 0 62377 0 0 0 0 0 0 0 0 0 0 0 0 0 0 0 0 0 0 0 0 0 0 0 0 0 4449352 4064774 4419715 5285787 0 0 0 0 0 0 0 0 0 0 0 0 0 0 0 0 0 0 133859 232538 0 0 0 64113 1849441 2148796 1703143 1110818
561127 1115020 828388 477197 185819 110369 60831 57988 23907 19871 13465 102838 102864 69761 113242 91035 71689 248193 196942 85123 57710 98225 128519 108983 578257 1343096 1329846 1361963 253883 109830 128266 308244 0 113225 73832 68002 85233 78044 69081 0 0 0 0 0 0 0 0 0 0 0 0 0 0 0 0 0 0 0 0 0 0 0 0 0 8440321 3534748 4646229 3878614 0 0 0 0 0 0 0 0 0 0 0 0 0 0 0 0 0 0 0 0 0 0 0 0 1045369 5198110 8413528 0
692489 507582 375694 372195 274815 175077 146794 124728 19406 9384 8576 44965 61462 10202 74325 96990 215180 137136 109330 89834 133513 109553 330587 655494 452564 853505 2319983 873241 360116 1322406 777297 300501 335409 224801 148776 45016 50147 57465 36571 0 0 0 0 0 0 0 0 0 0 0 0 0 0 0 0 0 0 0 0 0 0 0 0 0 0 3900324 3573161 0 0 0 0 0 0 0 0 0 0 0 0 0 0 0 0 0 0 0 211941 0 0 0 0 0 0 3191632 0 0
316969 161758 83641 318158 244762 156032 141536 16638 6957 7938 6265 16006 14049 10230 56993 157687 365756 154803 104142 119858 146819 125605 350422 823779 778630 1248673 2259568 1111231 677416 449022 164887 125746 161136 171210 111695 49555 48077 58953 0 0 0 0 0 0 0 0 0 0 0 0 0 0 0 0 0 0 0 0 0 0 0 0 0 0 0 5214192 0 0 1191653 0 0 0 0 0 0 0 0 0 0 0 0 0 0 0 0 0 455261 1246605 0 0 0 0 0 0 0 0
70964 114404 81926 123731 153922 62336 52550 44031 5054 18973 9925 2188 1240 6487 34140 62743 122323 162051 143538 149169 107926 66841 26950 516665 1314430 2403730 1704090 906437 325488 84766 116878 105069 88092 73057 67365 109272 72608 55281 0 0 0 0 0 0 0 0 0 0 0 0 0 0 0 0 0 0 0 0 0 0 0 0 0 0 0 0 0 0 4268149 1203538 0 0 0 0 0 0 0 0 0 0 0 0 0 0 0 0 0 806699 0 0 0 0 0 0 0 0
66131 108277 105959 147597 92089 94162 43656 62169 18003 25097 16778 3151 3455 748 30655 48377 99429 143761 157218 159257 78050 35263 34377 269440 530816 1636019 2279157 288892 125376 72780 78489 62231 51811 66843 98782 119917 64862 0 0 0 0 0 0 0 0 0 0 0 0 0 0 0 0 0 0 0 0 0 0 0 0 0 0 0 0 0 0 0 5534249 815800 0 0 0 0 0 0 0 0 0 0 0 0 0 0 0 0 0 0 1337863 1326669 0 0 0 0 0 0
79246 86513 77878 81371 60708 71904 34185 66353 101905 96948 14670 29275 8196 14206 11155 38145 60488 50614 46561 83241 78884 48870 48238 52641 207800 504520 500790 91882 43044 43513 53680 54198 60820 101462 103227 88769 34396 0 0 0 0 0 0 0 0 0 0 0 0 0 0 0 0 0 0 0 0 0 0 0 0 0 0 0 0 0 0 0 0 0 0 0 0 0 0 0 0 0 0 0 0 0 0 0 0 0 0 0 1878135 244767 654263 0 0 0 0 0
109812 76723 96768 112117 89770 89785 628479 136856 118165 123600 68438 41549 34622 19034 16119 39595 52944 50541 162039 102645 80377 60775 41294 53450 29341 56502 79424 38622 39298 38595 66256 81514 95525 125534 115278 151649 0 0 0 0 0 0 0 0 0 0 0 0 0 0 0 0 0 0 0 0 0 0 0 0 0 0 0 0 0 0 0 0 0 0 0 0 0 0 0 0 0 0 0 0 0 0 0 0 735199 769784 0 0 0 898946 75863 0 0 0 0 0
87341 51788 51069 47773 36007 43077 105527 417702 242864 127431 157035 69176 45101 68342 69252 85301 57138 108099 672460 451039 179652 212633 77321 50434 11287 14164 36260 36169 41508 113248 131811 278009 173485 295495 137857 0 0 0 0 0 0 0 0 0 0 0 0 0 0 0 0 0 0 0 0 0 0 0 0 0 0 0 0 0 0 0 0 0 0 0 0 0 0 0 0 0 0 0 0 0 0 0 0 0 0 471023 3395455 0 0 3000474 466858 0 0 0 0 0
55396 48689 35580 32045 21936 9163 189283 279542 234571 221311 307427 108981 55556 66296 73185 265721 153131 152057 1098768 485426 741788 400209 135203 54258 29482 27401 24707 24060 42801 86830 167771 205722 271724 1345747 0 0 0 0 0 0 0 0 0 0 0 0 0 0 0 0 0 0 0 0 0 0 0 0 0 0 0 0 0 0 0 0 0 0 0 0 0 0 0 0 0 0 0 0 0 0 0 0 0 0 0 0 813218 1552880 0 0 1244041 310593 0 0 0 0
24754 12070 11590 11647 8821 11141 50754 67308 80048 81594 69776 68070 74926 49384 26488 101939 53473 248017 594900 435442 483761 1034848 893089 383797 64648 34936 14821 27533 24278 87662 117401 152943 0 0 0 0 0 0 0 0 0 0 0 0 0 0 0 0 0 0 0 0 0 0 0 0 0 0 0 0 0 0 0 0 0 0 0 0 0 0 0 0 0 0 0 0 0 0 0 0 0 0 0 0 0 0 0 629632 443695 364806 282292 4014555 0 0 0 0
15870 17010 9977 14351 10745 14082 77938 65181 65290 72188 80878 106000 172839 398949 23340 34021 389662 1004143 952806 665743 2438561 1860928 3692803 1281691 318717 645199 163177 29489 17550 43779 197391 0 0 0 0 0 0 0 0 0 0 0 0 0 0 0 0 0 0 0 0 0 0 0 0 0 0 0 0 0 0 0 0 0 0 0 0 0 0 0 0 0 0 0 0 0 0 0 0 0 0 0 0 0 0 0 0 517362 759777 528339 253348 0 0 0 0 0
20199 20434 25589 37319 26524 42084 229483 71283 91080 108397 94247 80315 52552 42280 45617 42087 244778 877024 1420139 1220493 0 0 0 1664392 1797553 2080220 202543 77275 11834 110475 0 0 0 0 0 0 0 0 0 0 0 0 0 0 0 0 0 0 0 0 0 0 0 0 0 0 0 0 0 0 0 0 0 0 0 0 0 0 0 0 0 0 0 0 0 0 0 0 0 0 0 0 0 0 0 0 0 0 1997445 385729 229311 0 0 0 0 0
31244 75791 17993 42636 56837 104644 108368 68906 19689 36728 88566 78137 52680 48279 56308 73568 750557 3060495 1831297 644822 0 0 845292 197065 2058261 1439943 238379 57599 51976 42411 0 0 0 0 0 0 0 0 0 0 0 0 0 0 0 0 0 0 0 0 0 0 0 0 0 0 0 0 0 0 0 0 0 0 0 0 0 0 0 0 0 0 0 0 0 0 0 0 0 0 0 0 0 0 0 0 0 0 0 613825 365676 764411 0 0 0 0
45585 30363 27724 22572 136108 104789 148865 54825 30034 26275 46054 76719 84980 84150 121824 102513 1383163 3470177 1865652 405121 756460 889859 390100 108394 107445 341872 138641 137189 80520 0 0 0 0 0 0 0 0 0 0 0 0 0 0 0 0 0 0 0 0 0 0 0 0 0 0 0 0 0 0 0 0 0 0 0 0 0 0 0 0 0 0 0 0 0 0 0 0 0 0 0 0 0 0 0 0 0 0 0 0 396602 432784 393443 1170650 622771 0 0
93916 66273 50863 541275 60818 218426 199216 62107 31172 34129 67039 291469 96737 47047 186573 138028 540200 2577235 966627 293297 548541 731438 361574 296868 537286 997230 169453 753087 0 0 0 0 0 0 0 0 0 0 0 0 0 0 0 0 0 0 0 0 0 0 0 0 0 0 0 0 0 0 0 0 0 0 0 0 0 0 0 0 0 0 0 0 0 0 0 0 0 0 0 0 0 0 0 0 0 0 0 0 0 0 832953 709971 651201 547710 0 0
402415 311116 256290 4171580 184655 250418 641390 400766 137297 147618 148646 105049 92469 45258 203805 86994 183827 409158 385305 159087 268425 370604 433196 411926 153078 126518 759952 614094 0 0 0 0 0 0 0 0 0 0 0 0 0 0 0 0 0 0 0 0 0 0 0 0 0 0 0 0 0 0 0 0 0 0 0 0 0 0 0 0 0 0 0 0 0 0 0 0 0 0 0 0 0 0 0 0 0 0 0 0 0 0 0 565088 947499 1562650 0 0
421657 676834 442734 369048 210273 256041 384695 320911 205700 204698 567451 289862 129495 96812 171830 128923 108642 0 183866 130562 115051 116910 212473 326110 187507 186872 344763 0 0 0 0 0 0 0 0 0 0 0 0 0 0 0 0 0 0 0 0 0 0 0 0 0 0 0 0 0 0 0 0 0 0 0 0 0 0 0 0 0 0 0 0 0 0 0 0 0 0 0 0 0 0 0 0 0 0 0 0 0 0 0 0 0 0 2615492 0 0
29390 61325 99280 159305 162337 138970 100773 167950 327917 306965 326316 1346151 384273 135066 95359 89055 104465 98234 108414 74969 91241 96904 62982 357090 373120 344028 279455 0 0 0 0 0 0 0 0 0 0 0 0 0 0 0 0 0 0 0 0 0 0 0 0 0 0 0 0 0 0 0 0 0 0 0 0 0 0 0 0 0 0 0 0 0 0 0 0 0 0 0 0 0 0 0 0 0 0 0 0 0 0 0 0 0 0 0 17018696 10700710
0 64940 144848 159424 143036 150189 92387 45654 70949 121879 185019 319219 101298 107598 172185 131435 95501 133080 0 129550 78432 101735 209015 228985 267431 317880 254852 0 0 0 0 0 0 0 0 0 0 0 0 0 0 0 0 0 0 0 0 0 0 0 0 0 0 0 0 0 0 0 0 0 0 0 0 0 0 0 0 0 0 0 0 0 0 0 0 0 0 0 0 0 0 0 0 0 0 0 0 0 0 0 0 0 0 0 0 3935150
0 913459 128900 170694 125368 90101 33505 33140 32469 30983 47500 60055 64432 97107 171931 88265 74605 103524 66642 248952 316750 252342 347958 267515 109205 74477 79522 0 0 0 0 0 0 0 0 0 0 0 0 0 0 0 0 0 0 0 0 0 0 0 0 0 0 0 0 0 0 0 0 0 0 0 0 0 0 0 0 0 0 0 0 0 0 0 0 0 0 0 0 0 0 0 0 0 0 0 0 0 0 0 0 0 0 0 0 0
0 704678 147572 142264 125684 84970 33824 32439 25115 27494 56881 57337 58932 95761 99126 57709 104746 89942 67692 103831 180270 659972 311085 210323 85476 28882 76313 184938 0 0 0 0 0 0 0 0 0 0 0 0 0 0 0 0 0 0 0 0 0 0 0 0 0 0 0 0 0 0 0 0 0 0 0 0 0 0 0 0 0 0 0 0 0 0 0 0 0 0 0 0 0 0 0 0 0 0 0 0 0 0 0 0 0 0 0 0
0 0 124400 140937 142480 127485 73948 24334 23763 23225 55304 66636 173760 170418 123801 92084 95305 113481 92502 95003 64158 211155 203668 165524 116321 87967 302465 634686 0 0 0 0 0 0 0 0 0 0 0 0 0 0 0 0 0 0 0 0 0 0 0 0 0 0 0 0 0 0 0 0 0 0 0 0 0 0 0 0 0 0 0 0 0 0 0 0 0 0 0 0 0 0 0 0 0 0 0 0 0 0 0 0 0 0 0 0
0 0 143985 270625 264520 163920 153957 33251 20343 19506 22949 20199 84404 150568 224539 852161 106420 114845 73507 46864 36969 358391 0 144106 83921 71181 153190 150215 104173 0 0 0 0 0 0 0 0 0 0 0 0 0 0 0 0 0 0 0 0 0 0 0 0 0 0 0 0 0 0 0 0 0 0 0 0 0 0 0 0 0 0 0 0 0 0 0 0 0 0 0 0 0 0 0 0 0 0 0 0 0 0 0 0 0 0 0
0 121460 213612 526888 334055 182484 95328 18515 18515 18515 18516 19391 46163 45566 48478 377288 923263 72984 44488 36638 125040 460022 0 39810 11960 15029 73938 77146 137369 0 0 0 0 0 0 0 0 108087 0 0 0 0 0 0 0 0 0 0 0 0 0 0 0 0 0 0 0 0 0 0 0 0 0 0 0 0 0 0 0 0 0 0 0 0 0 0 0 0 0 0 0 0 0 0 0 0 0 0 0 0 0 0 0 0 0 0
0 154934 181368 343513 236424 166054 20518 18440 18440 18441 43051 44729 30426 15460 33086 88542 289611 57392 60215 168846 375585 1130973 0 173792 19475 31700 139932 277026 249680 0 0 0 0 0 0 0 149485 152740 0 0 0 0 0 0 0 0 0 0 0 0 0 0 0 0 0 0 0 0 0 0 0 0 0 0 0 0 0 0 0 0 0 0 0 0 0 0 0 0 0 0 0 0 0 0 0 0 0 0 0 0 0 0 0 0 0 0
15735 70152 128783 128783 73330 24133 8388 12372 18025 18360 55615 61387 49610 34742 46477 98447 245090 70663 136601 150720 116554 654241 1117425 776362 142718 134764 148960 248361 492033 0 0 0 0 0 0 0 125851 244909 0 0 0 0 0 0 0 0 0 0 0 0 0 0 0 0 0 0 0 0 0 0 0 0 0 0 0 0 0 0 0 0 0 0 0 0 0 0 0 0 0 0 0 0 0 0 0 0 0 0 0 0 0 0 0 0 0 0
21666 81370 121997 94056 50302 11262 7574 7574 7615 13792 67468 122781 53994 55895 55858 147063 1131923 127088 54474 25186 41047 73030 934860 1793667 337324 310930 248916 659260 0 0 0 0 0 0 136175 122738 184843 158519 0 0 0 0 0 0 0 0 0 0 0 0 0 0 0 0 0 0 0 0 0 0 0 0 0 0 0 0 0 0 0 0 0 0 0 0 0 0 0 0 0 0 0 0 0 0 0 0 0 0 0 0 0 0 0 0 0 0
22542 42694 37965 35230 34502 16430 7536 7536 7536 7755 42398 49457 28579 48855 100782 277678 102191 137335 199667 293572 189293 155396 375890 829775 246523 316980 153208 421054 0 0 0 0 14943 42995 157599 106893 81049 157686 0 0 0 0 0 0 0 0 0 0 0 0 0 0 0 0 0 0 0 0 0 0 0 0 0 0 0 0 0 0 0 0 0 0 0 0 0 0 0 0 0 0 0 0 0 0 0 0 0 0 0 0 0 0 0 0 0 0
8033 9277 83670 95102 94782 86845 17736 10706 8820 8239 13724 41529 43749 108476 86442 110721 170419 189581 666084 1233143 310521 51936 92946 198312 455447 315910 0 0 0 0 0 0 25375 23916 50897 73674 342368 0 0 0 0 0 0 0 0 0 0 0 0 0 0 0 0 0 0 0 0 0 0 0 0 0 0 0 0 0 0 0 0 0 0 0 0 0 0 0 0 0 0 0 0 0 0 0 0 0 0 0 0 0 0 0 0 0 0 0
4324 5102 50763 79845 70470 94802 27066 29487 30070 16677 13349 21234 9235 22629 49443 82771 218098 279920 458226 468154 420317 138653 69271 62001 218915 0 0 0 0 0 0 0 37066 82471 181386 1438172 214899 0 0 0 0 0 0 0 0 0 0 0 0 0 0 0 0 0 0 0 0 0 0 0 0 0 0 0 0 0 0 0 0 0 0 0 0 0 0 0 0 0 0 0 0 0 0 0 0 0 0 0 0 0 0 0 0 0 0 0
0 6805 5614 3726 9425 16199 14100 7895 7339 11143 9915 8161 8318 31014 57545 131434 112628 284606 249841 339195 473380 284819 582900 0 0 0 0 0 0 0 0 0 33141 63084 420747 1040709 278754 0 0 0 0 0 0 0 0 0 0 0 0 0 0 0 0 0 0 0 0 0 0 0 0 0 0 0 0 0 0 0 0 0 0 0 0 0 0 0 0 0 0 0 0 0 0 0 0 0 0 0 0 0 0 0 0 0 0 0
