dashboard/data/pop/popcount/gpw_pop_counts_hd_1995.asc
ncols 720 
nrows 360
xllcorner -180
yllcorner -90
cellsize .5
NODATA_value -99
[rows 180 to 239 of 360, columns 384 to 479 of 720]
3520 4213 4843 5904 6704 7312 8524 8148 7651 5413 2521 9584 170888 22315 19336 20896 26855 30876 31417 29578 28836 24170 19549 33261 19299 11507 12271 12271 12888 11134 6084 6380 57680 172662 177158 0 408132 221303 266116 627429 0 0 0 0 0 0 707419 428377 639264 370763 464722 636634 77806 14037 10945 42259 2960 2804 21708 49244 52147 0 0 0 0 0 0 0 0 0 0 0 0 0 0 0 0 0 0 0 0 0 0 0 0 0 0 0 0 0 0 0 0 0 0 0
7752 4277 4299 6198 5688 8335 12295 9546 8437 5877 4938 32462 39345 28321 20439 19698 17091 28137 31468 30341 29229 24680 22163 11396 10692 11773 12269 12269 13558 15063 15533 21133 27587 42599 247397 389849 615203 400958 292660 0 0 0 0 0 476088 1555967 702677 179475 232261 902952 1046623 252495 103401 41930 12904 18253 3317 3008 19666 34186 0 0 0 0 0 0 0 0 0 0 0 0 0 0 0 0 0 0 0 0 0 0 0 0 0 0 0 0 0 0 0 0 0 0 0 0
7556 5777 28809 15536 4548 5616 9943 10681 8208 12387 28907 36944 34248 33047 24696 9138 5999 5470 11944 18910 29223 26502 23179 19728 12673 10726 12081 12557 14616 15091 20190 27581 27581 431088 409676 731546 503089 184337 213932 149236 0 0 0 0 392813 332016 93729 81624 129505 2265578 621787 286950 139065 51455 18395 17834 5890 8324 12695 13610 0 0 0 0 0 0 0 0 0 0 0 0 0 0 0 0 0 0 0 0 0 0 0 0 0 0 0 0 0 0 0 0 0 0 0 0
9233 10879 30434 23178 3677 4700 9782 13126 14811 29695 31066 30785 0 29902 28712 14996 5654 5462 5462 5493 22578 22631 22834 21083 17361 12106 12581 18128 17649 15132 15239 24232 52406 405943 0 959066 770598 160870 218744 0 0 0 0 254628 205397 73661 41632 52586 44965 60608 423511 323722 63271 28484 17688 16606 16986 29176 22872 0 0 0 0 0 0 0 0 0 0 0 0 0 0 0 0 0 0 0 0 0 0 0 0 0 0 0 0 0 0 0 0 0 0 0 0 0
16370 9794 6013 13847 9370 6741 4839 10272 46029 35013 22488 26574 35148 32886 27498 14718 9022 8197 5596 6184 11809 14003 14515 14080 15228 23943 22812 24043 23400 27128 25561 29961 171438 360894 506868 819245 635035 310976 178727 105891 86960 0 0 257669 151217 36554 28531 19659 24702 41220 59921 172402 64170 22451 12113 24326 15847 51077 0 0 0 0 0 0 0 0 0 0 0 0 0 0 0 0 0 0 0 0 0 0 0 0 0 0 0 0 0 0 0 0 0 0 0 0 0 0
17334 14867 9099 7098 8066 4394 3812 4115 47214 38574 25238 54770 55141 57808 12921 9252 9252 9163 8810 9102 15677 14033 37990 27115 30982 32983 25480 24055 40964 49734 30576 31427 155488 857007 604192 1053744 827723 120985 91052 0 304548 397312 383656 202909 133301 122934 59830 18894 27168 40290 116654 77875 63707 23858 23998 106806 0 0 0 0 0 0 0 0 0 0 0 0 0 0 0 0 0 0 0 0 0 0 0 0 0 0 0 0 0 0 0 0 0 0 0 0 0 0 0 0
15654 16029 11858 9540 10734 5992 5891 4627 19190 19191 88960 73869 58849 50840 9257 9242 9242 8983 8829 8855 18313 20284 97088 79237 32949 29686 16512 17995 51484 53522 35136 58249 92848 356129 932460 1084187 537009 179330 80522 97728 178909 237217 258612 190309 117891 69477 33664 63852 35105 493369 487329 309752 90855 6403 72438 119095 0 0 0 0 0 0 0 0 0 0 0 0 0 0 0 0 0 0 0 0 0 0 0 0 0 0 0 0 0 0 0 0 0 0 0 0 0 0 0 0
36447 36518 15943 33913 31265 7347 330613 348305 18395 19130 38037 55091 60064 69047 43477 10368 9237 8956 10043 10301 19156 20948 88718 91436 32931 23280 9178 9182 53174 57492 32257 35441 87965 154979 0 625975 365763 37893 64179 98534 98534 122087 196871 195063 140273 86439 0 133009 45408 74635 103529 0 51533 47332 154159 0 0 0 0 0 0 0 0 0 0 0 0 0 0 0 0 0 0 0 0 0 0 0 0 0 0 0 0 0 0 0 0 0 0 0 0 0 0 0 0 0
57246 49376 67442 70224 51662 55896 4682926 761821 51860 49387 55039 68560 167516 186294 124034 90798 26399 32047 38897 39210 37929 26724 36715 38666 29269 31015 9257 9179 53211 59588 24511 27199 51128 87458 0 375990 167985 67065 45200 61359 78566 116228 130552 106099 134190 127810 136760 145598 81259 15325 15325 89931 153570 210120 158118 0 0 0 0 0 0 0 0 0 0 0 0 0 0 0 0 0 0 0 0 0 0 0 0 0 0 0 0 0 0 0 0 0 0 0 0 0 0 0 0 0
263034 121938 139228 70475 87984 85140 117722 81210 55587 55123 54878 105885 161026 203885 139468 100866 52441 42540 39826 39698 56423 42185 25154 23155 26722 24748 9487 22334 59322 55391 22583 22555 22555 62881 0 81638 113770 88901 38683 35579 35459 70889 82699 79253 118951 108305 108941 94880 65087 15314 15314 23497 251615 230697 99848 0 0 0 0 0 0 0 0 0 0 0 0 0 0 0 0 0 0 0 0 0 0 0 0 0 0 0 0 0 0 0 0 0 0 0 0 0 0 0 0 0
59621 239503 228689 103822 107002 182117 125277 96117 60315 55812 55281 114906 122120 156810 105387 100045 58762 43089 49758 63393 80942 54172 34838 25030 27545 31690 29008 29028 50030 60296 60296 35470 22630 38248 0 0 72736 84656 64996 35552 35462 34349 34323 36602 88363 105932 96883 92581 57102 15303 25274 66573 101213 156866 234842 0 0 0 0 0 0 0 0 0 0 0 0 0 0 0 0 0 0 0 0 0 0 0 0 0 0 0 0 0 0 0 0 0 0 0 0 0 0 0 0 0
46314 158427 299132 156281 72708 137848 104663 77534 58094 61398 52544 61391 75506 75799 77431 80439 68657 71413 57467 64438 263140 245273 142173 127072 50502 43045 29006 29006 44370 52047 36354 21754 28030 38702 23920 0 50469 23276 29497 29272 33385 34294 34294 34294 20966 30600 58430 117808 105844 36379 48003 75104 69184 56746 0 0 0 0 0 0 0 0 0 0 0 0 0 0 0 0 0 0 0 0 0 0 0 0 0 0 0 0 0 0 0 0 0 0 0 0 0 0 0 0 0 0
5344 21443 21662 21662 21662 27209 46745 46745 46745 50093 46868 25229 23768 36959 50501 87023 110281 110281 100808 80840 105976 89711 210620 1177584 73212 54355 42871 33357 31885 30857 31005 26478 26980 38920 24664 0 79120 23254 23254 23254 25711 32820 34263 30303 17531 16709 68722 121796 115706 103960 92872 100221 69606 49124 0 0 0 0 0 0 0 0 0 0 0 0 0 0 0 0 0 0 0 0 0 0 0 0 0 0 0 0 0 0 0 0 0 0 0 0 0 0 0 0 0 0
0 15054 21640 22496 33027 44078 46699 46699 46699 46515 46103 42473 30051 20310 18597 43944 103274 106027 109686 81283 74470 76758 119612 203100 228918 121002 44290 38066 27170 22319 23961 23228 21485 34530 39937 0 0 25813 23231 23231 23231 29243 32867 17460 16692 20339 90622 121427 111490 97340 94303 103681 96823 99713 1887865 0 0 0 0 0 0 0 0 0 0 0 0 0 0 0 0 0 0 0 0 0 0 0 0 0 0 0 0 0 0 0 0 0 0 0 0 0 0 0 0 0
0 0 21617 27549 46649 46649 46649 46649 45731 45028 45293 46054 45324 18391 16246 9109 8863 59361 65340 58165 62242 61829 99686 123015 47872 27137 35958 38170 44551 24387 21506 21173 21137 32728 41690 38296 0 0 32504 23206 24467 26779 26869 21880 25006 56846 64017 70535 86856 91868 96273 103572 100498 84388 69839 0 0 0 0 0 0 0 0 0 0 0 0 0 0 0 0 0 0 0 0 0 0 0 0 0 0 0 0 0 0 0 0 0 0 0 0 0 0 0 0 0
0 0 15844 19190 32144 43600 46897 46595 37523 35351 38001 45049 24986 15655 14648 8852 8852 8852 8852 16263 41366 46191 85611 93188 31766 18997 19264 31167 68971 69702 66984 46840 21488 34544 34417 40503 22639 0 45781 59166 0 26839 26839 53039 83466 82830 63944 63943 63379 64597 82639 78613 50946 45463 29901 0 0 0 0 0 0 0 0 0 0 0 0 0 0 0 0 0 0 0 0 0 0 0 0 0 0 0 0 0 0 0 0 0 0 0 0 0 0 0 0 0
0 0 0 15513 18748 39488 50364 46101 35197 34423 34426 17543 9235 8842 8842 8842 8842 8842 8842 9456 12973 12973 12973 24044 27923 15347 15347 31824 56300 60506 45596 22890 23985 27096 35532 33011 29918 5584 76947 106575 108885 0 32534 91367 107523 101920 88969 80150 48362 32215 44919 17478 21093 36579 28074 0 0 0 0 0 0 0 0 0 0 0 0 0 0 0 0 0 0 0 0 0 0 0 0 0 0 0 0 0 0 0 0 0 0 0 0 0 0 0 0 0
0 0 0 299592 31814 51449 51449 40077 34378 34378 34378 12994 8830 8830 8830 8830 8830 8054 6581 8112 14014 13072 13046 21108 15784 15327 15327 50464 0 44090 16829 20763 26307 0 43581 0 17275 21895 35088 87029 125376 115475 81595 105164 105892 101858 85678 56523 23446 21844 18188 4954 4954 25738 33507 0 0 0 0 0 0 0 0 0 0 0 0 0 0 0 0 0 0 0 0 0 0 0 0 0 0 0 0 0 0 0 0 0 0 0 0 0 0 0 0 0
0 0 880392 15524 41137 51378 45442 35973 34331 34331 30910 10622 8818 8818 8818 8812 7564 6221 6153 9451 16277 16271 15800 16180 15757 15306 15309 50804 56444 16055 14555 20307 20681 0 33850 14616 15654 25518 27563 28753 50644 97714 149646 333020 126144 104571 100673 47333 21814 21814 15569 4947 4947 27746 40344 0 0 0 0 0 0 0 0 0 0 0 0 0 0 0 0 0 0 0 0 0 0 0 0 0 0 0 0 0 0 0 0 0 0 0 0 0 0 0 0 0
0 0 0 15449 24856 42632 37620 35712 35116 34281 33186 18436 9669 8805 8801 8109 6144 6144 6144 7272 15210 16148 16237 16131 17544 16907 18241 29739 30689 17111 15400 18384 22102 42694 30917 23129 14885 19775 28579 31540 29109 32741 74790 169791 42203 76015 62009 32306 32268 24388 7282 4940 4940 46965 98859 0 0 0 0 0 0 0 0 0 0 0 0 0 0 0 0 0 0 0 0 0 0 0 0 0 0 0 0 0 0 0 0 0 0 0 0 0 0 0 0 0
0 0 0 20863 22816 34274 37143 37143 36543 34243 34228 34228 23238 8163 6795 6135 6135 6135 6135 6135 10534 15527 15552 15527 47275 67253 51151 43038 26923 29044 22149 20826 21073 35029 37840 27799 21176 28834 31738 30578 20422 26785 37537 112512 0 68385 55603 36867 36867 31611 13711 14245 38994 84688 140498 145677 89213 0 0 0 0 0 0 0 0 0 0 0 0 0 0 0 0 0 0 0 0 0 0 0 0 0 0 0 0 0 0 0 0 0 0 0 0 0 0 0
0 0 0 17560 37083 37083 37083 37224 40082 44309 38176 34173 34173 15202 6125 6125 6125 6125 6125 5724 10069 15502 15208 15111 37756 67525 67343 0 33166 64414 48178 21039 21566 33117 32188 28539 25370 29198 26010 20180 16723 10339 26528 73165 0 98014 68531 36807 36807 33464 32942 38467 93527 114494 198666 193402 75944 0 0 0 0 0 0 0 0 0 0 0 0 0 0 0 0 0 0 0 0 0 0 0 0 0 0 0 0 0 0 0 0 0 0 0 0 0 0 0
0 0 0 0 37020 37020 37020 45725 55356 51720 50164 34642 34154 41988 17647 5702 5670 5968 5734 5279 7221 6796 6340 5276 26851 49709 49280 69196 68407 71890 65122 87331 33472 29958 30122 0 28338 18584 12833 19219 13108 10321 57637 146796 0 58631 90450 35144 36743 35216 32886 28994 71124 71048 49611 40936 50259 0 0 0 0 0 0 0 0 0 0 0 0 0 0 0 0 0 0 0 0 0 0 0 0 0 0 0 0 0 0 0 0 0 0 0 0 0 0 0
0 0 0 0 40703 37611 64389 151920 135760 55641 51536 47594 50356 45974 8127 5153 5153 5153 5153 5153 5153 5153 5153 5249 12794 12903 19783 49135 64633 67820 482987 405540 30141 29212 29939 30638 23450 10661 10661 12188 10640 10320 78606 146287 0 0 30827 12254 15264 13687 13068 6583 5141 22368 22045 56105 65514 0 0 0 0 0 262377 0 0 0 0 0 0 0 0 0 0 0 0 0 0 0 0 0 0 0 0 0 0 0 0 0 0 0 0 0 0 0 0 0
0 0 0 40406 52800 50302 140230 151881 135257 52614 51533 51533 50466 21561 5144 5144 5144 5144 5144 5144 5144 5144 5144 5216 12404 12895 13593 13757 13757 13796 61011 181360 93685 20787 27588 21437 13569 10686 10642 10642 22086 40951 80355 142429 0 0 15670 8912 3347 2420 1600 2636 14713 23891 19707 24606 41908 0 0 0 0 0 0 0 0 0 0 0 0 0 0 0 0 0 69975 0 0 0 0 0 0 0 0 0 0 0 0 0 0 0 0 0 0 0 0 0
0 0 39920 52698 52698 79553 150513 151587 136940 52113 51433 51433 30236 5134 5134 5134 5134 5134 5134 5134 5134 5135 5173 6015 12689 12984 12324 12312 12479 15725 26883 173926 711942 191141 19201 17874 15718 13101 10820 11816 41484 49062 165390 182518 0 10653 13148 7994 5330 4083 5515 7312 23468 24250 20642 25193 95378 0 0 0 0 0 0 0 0 0 0 0 0 0 0 0 0 0 43378 0 0 0 0 0 0 0 0 0 0 0 0 0 0 0 0 0 0 0 0 0
0 30151 52592 52592 52592 61601 134085 146731 124079 55385 51330 50121 9686 5123 5123 5123 5123 5123 5123 5124 11929 11970 11989 12476 12698 6681 3854 6150 6824 12645 26369 27014 127308 155578 18663 17442 15687 15687 15934 60054 84476 97379 211491 236940 0 0 57605 32797 4346 4604 7291 7399 37103 33905 58565 64433 111811 0 0 0 0 0 0 0 0 0 0 0 0 0 0 0 0 42873 41005 34590 0 0 0 0 0 0 0 0 0 0 0 0 0 0 0 0 0 0 0 0
0 12153 20298 44990 46435 38880 43561 61370 35842 50282 51222 34650 3247 4686 5113 5113 5113 5113 5113 5113 10646 11556 11948 12364 11691 4463 3797 5805 6810 12671 29230 29303 28095 22366 17081 16950 19310 21816 45769 84197 94935 181005 463988 443976 328034 0 92780 30972 8425 7875 11169 11156 35663 63292 79760 108071 113287 0 0 0 0 0 0 0 0 0 0 0 0 0 0 0 47773 51718 31869 71696 0 0 0 0 0 0 0 0 0 0 0 0 0 0 0 0 0 0 0 0
0 6766 6766 27781 35424 35424 35424 35424 34440 2702 20541 2086 1953 2864 3948 4809 5102 5102 5102 5102 13164 11101 9748 9809 9760 13646 4747 4392 6513 10596 30261 31820 113160 31808 17044 17044 38684 51863 54448 99176 78619 40073 150223 568723 468603 0 0 88716 39245 12634 13381 27398 0 45542 54484 86490 111900 0 0 0 0 0 0 0 0 0 0 0 0 0 0 7338 22712 28353 32332 93500 73181 0 0 0 0 0 0 0 0 0 0 0 0 0 0 0 0 0 0 0
3267 6751 11257 32407 35345 35345 35345 35345 35345 7868 1948 1948 1948 1948 1948 2670 4778 5009 5090 5090 16714 16058 23299 25744 18753 18697 15855 19187 17637 21814 26974 31729 103855 31681 21459 30297 46688 34838 22876 10771 9526 14091 14060 41563 195889 430641 0 303566 57664 59287 54527 54971 54225 44883 49082 82295 160921 183200 0 0 0 0 0 0 0 0 0 0 0 0 0 20882 54148 42678 60077 102090 48062 0 0 0 0 0 0 0 0 0 0 0 0 0 0 0 0 0 0 0
5598 6735 16609 35153 35262 35262 35262 31071 25786 10143 2047 1944 1944 1944 1944 1944 1944 1991 3706 5082 16679 21018 45071 44584 21700 18864 18683 18904 19196 19761 21630 29000 1196266 41346 44272 33697 12096 7641 7815 8954 8908 11560 18991 18366 81133 378784 494571 230161 62341 125460 106548 64699 61168 85757 372784 97383 105367 0 0 0 0 0 0 0 0 0 0 0 0 0 17519 40367 42216 61694 32304 87754 89370 0 0 0 0 0 0 0 0 0 0 0 0 0 0 0 0 0 0 0
6673 6719 6719 31836 34389 29086 27352 9238 9208 9208 5797 1939 1939 1939 1939 1939 1939 1939 1976 4278 16561 15880 16425 31661 13696 11056 16928 14760 14760 14760 51595 74439 226855 46143 41209 36190 35330 11164 7533 8587 9936 19872 25643 30586 99329 602546 861092 482744 91712 118734 96985 81942 47328 84140 124880 126733 46773 0 0 0 0 0 0 0 0 0 0 0 128105 26704 31187 55122 37307 76050 44679 20993 0 0 0 0 0 0 0 0 0 0 0 0 0 0 0 0 0 0 0 0
6702 6702 7218 22775 13038 9185 9995 9185 9185 9185 7756 1934 1934 1934 1934 1934 1934 1934 1934 2190 13901 15065 15065 15065 9319 7191 12588 15734 15950 39762 129012 104067 45695 52102 42868 44714 50731 53766 51749 60773 30707 26740 32410 125412 65187 285726 563280 171833 81734 70703 87907 84308 41331 50528 162628 186655 0 0 0 0 0 0 0 0 0 5517 10816 17309 32092 82047 47281 37277 21683 38091 44830 41894 0 0 0 0 0 0 0 0 0 0 0 0 0 0 0 0 0 0 0 0
6685 6676 7762 9161 9161 9161 9161 9161 9161 9161 5661 1929 1929 1929 1929 1929 1929 1929 1929 1929 4873 14292 15026 11555 7172 7177 14008 17871 17883 44980 71604 22981 14872 0 40875 44587 51884 67280 99906 112638 103592 69899 27650 18137 30884 98625 220763 66862 66937 65655 69759 105653 38820 39338 87991 0 0 0 0 0 0 0 0 0 0 8964 9993 12552 19155 51670 22228 18486 13765 21239 66034 32408 0 0 0 0 0 0 0 0 0 0 0 0 0 0 0 0 0 0 0 0
3659 2936 1647 5829 14666 15307 15762 15669 15571 15474 12716 9777 3330 1924 1924 1924 1924 1924 1924 1924 1924 4678 11837 7191 7410 7183 16277 17869 24996 18708 60579 16289 31176 54997 53078 44214 135801 136141 156773 113491 97396 83676 22115 14390 22912 37011 102793 62413 67972 118646 137333 103152 22735 0 0 0 0 0 0 0 0 0 0 0 8138 5805 6660 5549 9831 17169 14626 15638 91362 112637 201462 0 0 0 0 0 0 0 0 0 0 0 0 0 0 0 0 0 0 0 0 0
1595 1595 1595 1595 27399 39259 39259 39259 39259 39259 39259 39259 9129 5976 4158 3655 3372 2107 2385 2382 3534 5119 10838 19568 21238 17124 14623 76581 33413 26754 33837 23883 62896 75687 78227 66837 115987 463417 1140953 143044 106708 75634 29123 3430 15509 43181 51716 35283 27209 305585 102847 0 0 0 0 0 0 0 0 0 0 0 0 0 8596 7035 8927 11353 17270 19113 21045 35579 111507 116464 143583 0 0 0 0 0 0 0 0 0 0 0 0 0 0 0 0 0 0 0 0 0
1579 1591 1591 1591 8491 38927 39147 39147 39141 38010 39147 39147 9103 8968 8968 8968 8968 8825 6812 6220 5066 3932 5142 16094 4144 2843 3778 13241 13658 14722 21817 28029 73282 75472 79361 85980 103188 261736 295632 132040 102629 95308 43022 8735 20987 23771 11524 38824 83322 108402 0 0 0 0 0 0 0 0 0 0 0 0 0 0 21641 7787 6575 20521 21358 28250 49729 83369 90784 36834 162731 0 0 0 0 0 0 0 0 0 0 0 0 0 0 0 0 0 0 0 0 0
0 1586 1586 1586 1579 10631 9917 5272 1356 3775 12820 19234 7016 7027 8121 8942 8942 8921 3192 3192 3192 3192 2650 2329 2337 2337 2337 6602 13618 13618 14990 35164 52459 71880 90797 91933 85333 95034 67369 89507 133647 175355 86197 45441 31119 11748 6542 22109 50612 0 0 0 0 0 0 0 0 0 0 0 0 0 0 0 5719 8246 11456 61548 46026 130794 400687 1150801 60868 64780 0 0 0 0 0 0 0 0 0 0 0 0 0 0 0 0 0 0 0 0 0 0
0 1125 1831 2138 1759 1076 1076 1020 1701 4856 4866 5262 4388 4359 4077 3818 3744 3642 3183 3183 3183 2558 2379 2316 2316 2434 8712 8799 13020 16074 29204 39347 33234 48190 93942 104874 65665 59029 81256 110204 180184 143697 61828 232704 83933 43223 6274 0 0 0 0 0 0 0 0 0 0 0 0 0 0 0 0 0 0 16894 9157 18004 91243 174319 322974 253870 48008 85267 0 0 0 0 0 0 0 0 0 0 0 0 0 0 0 0 0 0 0 0 0 0
0 0 1769 2402 2397 1391 1072 1072 1072 2997 4345 4350 4326 4011 988 785 785 798 3173 3173 3173 2398 2309 2309 2309 2428 8704 8538 9684 25989 42726 44091 40508 25952 44804 91874 78523 86202 84320 92453 133769 102831 37213 44708 63037 522612 0 0 0 0 0 0 0 0 0 0 0 0 0 0 0 0 0 0 0 16099 0 28563 73420 158457 480405 162594 78145 121503 0 0 0 0 0 0 0 0 0 0 0 0 0 0 0 0 0 0 0 0 0 0
0 0 0 2218 2394 2298 1446 1117 2084 3806 4093 4157 3868 3728 2986 1767 1679 1687 3163 3163 3156 2443 2301 2200 1862 3879 6365 5725 7268 8814 24154 39143 233087 559493 41353 68032 129780 120435 158178 112339 132027 161832 46310 30732 49111 0 0 0 0 0 0 0 0 0 0 0 0 0 0 0 0 0 0 0 0 30403 18663 18442 16081 83455 198994 90605 93136 0 0 0 0 0 0 0 0 0 0 0 0 0 0 0 0 0 0 782332 0 0 0 0
0 0 0 1750 2386 2386 2382 2953 3763 3779 3780 3796 3804 2235 1673 1673 1673 1682 3129 3145 2884 2407 1768 1237 1380 3957 432 2779 6262 8648 34564 49016 55593 56041 34317 88165 109270 104543 96106 53443 134961 58413 21400 20339 31171 23465 0 0 0 0 0 0 0 0 0 0 0 0 0 0 0 0 0 0 11379 9735 7824 8894 9882 98965 164254 114712 122178 0 0 0 0 0 0 0 0 0 0 0 0 0 0 0 0 0 0 0 0 0 0 0
0 0 0 957 2146 2378 2401 2757 2935 3703 3808 3835 3220 1972 1769 1668 1668 1665 720 720 720 618 161 49 996 1230 1158 1151 5097 7547 18938 55185 54984 50457 34775 33269 26768 23838 26554 30564 57666 13036 13809 12530 19317 20218 0 0 0 0 0 0 0 0 0 0 0 0 0 0 0 0 0 7959 17231 11272 7391 5239 15563 94689 231336 83848 69710 0 0 0 0 0 0 0 0 0 0 0 0 0 0 0 0 0 0 0 0 0 0 0
0 0 0 0 1492 2338 2391 2687 2848 3851 3929 8103 4065 2133 2078 2025 1664 1662 719 718 718 693 457 195 739 1190 1230 2790 6899 7250 10075 17135 21613 28814 26040 18249 18907 22276 27723 27264 7843 4894 6401 7095 7807 21541 18367 0 0 0 0 0 0 0 0 0 0 0 0 0 0 0 0 42868 10860 12446 14904 7616 22056 158096 274527 91058 0 0 0 0 0 0 0 0 0 0 0 0 0 0 0 0 0 0 0 0 0 0 0 0
0 0 0 0 436 1865 2390 2615 3657 8512 11898 15350 3771 2125 2125 2125 720 722 715 715 715 715 706 685 715 850 4414 7182 7224 7984 17373 17977 14903 16425 12174 13668 25295 48616 29706 7810 4584 2943 3722 7012 12110 53172 46142 0 0 0 0 0 0 0 0 0 0 0 0 0 0 0 11472 27335 18086 17462 10818 9669 31981 48427 62579 173270 0 0 0 0 0 0 0 0 0 0 0 0 0 0 0 0 0 0 0 0 0 0 0 0
0 0 0 0 0 13398 1741 3390 13790 15424 13849 15094 9665 2118 2118 2118 713 713 713 713 713 713 713 713 713 713 4125 10663 12520 16872 21471 21550 14831 52146 10581 17328 148295 233551 6909 4530 4555 3836 3125 6149 9418 54578 63538 0 0 0 0 0 0 0 0 0 0 0 0 0 0 0 0 54194 32559 12981 10688 17391 18335 21655 66007 0 0 0 0 0 0 0 0 0 0 0 0 0 0 0 0 0 0 0 0 0 0 0 0 0
0 0 0 0 0 10753 1445 5986 15498 9856 7815 14578 13286 2121 1876 1644 728 728 728 728 728 897 4568 4790 4762 4744 11630 24033 24982 23267 19941 33006 64498 164867 86495 117078 400645 272288 11455 5163 0 7321 4114 3468 5853 31321 80543 0 0 0 0 0 0 0 0 0 0 0 0 0 0 0 0 122586 32994 16774 11649 19391 26426 15205 75305 0 0 0 0 0 0 0 0 0 0 0 0 0 0 0 0 0 0 0 0 0 0 0 0 0
0 0 0 0 0 1427 1440 6313 12292 7422 7159 4964 3189 1804 1709 1625 755 755 755 755 755 889 10616 11651 11651 11651 17876 22656 23455 23116 10204 9015 26712 251073 184145 134669 230002 172875 66880 8373 8592 7784 21259 21108 12877 37571 229251 0 0 0 0 0 0 0 0 0 0 0 0 0 0 0 0 32811 46200 58567 29707 28234 24475 18188 51442 0 0 0 0 0 0 0 0 0 0 0 0 0 0 0 0 0 0 0 0 0 0 0 0 0
0 0 0 0 0 1334 1435 824 1521 3676 3066 1825 1588 1588 1588 1588 367 653 752 752 752 752 13451 13880 12767 11780 13962 21920 22474 17887 12034 14594 15140 40086 91521 266995 285655 106689 12334 8208 12952 67078 41787 81763 29714 43383 88038 0 0 0 0 0 0 0 0 0 0 0 0 0 0 0 0 0 26165 45687 47906 37747 18932 28446 28952 0 0 0 0 0 0 0 0 0 0 0 0 0 0 0 0 0 0 0 0 0 0 0 0 0
0 0 0 0 0 777 1428 806 430 353 1072 1755 1663 1581 1581 1580 1097 17 209 490 852 1001 10266 11251 14829 17398 14572 139234 48535 42087 19702 38845 20564 142429 101249 310007 106301 97417 395348 22013 17858 67522 127914 158451 128852 0 0 0 0 0 0 0 0 0 0 0 0 0 0 0 0 0 0 0 28539 39486 55135 37774 53500 63074 46166 0 0 0 0 0 0 0 0 0 0 0 0 0 0 0 0 0 0 0 0 0 0 0 0 0
0 0 0 0 0 323 982 770 429 412 1344 2048 2202 1603 1574 1576 6602 565 12 178 1324 2139 4679 2477 8899 16905 17940 135496 36215 82246 170660 441281 538215 354325 172515 88906 20328 32828 320388 24219 22261 106707 129637 0 0 0 0 0 0 0 0 0 0 0 0 0 0 0 0 0 0 0 0 0 0 19064 41892 80376 0 0 0 0 0 0 0 0 0 0 0 0 0 0 0 0 0 0 0 0 0 0 0 0 0 0 0 0
0 0 0 0 0 240 978 948 695 416 1037 2137 2237 1754 1653 1645 7094 3357 71 1454 1789 4749 9513 9356 8603 72181 92408 77573 20211 27111 224458 417751 1076384 80859 117001 50307 22245 65258 165326 330831 81563 1184517 0 0 0 0 0 0 0 0 0 0 0 0 0 0 0 0 0 0 0 0 0 0 0 0 0 0 0 0 0 0 0 0 0 0 0 0 0 0 0 0 0 0 0 0 0 0 0 0 0 0 0 0 0 0
0 0 0 0 0 0 924 974 974 523 597 2137 2169 1783 1659 1671 7064 3824 1088 1781 2352 11220 30205 20484 9810 10728 94263 110312 39605 28780 271489 1729626 2718161 237785 134242 48488 30067 170825 194291 116717 91764 0 0 0 0 0 0 0 0 0 0 0 0 0 0 0 0 0 0 0 0 0 0 0 0 0 0 0 0 0 0 0 0 0 0 0 0 0 0 0 0 0 0 0 0 0 0 0 0 0 0 0 0 0 0 0
0 0 0 0 0 0 688 969 969 606 409 1322 1712 1651 1651 1669 6438 4404 3286 2841 3970 8038 34932 28519 12252 8682 28563 33496 153988 184145 129065 580435 298030 62438 74208 45711 39470 88724 188775 89334 52930 29930 0 0 0 0 0 0 0 0 0 0 0 0 0 0 0 0 0 0 0 0 0 0 0 0 0 0 0 0 0 0 0 0 0 0 0 0 0 0 0 0 0 0 0 0 0 0 0 0 0 0 0 0 0 0
0 0 0 0 0 0 0 965 965 799 407 1188 1644 1335 1314 1430 7002 7002 6889 5642 8494 5704 25236 34937 8686 51829 27709 31729 60645 68649 47213 40745 31700 29041 27546 41197 31673 57738 176872 166162 107353 0 0 0 0 0 0 0 0 0 0 0 0 0 0 0 0 0 0 0 0 0 0 0 0 0 0 0 0 0 0 0 0 0 0 0 0 0 0 0 0 0 0 0 0 0 0 0 0 0 0 0 0 0 0 0
0 0 0 0 0 0 0 813 961 931 683 875 947 868 858 889 6970 6970 6970 7354 9075 8460 5034 8182 31882 137216 25532 21003 35742 263508 68292 40944 31712 25179 20267 48151 347218 58725 51331 133581 68944 0 0 0 0 0 0 0 0 0 0 0 0 0 0 0 0 0 0 0 0 0 0 0 0 0 0 0 0 0 0 0 0 0 0 0 0 0 0 0 0 0 0 0 0 0 0 0 0 0 0 0 0 0 0 0
0 0 0 0 0 0 0 0 819 2192 2832 854 854 854 854 888 6806 6938 6938 6897 7986 8988 8764 10702 16759 37114 9037 16551 28192 222364 33399 31168 53035 179663 27420 87455 86490 207576 105441 212799 144012 0 0 0 0 0 0 0 0 0 0 0 0 0 0 0 0 0 0 0 0 0 0 0 0 0 0 0 0 0 0 0 0 0 0 0 0 0 0 0 0 0 0 0 0 0 0 0 0 0 0 0 0 0 0 0
0 0 0 0 0 0 0 0 0 3902 4334 2703 1686 1925 1081 901 2816 5254 3674 3517 4470 3589 3532 8423 96638 82316 8790 31158 40463 26122 28310 82412 174876 339756 149592 86931 208850 179567 195404 313208 0 0 0 0 0 0 0 0 0 0 0 0 0 0 0 0 0 0 0 0 0 0 0 0 0 0 0 0 0 0 0 0 0 0 0 0 0 0 0 0 0 0 0 0 0 0 0 0 0 0 0 0 0 0 0 0
0 0 0 0 0 0 0 0 0 0 4624 4624 4624 4624 2509 898 898 897 898 1663 4259 3163 4359 7732 10948 16556 10413 81803 126304 302896 55201 287789 239037 111462 53996 86573 97093 270358 264749 0 0 0 0 0 0 0 0 0 0 0 0 0 0 0 0 0 0 0 0 0 0 0 0 0 0 0 0 0 0 0 0 0 0 0 0 0 0 0 0 0 0 0 0 0 0 0 0 0 0 0 0 0 0 0 0 0
0 0 0 0 0 0 0 0 0 0 4010 4601 4601 4601 2569 1234 933 681 811 2209 4959 4902 4998 5203 6018 6120 6541 10039 10065 14528 177085 267086 160854 83439 42724 151446 462267 2105582 0 0 0 0 0 0 0 0 0 0 0 0 0 0 0 0 0 0 0 0 0 0 0 0 0 0 0 0 0 0 0 0 0 0 0 0 0 0 0 0 0 0 0 0 0 0 0 0 0 0 0 0 0 0 0 0 0 0
