dashboard/data/pop/popdens/gpw_pop_density_qd_1995.asc
ncols 1440 
nrows 720
xllcorner -180
yllcorner -90
cellsize .25
NODATA_value -99
[rows 320 to 399 of 720, columns 768 to 863 of 1440]
39 36 36 37 69 54 77 79 63 39 41 43 42 45 43 39 33 23 23 23 20 16 14 14 14 14 12 13 14 14 12 2 2 2 2 2 2 1 1 1 1 1 1 1 1 1 4 10 10 10 8 1 1 1 1 1 7 12 12 12 12 12 11 7 7 7 7 7 7 9 15 15 15 13 8 8 8 6 4 5 12 7 6 6 6 6 6 6 14 13 13 26 35 41 35 22
59 38 36 36 59 44 55 57 41 39 39 39 39 39 37 25 24 23 23 23 23 19 15 14 14 14 14 14 14 14 14 5 2 2 2 2 1 1 1 1 1 1 1 1 1 1 4 10 10 10 4 1 1 1 1 1 4 7 8 8 8 7 6 7 7 7 7 11 11 13 15 15 15 15 7 5 5 4 4 12 19 14 6 6 6 6 6 9 14 13 15 33 37 51 53 34
73 104 36 38 43 43 43 43 35 35 39 39 39 39 26 23 23 23 23 23 21 14 14 14 14 14 14 14 14 14 14 9 2 2 2 1 1 1 1 1 1 1 1 1 1 1 5 10 10 9 2 1 1 1 1 1 4 5 5 5 5 5 5 8 23 26 31 19 15 15 15 15 15 12 8 7 6 5 11 18 19 19 16 16 16 15 16 16 34 49 53 50 59 77 57 53
73 147 97 39 43 43 43 27 6 13 39 39 39 36 27 29 32 35 20 22 19 14 14 14 14 14 14 14 13 13 13 9 1 1 1 1 1 1 1 1 1 1 0 1 1 1 9 10 10 6 1 1 1 1 1 1 4 5 5 5 5 5 5 32 46 46 41 17 15 15 15 15 15 11 10 10 10 10 17 19 19 19 18 16 16 16 16 16 29 47 56 43 92 126 131 86
60 40 46 35 43 43 40 11 6 6 14 34 39 41 43 43 43 43 22 17 16 14 14 14 14 14 14 11 1 1 1 1 1 1 1 1 1 1 1 1 1 0 0 0 1 0 8 10 9 3 1 1 1 1 1 1 5 5 5 5 5 5 12 44 46 46 44 33 15 15 15 15 14 10 10 10 10 10 15 19 18 17 16 16 16 16 16 16 23 33 53 51 99 84 113 104
60 54 29 6 15 28 25 6 6 6 6 7 21 42 43 42 32 23 17 17 15 14 14 14 14 14 14 14 4 0 0 1 1 1 1 1 1 1 1 1 1 1 1 1 1 0 1 1 1 1 1 1 1 1 1 1 4 5 5 5 5 5 6 37 46 46 45 19 14 15 15 15 14 10 10 10 10 12 13 16 14 14 16 16 16 16 16 16 20 37 58 64 89 92 85 36
34 10 5 5 5 14 9 6 6 6 6 6 6 27 37 25 17 17 17 17 17 14 14 14 14 14 14 13 5 0 0 0 1 1 1 1 1 1 1 1 1 1 1 1 1 0 0 0 0 1 1 1 1 1 1 1 3 5 5 5 5 5 5 37 45 17 30 14 14 14 15 15 12 0 0 10 10 14 14 14 14 14 15 16 15 10 11 11 8 7 36 90 52 96 78 68
30 6 5 5 6 6 6 6 6 6 6 6 6 12 17 17 17 17 17 17 16 14 14 14 14 13 12 11 7 2 0 0 0 0 0 1 1 1 1 1 1 1 1 1 1 1 0 0 0 0 0 0 1 1 1 1 1 4 5 5 5 5 5 26 27 14 16 14 14 14 15 15 14 10 0 10 10 14 14 14 14 14 14 16 12 7 9 9 8 7 8 32 24 67 94 50
20 5 5 5 5 6 6 6 6 6 6 6 6 8 16 17 17 17 17 17 17 10 6 5 4 4 7 11 6 2 0 0 0 0 0 1 1 1 1 1 1 1 1 1 1 0 0 0 0 0 0 0 0 1 1 1 1 1 4 5 5 5 5 5 7 13 14 14 14 14 14 15 15 11 10 11 13 15 15 15 14 14 14 14 8 7 6 4 4 2 2 4 10 36 37 42
8 5 5 5 7 11 10 10 7 6 6 6 6 6 14 17 16 16 16 13 7 4 4 4 4 4 5 7 6 6 2 0 0 0 0 1 2 2 1 1 1 1 1 1 0 0 0 0 0 0 0 0 0 1 1 1 1 1 3 5 5 5 5 5 5 9 14 14 14 14 14 14 15 14 0 16 16 16 16 16 14 14 14 9 8 13 11 3 2 2 2 3 8 29 42 63
5 5 5 5 12 15 15 15 15 7 6 6 6 10 14 14 14 15 15 6 4 4 4 4 4 4 4 6 6 6 5 2 0 0 0 1 2 2 3 2 3 1 1 0 0 0 0 0 0 0 0 0 0 0 1 1 1 1 5 5 5 5 5 5 5 6 14 14 14 14 14 14 15 0 0 16 16 16 16 16 16 11 6 4 4 13 12 4 2 2 2 4 11 33 82 70
9 5 5 10 15 15 15 15 15 13 9 8 11 14 14 14 15 15 15 4 4 6 4 4 4 4 4 6 6 6 5 4 2 0 0 1 2 2 3 3 3 1 0 0 0 0 0 0 0 0 0 0 0 0 0 1 1 1 5 5 5 5 5 5 5 5 13 14 14 14 14 14 14 15 15 16 16 16 16 16 16 9 4 4 4 6 4 4 3 2 2 4 15 90 116 62
8 5 6 10 12 14 15 14 13 13 11 10 12 14 14 14 15 15 14 6 9 10 8 6 3 3 4 6 6 6 4 4 2 1 1 2 2 2 2 3 3 1 0 0 0 0 0 0 0 0 0 0 0 0 0 0 1 3 5 5 5 5 5 5 5 5 12 14 14 14 14 14 14 15 15 16 16 16 16 16 16 9 4 4 4 4 4 4 4 3 3 3 3 107 109 30
7 6 6 6 6 9 13 11 10 10 10 12 16 14 14 14 11 11 12 9 10 10 10 5 3 3 3 6 6 6 4 2 1 1 1 2 2 2 2 3 3 3 1 0 0 0 0 0 0 0 0 0 0 0 0 0 0 2 4 4 4 4 3 4 4 4 11 14 14 14 14 14 15 15 15 15 15 16 16 16 16 9 4 4 4 4 4 4 4 4 3 3 3 24 52 17
6 6 6 6 6 9 10 10 10 10 10 8 14 15 14 6 5 5 5 6 9 10 8 3 3 3 3 6 7 7 7 2 1 1 1 2 2 2 2 3 3 3 1 0 0 0 0 0 0 0 0 0 0 0 0 0 0 2 3 3 3 3 3 3 3 3 11 14 14 14 12 6 13 15 15 15 15 15 16 16 16 9 4 4 4 4 4 4 4 4 4 4 6 4 5 13
6 6 6 6 6 9 10 10 10 9 6 5 13 16 16 7 5 5 5 7 10 10 8 4 3 3 3 6 7 7 7 5 2 1 6 4 2 2 2 3 3 2 1 1 1 0 0 0 0 0 0 0 0 0 0 0 0 0 3 3 3 3 3 3 4 5 9 14 14 14 9 2 6 8 12 15 15 15 16 16 16 8 4 4 4 4 4 4 4 4 4 4 6 8 6 4
7 7 7 8 9 9 9 9 9 9 6 5 9 16 16 11 5 5 5 6 10 10 10 5 3 3 4 5 5 5 6 7 7 8 12 11 11 8 4 7 2 1 1 1 1 0 0 0 0 0 0 0 1 1 0 0 1 1 1 2 3 3 3 4 5 6 5 12 14 14 4 2 2 4 6 9 9 10 13 14 14 8 4 4 4 4 4 4 4 4 4 4 6 4 3 2
7 7 7 7 9 9 9 9 9 9 7 5 5 6 7 3 3 4 6 6 7 6 6 4 3 3 3 4 5 5 6 7 7 11 12 12 11 11 11 5 1 1 1 1 1 3 3 0 0 0 0 0 1 1 1 1 1 1 1 1 1 3 3 4 6 6 3 3 5 5 2 2 2 2 3 5 6 6 6 6 6 7 7 6 4 4 4 4 4 4 4 4 5 5 3 2
7 7 7 8 9 9 9 9 9 9 6 5 5 5 3 3 3 3 6 7 6 6 6 5 3 3 3 3 5 5 5 5 7 9 10 10 11 10 8 5 1 1 1 1 3 6 3 0 0 0 1 1 1 1 1 1 1 1 1 1 1 3 3 3 5 6 3 2 2 2 2 2 2 2 3 5 6 6 6 6 6 7 7 6 4 4 4 4 4 4 4 4 4 5 4 4
7 7 8 8 9 9 9 9 9 9 8 5 5 5 6 5 5 7 8 8 6 6 6 5 4 3 3 3 5 7 8 7 6 6 6 8 11 10 7 5 3 2 1 3 6 6 4 0 0 1 1 1 1 1 1 1 1 1 1 1 3 3 3 3 4 6 2 2 2 2 2 2 2 2 3 6 6 6 6 6 6 7 7 6 4 4 4 4 4 4 4 4 4 4 4 12
8 8 8 8 8 9 9 9 9 10 9 6 6 6 8 8 8 8 8 8 8 7 6 5 4 3 3 3 8 11 11 11 9 7 7 12 11 11 8 6 6 6 5 5 6 6 2 1 2 3 3 1 1 1 1 1 1 1 1 1 3 3 3 3 5 6 5 2 2 2 2 2 2 2 4 6 6 6 6 6 6 7 7 6 4 4 4 4 4 4 4 4 4 4 4 12
8 8 8 7 7 8 9 9 10 10 9 6 6 11 13 12 9 8 8 8 8 8 6 4 4 24 12 11 13 12 11 11 11 9 17 23 22 14 13 10 7 6 6 3 3 5 3 3 3 3 3 2 1 1 1 1 1 1 1 1 3 3 3 4 5 6 6 2 2 2 3 2 2 9 8 6 6 6 6 6 6 6 7 6 4 4 4 4 4 4 3 4 4 4 4 7
8 10 12 5 4 4 6 9 10 10 10 9 6 13 13 13 12 8 7 8 8 8 12 12 19 39 757 16 13 13 11 11 11 9 12 12 17 16 13 13 9 6 4 3 3 3 3 3 3 3 3 3 3 1 1 1 1 1 1 1 2 3 3 3 4 5 4 3 3 3 4 8 19 21 22 17 15 7 6 6 6 7 7 7 6 4 4 4 4 3 3 3 4 5 5 0
22 18 16 4 4 4 8 10 10 10 10 10 7 8 10 13 12 8 4 5 8 8 12 13 13 29 27 13 13 12 18 18 11 9 7 7 7 7 7 7 7 9 8 3 3 3 3 3 3 3 3 3 3 2 1 1 1 1 1 1 2 3 3 3 3 3 3 3 3 3 9 15 20 23 23 23 23 17 7 6 7 7 7 7 7 6 4 8 5 3 3 3 3 3 5 0
19 16 4 4 4 4 6 9 10 9 7 6 4 6 6 6 6 6 2 2 4 8 13 13 13 17 20 13 13 24 51 49 28 14 9 7 12 8 7 7 7 11 23 13 13 9 3 3 3 3 3 3 3 3 1 1 1 3 5 2 2 4 6 7 4 3 3 3 3 3 11 15 15 18 22 23 24 24 20 15 7 7 7 8 8 7 9 12 9 3 3 3 3 3 5 0
16 8 4 4 4 4 4 4 4 4 3 3 3 4 5 5 5 3 1 1 1 2 5 9 11 9 13 13 13 44 51 51 42 19 19 16 19 12 7 7 7 13 23 22 14 11 3 4 4 3 3 3 3 3 5 9 7 5 5 5 5 6 7 7 6 4 3 3 3 5 14 15 15 20 57 65 51 37 46 59 11 12 12 12 14 24 17 12 12 10 3 3 3 4 7 0
8 6 4 4 4 4 4 4 4 4 3 3 3 3 4 5 5 5 2 1 1 1 1 1 1 1 7 13 25 50 51 51 51 23 19 19 17 9 9 8 7 10 18 5 4 4 4 4 4 4 4 5 7 10 12 12 12 7 5 5 5 7 8 8 7 6 3 3 5 10 15 15 15 67 102 140 68 38 33 39 25 15 12 19 28 29 25 14 12 9 3 3 3 3 8 9
6 6 5 4 4 4 4 4 4 4 3 3 3 3 3 4 5 5 1 1 1 1 1 1 1 1 9 16 32 50 51 51 49 21 20 19 19 18 18 19 17 24 27 14 10 4 4 4 4 4 5 5 5 5 5 10 12 10 5 5 5 5 11 22 10 4 3 6 8 8 9 14 20 92 102 283 89 59 38 36 25 35 20 25 28 31 24 19 18 13 4 3 3 3 6 9
6 6 6 5 5 5 4 4 4 4 3 3 3 3 3 3 4 5 1 1 1 1 1 1 1 3 19 25 25 44 44 37 31 22 23 20 20 20 20 27 31 33 33 33 5 4 4 4 4 4 5 5 5 5 5 9 11 8 5 5 10 7 21 26 26 18 6 8 8 8 8 13 50 106 102 122 54 35 27 23 26 78 37 25 28 32 27 21 19 14 10 3 3 3 5 7
7 6 6 6 6 6 5 4 4 4 3 3 3 3 3 3 4 3 1 1 1 1 1 1 1 16 25 25 25 23 23 23 23 23 23 22 21 21 21 33 33 33 33 32 7 6 4 4 4 4 5 5 5 5 5 11 8 5 5 10 25 26 27 26 27 15 8 8 8 8 8 8 51 116 131 138 86 64 18 11 24 104 84 60 29 29 25 20 7 11 19 7 4 3 5 3
5 6 6 6 6 6 5 4 4 4 3 3 3 3 3 3 4 1 1 1 1 1 1 1 7 25 25 25 25 23 23 23 22 21 21 21 21 21 21 32 33 33 33 33 33 30 12 4 4 4 4 5 5 5 5 9 9 5 5 5 14 27 29 28 29 14 7 7 4 4 6 13 87 131 138 142 148 56 13 16 10 89 122 157 65 38 21 9 6 7 21 12 9 6 5 3
1 1 1 1 1 2 2 2 2 2 2 3 3 3 3 3 2 1 1 1 1 1 1 1 17 25 25 25 17 20 23 0 21 21 20 21 21 17 13 14 14 16 23 0 19 8 9 5 5 6 6 6 5 5 5 5 5 5 4 4 23 28 29 29 29 8 3 3 3 3 44 79 100 107 119 133 0 0 30 28 27 72 100 137 97 61 23 25 20 7 13 10 10 8 4 2
1 1 1 1 1 1 1 1 1 1 1 1 1 1 1 2 2 1 1 1 1 1 1 2 8 9 10 5 4 4 5 0 0 8 7 9 10 7 7 7 7 7 5 0 0 6 6 6 6 6 6 5 5 5 5 5 5 5 2 2 10 22 23 26 27 5 3 3 3 3 7 68 100 100 100 0 0 0 32 31 29 51 67 75 84 68 55 32 33 12 19 11 17 21 6 2
3 4 1 1 1 1 1 1 1 1 1 1 1 1 1 1 1 1 1 1 1 1 1 2 3 3 3 4 5 6 7 7 7 7 7 7 7 7 7 7 8 7 4 4 0 0 6 6 6 6 5 5 5 5 5 5 5 5 2 1 3 25 15 3 5 3 3 3 3 3 6 41 69 0 0 44 98 83 41 33 35 47 0 71 63 57 118 76 63 31 24 9 38 34 23 6
5 4 1 1 1 1 1 1 1 1 1 1 1 1 1 1 1 1 1 1 1 1 1 2 3 3 4 5 5 7 7 7 7 7 7 7 7 7 7 7 8 8 6 4 5 0 6 6 6 5 5 5 5 5 5 2 2 2 1 1 1 2 4 3 3 3 3 3 3 3 43 57 57 0 0 33 51 58 38 31 30 32 0 0 94 75 120 100 71 110 67 47 62 41 31 9
3 2 1 1 1 1 1 1 1 1 0 1 1 1 1 1 1 0 0 1 1 1 1 3 3 4 5 5 6 6 7 7 7 7 6 6 7 7 7 7 8 8 8 4 4 4 6 10 6 10 11 12 5 5 4 2 1 1 1 1 1 1 2 3 3 3 3 3 3 25 57 57 56 0 0 59 48 32 36 35 26 37 46 91 133 131 176 198 311 278 77 130 127 83 83 10
1 1 1 1 1 1 1 1 1 1 0 0 1 1 1 1 1 1 0 1 1 1 1 3 3 5 6 6 6 6 7 7 7 7 6 6 6 7 7 8 8 8 8 6 4 4 8 20 18 20 20 20 5 27 1 1 1 1 1 1 1 1 1 2 3 3 3 3 3 48 84 93 61 65 0 66 35 32 47 42 31 51 123 132 191 213 171 190 301 325 201 295 191 119 86 32
1 1 1 1 1 1 1 1 1 1 0 0 1 1 1 1 1 1 1 1 1 1 1 3 3 5 6 6 6 6 6 7 7 7 6 6 6 6 6 7 8 8 8 7 4 4 7 20 20 20 20 26 128 137 3 3 2 1 1 1 1 1 2 25 50 50 26 32 74 79 118 112 113 151 73 66 47 50 68 88 110 125 219 256 275 339 217 202 328 344 374 273 171 144 91 0
1 1 1 1 1 1 1 1 1 0 0 0 1 2 2 2 1 1 1 1 1 1 1 0 0 0 6 6 6 6 6 6 6 6 6 6 6 6 6 6 6 8 8 8 5 4 6 20 20 13 8 16 149 69 4 4 4 2 1 1 1 1 1 4 50 59 59 64 110 118 118 117 131 115 74 70 52 53 68 97 151 248 0 0 0 516 313 0 285 415 396 327 212 233 109 52
1 1 1 1 1 2 1 2 2 2 1 1 1 2 2 2 2 1 2 1 1 1 0 0 0 0 6 6 6 6 6 6 6 6 6 6 9 10 7 6 6 8 8 8 7 4 14 20 15 3 3 3 46 4 4 4 4 4 3 1 1 1 1 1 34 59 59 59 69 101 125 190 103 115 109 53 44 78 90 114 164 327 0 0 0 266 388 0 0 382 720 447 210 178 101 50
1 1 1 1 1 2 2 2 2 2 2 2 2 2 2 2 3 2 2 1 1 1 2 3 80 116 9 6 6 6 6 8 8 8 9 10 10 10 10 9 9 9 8 8 8 6 11 20 14 3 3 4 4 4 4 4 4 4 4 2 1 1 1 1 28 29 59 59 59 77 0 0 90 138 104 41 48 79 165 380 0 0 0 0 0 0 0 0 0 0 0 0 238 187 125 109
1 1 1 1 1 2 2 2 2 2 2 3 3 3 3 3 3 2 2 2 1 1 2 6 12 13 7 6 6 6 6 7 9 10 10 10 10 10 10 9 9 9 8 8 6 5 6 6 4 4 4 4 4 4 4 4 4 4 4 5 3 2 1 4 9 9 46 59 59 59 0 120 168 148 104 38 54 164 180 282 0 0 0 0 0 0 0 0 0 0 0 0 297 192 157 164
2 2 1 1 1 1 2 2 2 2 3 3 4 4 3 3 3 3 2 2 1 1 5 12 13 13 8 6 6 6 6 6 7 9 10 10 10 10 10 10 9 9 8 7 7 7 4 3 3 3 4 4 4 4 4 4 4 5 5 5 5 5 4 8 9 9 11 26 60 82 121 140 216 219 198 85 89 161 0 0 0 0 0 0 0 0 0 0 0 237 442 638 354 147 81 79
2 3 1 1 1 1 2 2 2 2 3 3 4 4 4 3 3 2 2 2 1 3 12 13 13 13 13 10 7 6 6 6 5 2 6 10 10 10 10 9 9 9 9 7 7 6 4 3 3 3 4 4 4 4 4 4 4 5 5 5 5 5 6 9 9 9 9 9 94 116 123 145 196 165 153 83 68 64 83 61 0 0 0 0 0 0 0 0 0 201 428 505 193 215 28 45
2 3 1 1 4 7 4 5 2 1 2 2 3 4 4 3 3 2 2 3 7 10 11 13 12 12 13 11 9 6 3 4 2 2 2 2 4 8 10 8 9 9 9 7 7 7 7 4 3 3 3 4 4 4 4 4 4 5 5 5 5 8 9 9 9 9 41 158 116 116 205 190 221 110 74 62 72 75 75 75 0 0 0 0 0 0 0 0 0 190 171 74 56 24 19 44
2 3 1 3 14 13 8 3 2 1 2 2 3 4 4 4 3 2 2 9 10 10 12 12 10 10 10 10 9 8 2 2 2 2 2 2 2 2 3 4 9 9 9 9 8 7 7 7 5 4 3 3 4 4 4 4 5 5 5 5 5 8 9 9 9 9 140 219 174 124 273 279 256 65 45 58 58 72 75 0 0 0 0 0 0 0 0 110 110 110 133 52 22 19 19 24
3 3 2 9 16 14 10 3 1 1 2 2 3 4 4 4 4 4 6 10 10 10 10 10 10 10 10 9 9 9 3 2 2 2 2 2 2 2 2 2 7 9 9 8 7 7 7 7 7 6 3 3 4 4 4 6 7 5 5 5 5 5 8 9 9 9 176 202 237 378 356 323 240 90 33 53 61 74 0 0 0 0 0 0 0 0 0 116 116 31 36 36 16 18 19 19
3 4 2 1 2 8 10 7 1 1 2 1 2 4 4 4 4 6 12 10 10 10 10 10 0 0 10 10 9 9 9 6 2 2 2 2 2 2 2 2 4 8 6 6 7 7 7 5 5 5 4 4 4 4 6 7 7 5 5 5 5 5 5 9 9 41 63 94 0 0 288 275 487 181 71 51 60 88 0 0 0 0 0 0 0 117 116 110 104 15 12 12 12 8 13 18
5 5 3 3 1 2 3 9 3 3 3 2 1 2 4 4 6 22 21 10 9 8 7 7 10 10 10 10 10 9 8 5 3 3 3 2 2 2 2 2 2 5 5 5 5 5 5 5 5 5 7 8 7 7 8 8 8 7 7 7 6 8 10 10 25 88 96 99 425 260 255 285 198 206 162 84 52 112 124 0 0 0 0 0 0 0 97 100 91 12 12 12 12 7 6 8
6 6 3 3 2 2 2 4 2 3 2 1 1 1 1 3 9 23 9 6 6 6 6 14 15 10 10 12 10 6 3 3 3 3 3 3 2 2 2 2 4 4 5 5 5 5 5 5 5 6 8 8 8 8 8 8 8 8 10 11 10 10 10 10 13 95 110 267 162 147 253 268 214 204 104 53 36 32 47 79 146 146 0 0 0 0 0 138 66 26 12 12 12 7 6 0
6 6 5 4 3 2 1 2 3 3 1 1 1 1 1 1 4 25 16 6 6 6 14 19 19 14 17 19 7 4 3 3 3 3 3 3 3 3 3 3 6 5 5 5 5 5 6 5 8 11 11 11 9 8 8 8 8 14 17 13 10 10 10 10 26 107 121 368 170 113 278 300 291 234 43 36 30 30 30 0 97 122 146 277 157 120 104 50 43 43 41 40 36 6 6 6
5 5 5 5 3 3 3 3 3 2 2 1 1 1 1 1 7 25 22 6 7 14 19 19 19 19 19 19 3 3 3 3 3 3 3 3 3 3 3 3 4 5 5 5 20 20 13 11 11 11 11 11 9 8 8 8 13 17 17 16 10 10 10 11 18 49 62 559 291 208 378 408 326 220 42 35 27 30 30 0 94 95 125 144 154 94 65 43 43 43 40 39 29 6 6 7
5 5 5 5 4 3 3 3 3 3 3 1 1 1 1 2 5 11 7 6 10 33 19 19 19 19 19 13 3 3 3 3 3 3 3 3 3 3 3 3 4 7 7 6 30 33 30 14 11 11 11 11 8 7 7 8 16 17 17 17 13 10 10 24 30 30 31 249 209 243 330 408 249 118 93 55 24 30 31 32 73 91 94 92 94 90 62 58 49 30 25 21 7 6 6 10
5 5 5 5 4 4 4 3 4 4 3 1 1 5 2 2 3 6 6 6 6 66 39 19 19 19 19 15 3 3 3 3 3 3 3 3 3 3 3 3 6 7 7 7 29 33 33 25 11 11 11 7 3 3 3 5 16 17 17 17 13 10 15 27 30 30 30 151 215 766 306 362 205 124 70 14 18 32 32 32 32 35 62 68 81 71 64 62 49 25 25 20 6 31 41 29
5 14 15 6 5 5 5 11 14 4 3 1 24 148 123 42 5 6 6 6 6 16 18 18 18 18 0 0 5 3 3 3 3 3 3 3 3 3 3 3 6 7 7 7 27 33 33 29 11 11 11 4 3 3 3 3 15 17 18 18 13 10 10 13 28 30 30 112 0 0 202 281 211 97 13 12 14 32 32 32 32 32 32 55 67 67 67 67 53 25 25 24 0 0 50 39
7 21 18 8 6 5 12 15 15 7 4 1 81 175 174 113 7 6 6 7 9 18 18 18 18 24 22 31 31 18 4 3 3 3 3 3 4 3 0 4 5 7 7 7 22 33 33 24 11 11 11 5 3 3 3 3 18 19 19 19 11 9 9 14 27 29 30 29 0 0 177 151 128 39 12 12 12 25 32 32 32 32 32 40 64 57 56 63 67 0 32 45 50 50 50 53
4 7 21 16 18 34 25 15 14 13 16 19 119 174 39 18 18 13 12 16 18 18 18 18 37 66 64 46 35 33 31 21 4 3 5 9 13 12 0 13 13 11 7 7 10 24 23 12 10 10 11 10 3 3 3 3 15 19 19 19 8 7 7 13 20 27 29 29 0 0 168 176 105 37 30 12 12 20 29 24 32 32 35 45 45 39 34 35 48 0 42 42 48 50 52 53
57 6 11 17 14 21 15 35 19 21 15 24 319 5465 914 18 18 18 18 18 18 18 19 33 48 66 66 66 61 33 33 33 17 11 14 13 13 13 13 13 13 13 13 8 7 7 7 9 9 9 10 10 3 3 3 3 15 19 19 19 9 7 7 7 7 12 27 29 0 0 157 70 39 37 33 12 12 14 12 15 20 18 27 45 45 41 34 34 40 42 42 40 38 42 46 38
170 10 22 28 38 8 8 28 29 21 12 19 40 32 34 18 18 18 18 18 18 18 27 38 44 66 66 66 63 33 33 33 19 14 14 14 13 13 13 13 13 19 14 14 11 7 7 9 9 9 9 6 3 3 3 6 19 19 19 17 7 7 7 7 7 7 17 29 0 0 36 37 37 37 34 13 12 12 12 12 12 12 27 42 44 40 34 35 42 42 37 34 36 37 34 29
138 24 31 76 82 52 26 29 29 36 32 48 41 40 34 19 18 18 18 18 18 18 35 38 38 61 66 66 52 33 33 33 21 14 14 14 13 13 13 13 18 23 14 13 8 7 7 8 9 9 9 9 3 3 3 17 19 19 19 17 7 7 7 7 7 7 9 27 0 0 36 36 37 37 37 31 14 12 12 12 12 11 11 11 12 12 14 19 35 36 34 34 35 33 30 29
29 26 73 83 82 67 40 29 28 44 59 59 41 33 35 31 18 20 18 18 18 18 35 38 38 46 58 66 44 32 33 33 27 14 14 14 16 13 14 23 24 27 16 14 10 7 7 7 9 9 9 9 9 9 9 9 11 19 20 20 20 20 17 7 7 9 13 13 0 0 0 36 36 33 35 36 30 12 12 12 12 11 11 11 11 11 11 14 33 34 34 34 33 30 29 29
25 25 73 83 82 67 38 28 28 39 59 59 56 33 33 26 19 21 19 18 18 18 38 38 38 37 34 46 31 30 33 32 22 14 14 14 18 18 19 26 27 27 26 15 14 14 11 7 9 10 13 9 9 9 9 9 15 20 20 20 20 20 16 7 7 7 12 13 0 0 0 0 18 8 11 28 32 12 12 12 12 12 11 11 11 11 11 11 15 33 34 34 33 29 29 32
25 26 40 86 95 94 42 28 28 29 57 59 45 33 33 26 19 21 20 18 18 18 32 32 37 30 25 25 25 27 30 25 21 14 14 17 18 18 18 20 27 27 27 18 14 18 39 7 15 18 16 9 9 9 9 9 16 20 20 19 19 12 8 7 8 7 12 13 13 13 0 0 22 8 8 8 11 12 12 11 11 11 11 11 11 11 11 11 7 8 15 14 8 26 34 40
31 32 32 58 55 145 117 17 17 19 26 37 33 24 24 18 17 18 20 21 19 14 8 8 13 18 24 25 25 25 25 25 31 24 29 33 20 18 21 24 25 263 243 31 76 77 76 43 15 18 18 12 9 9 9 9 10 13 16 13 9 7 7 7 9 12 13 13 13 13 0 0 29 8 8 8 8 8 8 8 10 11 11 11 11 11 11 11 7 5 5 5 5 36 40 40
0 9 8 7 7 7 7 7 7 7 7 11 15 15 15 15 15 15 17 18 17 14 8 8 8 8 10 21 22 23 26 34 36 36 36 36 33 26 26 25 25 62 33 29 70 78 1301 76 29 18 18 17 13 11 9 10 10 10 10 10 10 10 8 7 7 11 13 13 13 13 0 0 36 13 8 8 8 8 8 8 8 10 11 11 11 11 11 11 7 5 5 5 8 40 40 40
0 0 7 7 7 7 7 7 7 7 7 10 15 15 15 15 15 15 15 15 15 15 10 8 8 8 8 10 9 12 17 36 36 36 36 36 36 36 29 25 25 26 27 27 48 78 78 78 31 18 18 18 18 14 12 12 11 10 10 10 10 10 10 9 7 10 13 13 13 13 0 0 0 21 8 8 8 8 8 8 8 8 9 11 11 11 11 7 5 5 5 5 5 37 40 40
0 0 7 7 7 7 7 7 7 9 12 15 15 15 15 15 15 15 15 15 15 15 14 12 9 8 8 8 8 5 6 32 36 36 36 36 36 36 30 25 25 25 27 26 27 64 77 85 85 56 29 20 16 17 13 12 9 8 8 7 9 9 9 8 7 7 10 13 13 13 0 0 0 9 8 8 8 8 8 8 8 8 8 11 11 11 6 5 5 5 5 5 17 40 40 40
0 0 0 0 7 7 7 8 12 15 15 15 15 15 15 15 15 15 15 15 15 15 15 15 13 10 5 6 6 5 5 14 36 27 30 36 36 35 26 25 25 22 22 25 24 41 46 57 67 89 77 31 12 13 12 12 11 7 7 7 7 7 7 7 7 7 9 13 13 14 14 0 0 0 0 9 8 8 8 8 8 8 8 11 10 10 6 5 5 5 5 10 25 36 40 39
0 0 0 0 7 7 7 11 15 15 15 15 15 15 15 15 15 15 15 15 15 15 15 15 15 14 6 5 5 5 3 3 3 3 28 36 36 36 32 21 21 20 20 20 24 41 41 40 17 25 10 12 12 12 12 12 12 11 7 7 7 7 7 7 7 7 8 13 14 14 14 14 0 0 0 14 11 8 8 8 8 8 9 9 9 9 8 6 5 5 12 21 21 21 24 27
0 0 0 0 7 7 7 11 15 15 15 15 15 15 15 15 15 14 13 15 14 15 15 15 15 15 8 5 5 5 3 3 3 3 6 7 7 7 7 16 20 20 20 20 24 41 41 38 10 10 7 6 10 12 12 12 16 19 11 7 7 7 7 7 7 7 8 13 14 14 14 14 14 0 0 15 15 10 8 8 8 9 9 9 9 9 9 6 7 15 21 21 21 21 21 21
0 0 0 0 7 7 7 8 12 15 15 15 15 15 15 15 13 11 11 12 11 15 15 15 14 7 5 5 5 5 3 3 3 3 3 3 3 3 3 11 20 20 20 20 26 41 41 32 10 10 8 5 6 9 12 12 21 23 23 21 17 23 18 7 7 7 12 14 13 13 14 14 14 0 0 15 15 16 22 10 9 9 9 9 9 9 9 8 15 26 23 21 21 21 21 21
0 0 0 0 5 5 5 5 5 10 11 15 15 16 15 15 13 11 11 11 11 12 15 14 6 5 5 5 5 4 3 3 3 3 3 3 3 3 3 4 6 7 7 13 16 28 27 21 10 10 6 5 5 5 6 10 22 23 23 23 23 23 23 13 7 7 9 10 9 9 12 14 14 0 0 15 15 15 34 35 0 0 9 9 9 9 23 30 33 35 35 29 21 21 21 21
0 0 0 0 0 5 5 5 5 5 8 15 16 17 17 15 12 11 11 11 11 11 9 7 3 3 3 3 3 3 3 3 3 3 3 3 3 3 3 4 4 4 4 4 4 4 5 10 10 9 5 5 5 5 5 12 20 20 22 23 23 17 11 8 7 8 9 9 9 9 12 14 14 14 14 0 0 28 35 35 35 35 0 9 9 16 30 35 35 35 35 33 28 26 26 23
0 0 0 0 0 5 5 5 5 9 12 16 17 17 16 12 11 11 11 11 11 11 4 3 3 3 3 3 3 3 3 3 3 3 3 3 3 3 3 3 4 4 4 4 4 4 6 10 9 7 5 5 5 5 6 18 19 19 21 23 15 5 5 6 8 9 9 10 13 16 10 8 7 6 6 0 0 35 35 35 35 42 0 0 9 9 19 35 35 35 34 31 31 31 31 24
0 0 0 0 0 401 152 5 5 13 17 17 17 17 15 11 11 11 11 11 11 11 6 3 3 3 3 3 3 3 3 3 3 3 3 3 2 2 2 3 4 4 4 4 4 4 7 10 6 5 5 5 5 5 11 19 0 0 18 20 8 5 5 9 9 9 9 0 28 15 0 0 5 5 9 0 0 22 33 35 37 43 41 22 18 12 26 35 35 35 34 31 31 28 27 16
0 0 0 0 0 750 230 5 8 15 17 17 17 17 15 11 11 11 11 11 11 11 6 3 3 3 3 3 3 3 3 3 3 3 3 2 2 2 2 4 5 5 4 4 4 4 5 6 5 5 5 5 5 5 17 19 19 0 16 5 5 5 5 8 9 9 0 0 25 6 0 5 5 8 9 0 0 9 19 27 41 44 44 44 42 35 42 34 34 34 34 34 32 21 17 14
0 0 0 0 733 487 5 5 10 17 17 17 17 16 13 11 11 11 11 11 11 11 5 3 3 3 3 3 3 3 3 3 3 3 2 2 2 2 2 4 5 5 5 5 5 5 5 5 5 5 5 5 5 5 13 19 19 19 7 5 5 5 5 9 9 0 0 0 20 5 5 5 5 6 9 9 9 9 9 10 18 28 43 44 44 50 120 82 33 34 34 34 34 30 18 14
0 0 0 0 0 5 5 0 0 17 17 17 16 11 11 11 11 11 11 11 11 7 3 3 3 3 3 3 3 3 3 3 2 2 2 2 2 2 2 4 5 5 5 5 5 5 5 5 5 5 5 5 5 5 16 19 19 18 5 5 5 5 5 8 9 12 26 27 13 7 5 5 5 5 7 9 9 9 9 9 9 11 13 29 49 54 103 132 66 33 34 34 34 33 19 11
0 0 0 0 0 5 5 0 0 14 17 16 14 11 11 11 11 11 11 11 11 10 4 3 3 3 3 3 3 3 3 3 2 2 2 2 2 2 2 3 5 5 5 5 5 5 5 5 5 5 5 5 5 5 9 13 15 9 5 5 5 5 5 8 8 8 18 20 10 10 7 5 5 5 5 7 7 10 10 10 10 11 11 11 23 38 54 115 67 29 26 32 32 17 12 9
0 0 0 0 0 5 5 5 5 5 11 12 12 12 12 12 12 11 11 11 11 11 10 7 4 3 3 3 3 3 3 2 2 2 2 2 2 2 2 2 4 5 5 5 5 5 5 5 6 7 6 6 6 8 9 9 9 8 7 6 5 5 5 6 7 7 8 10 10 10 10 8 5 5 7 8 10 10 10 10 10 7 10 11 11 26 44 0 0 0 21 21 19 12 12 10
