dashboard/data/pop/popdens/gpw_pop_density_hd_1995a.asc
ncols 720 
nrows 360
xllcorner -180
yllcorner -90
cellsize .5
NODATA_value -99
[rows 158 to 236 of 360, columns 384 to 479 of 720]
50 41 85 87 93 81 50 35 19 15 12 4 4 4 4 3 2 2 2 2 1 2 11 13 10 9 9 11 12 12 10 7 7 7 12 60 42 9 7 7 5 6 9 13 13 10 7 6 32 115 154 146 142 129 142 161 29 12 12 9 10 10 11 14 0 0 0 12 0 0 5 5 6 8 7 6 4 6 0 0 0 0 0 0 0 0 0 0 0 0 0 0 0 0 0 0
54 47 133 81 64 57 66 45 28 17 15 15 11 5 9 7 2 2 2 1 1 1 3 10 9 8 3 3 12 12 12 7 7 7 7 12 11 7 7 6 5 6 6 9 13 12 21 8 24 50 96 119 136 110 103 120 44 12 12 6 7 16 46 28 23 12 13 13 8 7 6 5 5 7 5 6 6 6 6 0 0 0 0 0 0 0 0 0 0 0 0 0 0 0 0 0
40 34 54 66 49 45 46 40 29 26 22 16 16 15 16 9 2 2 1 1 1 1 1 7 9 3 1 1 7 10 9 7 7 8 10 15 14 7 5 6 12 6 6 7 14 22 42 37 21 35 57 70 111 155 111 96 33 12 10 40 70 26 29 34 30 23 16 18 12 8 6 5 5 7 5 5 4 0 0 0 0 0 0 0 0 0 0 0 0 0 0 0 0 0 0 0
93 50 43 39 23 44 43 29 32 25 19 16 16 16 15 12 2 1 1 1 1 1 1 8 8 1 1 1 5 5 5 12 33 26 15 15 13 8 7 16 18 16 15 15 40 51 90 83 46 74 106 106 117 514 82 47 26 62 196 283 152 50 14 20 30 20 16 19 15 11 1 1 2 2 4 4 3 0 0 0 0 0 0 0 0 0 0 0 0 0 0 0 0 0 0 0
50 27 32 20 6 17 40 47 39 20 16 16 16 15 2 1 1 1 1 1 1 1 0 5 3 1 1 1 5 5 5 24 44 34 14 15 11 9 10 15 15 15 15 15 29 58 93 86 62 85 93 127 151 417 129 58 86 99 84 61 34 11 10 12 16 16 16 19 12 8 3 3 3 4 5 4 3 0 0 0 0 0 0 0 0 0 0 0 0 0 0 0 0 0 0 0
19 5 8 7 6 6 14 26 19 19 17 16 15 13 4 0 0 1 1 1 1 1 1 0 0 1 1 1 3 5 5 18 25 17 13 14 11 9 11 13 13 15 11 10 8 42 61 74 85 69 84 177 201 107 133 110 55 16 18 6 8 10 13 13 13 13 13 9 8 6 5 4 4 4 5 5 4 0 0 0 0 0 0 0 0 0 0 0 0 0 0 0 0 0 0 0
9 5 7 8 6 6 6 18 18 17 11 5 4 8 5 1 0 0 1 1 1 1 0 0 0 0 1 1 1 4 5 5 8 13 13 14 13 12 14 15 13 12 9 6 3 3 21 47 98 217 124 261 188 98 110 91 38 18 6 5 9 12 13 12 11 12 9 6 6 7 7 5 2 3 6 5 0 0 0 0 0 0 0 0 0 0 0 0 0 0 0 0 0 0 0 0
6 6 14 14 12 7 10 15 16 11 5 4 4 5 6 4 1 0 2 3 2 0 0 0 0 0 0 1 1 5 5 5 5 13 13 13 14 15 15 15 12 4 6 6 2 3 38 84 80 106 149 387 241 166 88 62 53 18 10 11 11 13 10 5 5 6 6 6 6 7 14 11 10 8 8 0 0 0 0 0 0 0 0 0 0 0 0 0 0 0 0 0 0 0 0 0
6 7 10 13 11 11 15 14 14 10 10 7 3 5 6 4 1 1 2 3 2 0 0 0 0 0 0 0 1 5 4 4 5 12 13 13 14 14 15 15 12 3 3 3 3 3 35 53 33 51 117 285 332 190 55 33 22 13 4 10 7 7 6 5 5 5 6 6 6 9 15 9 7 7 0 0 0 0 0 0 0 0 0 0 0 0 0 0 0 0 0 0 0 0 0 0
6 6 7 10 10 7 15 12 6 6 10 6 3 5 7 6 1 3 2 2 3 1 0 0 1 0 0 0 1 3 3 3 4 11 13 7 10 13 14 15 12 3 3 3 3 4 6 7 35 81 131 0 258 100 13 8 5 6 9 5 8 8 7 6 5 5 6 7 9 9 9 5 4 4 0 0 0 0 0 0 0 0 0 0 0 0 0 0 0 0 0 0 0 0 0 0
6 7 9 9 9 6 9 10 4 6 9 6 3 4 5 7 9 13 11 7 1 1 1 1 1 1 1 1 1 1 3 3 6 6 9 3 3 6 7 9 8 5 4 4 4 4 5 2 20 40 90 52 79 47 19 4 4 3 4 5 6 8 8 6 7 7 7 9 10 8 7 4 4 0 0 0 0 0 0 0 0 0 0 0 0 0 0 0 0 0 0 0 0 0 0 0
7 7 9 9 9 6 5 5 5 7 6 6 3 3 6 7 7 9 11 6 2 1 6 2 1 1 1 1 1 1 2 3 5 2 2 2 2 4 5 5 6 6 4 4 4 4 4 6 6 8 38 19 33 30 8 4 4 4 4 4 4 3 3 3 4 6 9 10 8 8 8 9 5 0 0 0 0 0 0 0 0 0 0 0 0 0 0 0 0 0 0 0 0 0 0 0
8 8 8 9 9 7 7 11 8 8 8 6 9 7 11 11 9 15 15 10 7 5 5 2 3 2 1 1 1 1 3 3 5 4 2 2 4 6 5 5 6 6 4 4 4 4 4 7 6 4 4 6 8 7 5 4 4 4 3 4 4 3 3 2 2 8 10 10 10 10 10 22 0 0 0 0 0 0 0 0 0 0 0 0 0 0 0 0 0 0 0 0 0 0 0 0
14 9 4 8 9 9 9 13 10 6 8 13 26 212 13 15 10 10 12 10 8 4 3 3 3 3 2 1 1 1 2 3 4 3 3 9 20 20 15 6 6 6 6 5 3 3 4 5 0 1 3 8 8 7 4 2 3 4 3 4 10 5 7 14 11 9 10 9 9 9 9 0 0 0 0 0 0 0 0 0 0 0 0 0 0 0 0 0 0 0 0 0 0 0 0 0
15 4 4 6 7 5 4 6 5 1 4 10 13 15 24 51 26 13 13 7 9 21 12 3 3 3 3 4 4 4 4 7 4 3 4 14 17 41 34 35 9 10 13 13 8 3 3 6 0 1 1 3 6 5 2 3 4 4 3 18 12 6 20 23 16 9 10 11 12 11 8 0 0 0 0 0 0 0 0 0 0 0 0 0 0 0 0 0 0 0 0 0 0 0 0 0
6 4 4 4 4 3 3 4 5 1 1 1 1 11 40 51 36 19 16 13 14 16 6 4 4 5 7 10 10 5 5 12 7 4 8 13 49 158 64 37 25 19 29 21 13 3 3 8 3 1 1 1 1 1 5 3 3 4 5 11 11 11 20 22 15 14 32 38 11 13 0 0 0 0 0 0 0 0 0 0 0 0 0 0 0 0 0 0 0 0 0 0 0 0 0 0
6 6 5 4 4 3 3 3 4 1 1 1 5 24 30 32 25 22 20 25 33 33 6 4 4 5 5 7 8 6 17 25 22 7 8 9 81 124 61 20 59 52 30 24 13 10 4 5 6 1 1 2 1 2 1 1 4 4 7 7 8 24 23 16 12 18 37 47 12 0 0 0 0 0 0 0 0 0 0 0 0 0 0 0 0 0 0 0 0 0 0 0 0 0 0 0
3 3 4 3 3 3 3 3 2 1 1 1 18 25 21 23 21 21 20 20 24 29 23 8 5 5 5 6 6 4 23 29 20 5 4 35 107 134 101 22 50 131 66 20 10 14 9 4 2 4 1 5 5 1 2 3 4 2 7 7 7 12 12 12 17 36 271 141 0 0 0 0 0 0 0 0 0 0 0 0 0 0 0 0 0 0 0 0 0 0 0 0 0 0 0 0
2 1 1 1 1 1 1 1 1 1 1 1 6 6 5 7 8 8 8 7 7 5 6 6 6 5 5 5 5 2 15 17 10 3 3 31 92 102 0 35 41 71 70 71 35 16 28 10 2 6 4 2 2 1 2 3 3 1 7 9 9 11 11 12 42 138 0 0 0 0 0 0 0 0 0 0 0 0 0 0 0 0 0 0 0 0 0 0 0 0 0 0 0 0 0 0
3 1 1 1 1 1 1 1 1 1 1 2 3 5 6 7 7 7 7 7 8 6 5 7 7 8 5 3 2 1 2 3 3 3 9 54 62 0 48 36 32 67 114 151 196 82 80 34 5 13 5 2 1 2 2 2 3 1 5 6 6 9 9 14 0 0 0 0 0 0 0 0 0 0 0 0 0 0 0 0 0 0 0 0 0 0 0 0 0 0 0 0 0 0 0 0
1 1 1 1 1 0 1 1 1 1 1 2 4 6 6 7 7 6 6 7 8 7 4 14 19 21 75 2 2 1 1 8 27 16 51 102 99 74 42 62 81 186 258 198 331 294 161 67 21 28 9 21 11 3 3 2 1 1 3 3 3 13 21 0 0 0 0 0 0 0 0 0 0 0 0 0 0 0 0 0 0 0 0 0 0 0 0 0 0 0 0 0 0 0 0 0
1 1 1 1 1 1 1 2 1 1 1 0 0 6 6 6 6 6 7 6 7 8 5 15 13 8 67 4 3 2 1 2 51 61 100 139 118 78 58 94 217 0 0 263 344 486 214 80 52 35 28 198 48 3 3 2 1 2 3 3 3 41 0 0 0 0 0 0 0 0 0 0 0 0 0 0 0 0 0 0 0 0 0 0 0 0 0 0 0 0 0 0 0 0 0 0
1 1 1 2 2 2 3 3 2 2 1 3 55 7 6 7 9 10 10 10 9 8 6 11 6 4 4 4 4 4 2 2 19 56 64 0 140 73 87 241 0 0 0 0 0 0 236 143 213 123 155 212 26 5 4 14 1 1 6 13 14 0 0 0 0 0 0 0 0 0 0 0 0 0 0 0 0 0 0 0 0 0 0 0 0 0 0 0 0 0 0 0 0 0 0 0
2 1 1 2 2 3 4 3 3 2 2 11 13 9 7 6 6 9 10 10 9 8 7 4 3 4 4 4 4 5 5 7 9 14 89 135 202 132 98 0 0 0 0 0 208 518 234 60 77 301 360 86 34 14 4 6 1 1 5 9 0 0 0 0 0 0 0 0 0 0 0 0 0 0 0 0 0 0 0 0 0 0 0 0 0 0 0 0 0 0 0 0 0 0 0 0
2 2 8 4 1 2 3 3 3 4 9 12 11 11 8 3 2 2 4 6 9 9 8 6 4 3 4 4 5 5 7 9 9 140 133 239 165 62 73 79 0 0 0 0 138 111 31 27 43 755 207 96 46 17 6 6 2 3 4 5 0 0 0 0 0 0 0 0 0 0 0 0 0 0 0 0 0 0 0 0 0 0 0 0 0 0 0 0 0 0 0 0 0 0 0 0
3 3 9 7 1 1 3 4 5 10 10 10 0 10 9 5 2 2 2 2 7 7 7 7 6 4 4 6 6 5 5 8 17 135 0 310 249 53 75 0 0 0 0 120 70 25 14 18 15 20 141 108 21 9 6 6 6 10 9 0 0 0 0 0 0 0 0 0 0 0 0 0 0 0 0 0 0 0 0 0 0 0 0 0 0 0 0 0 0 0 0 0 0 0 0 0
5 3 2 4 3 2 2 3 15 11 7 9 11 11 9 5 3 3 2 2 4 5 5 5 5 8 7 8 8 9 8 10 56 139 216 265 206 102 61 86 154 0 0 127 52 12 10 7 10 14 20 57 21 7 4 8 5 23 0 0 0 0 0 0 0 0 0 0 0 0 0 0 0 0 0 0 0 0 0 0 0 0 0 0 0 0 0 0 0 0 0 0 0 0 0 0
5 5 3 2 3 1 1 1 15 13 8 18 18 19 4 3 3 3 3 3 5 5 12 9 10 11 8 8 13 16 10 10 50 278 196 342 269 41 31 0 107 174 138 69 45 42 20 7 9 14 42 26 21 8 8 36 0 0 0 0 0 0 0 0 0 0 0 0 0 0 0 0 0 0 0 0 0 0 0 0 0 0 0 0 0 0 0 0 0 0 0 0 0 0 0 0
5 5 4 3 3 2 2 1 6 6 29 24 19 17 3 3 3 3 3 3 6 7 32 26 11 10 5 6 17 17 11 19 30 116 345 353 175 59 27 33 61 83 88 65 40 24 13 23 12 168 166 105 30 2 24 41 0 0 0 0 0 0 0 0 0 0 0 0 0 0 0 0 0 0 0 0 0 0 0 0 0 0 0 0 0 0 0 0 0 0 0 0 0 0 0 0
11 11 5 11 10 2 103 109 6 6 12 18 20 22 14 3 3 3 3 3 6 7 29 30 11 8 3 3 17 19 10 12 29 50 0 204 119 13 22 34 34 42 67 67 48 34 0 51 16 25 37 0 17 16 51 0 0 0 0 0 0 0 0 0 0 0 0 0 0 0 0 0 0 0 0 0 0 0 0 0 0 0 0 0 0 0 0 0 0 0 0 0 0 0 0 0
18 15 21 22 16 17 1519 248 17 16 18 22 54 61 40 30 9 10 13 13 12 9 12 13 10 10 3 3 17 19 8 9 17 28 0 141 56 23 15 21 27 40 45 36 46 44 47 50 28 5 5 31 52 71 53 0 0 0 0 0 0 0 0 0 0 0 0 0 0 0 0 0 0 0 0 0 0 0 0 0 0 0 0 0 0 0 0 0 0 0 0 0 0 0 0 0
82 39 45 23 29 27 38 26 18 18 18 34 52 66 45 33 17 14 13 13 18 14 8 8 9 8 3 7 19 18 7 7 7 20 0 38 39 30 13 12 12 24 28 27 41 37 37 32 22 5 5 8 86 79 67 0 0 0 0 0 0 0 0 0 0 0 0 0 0 0 0 0 0 0 0 0 0 0 0 0 0 0 0 0 0 0 0 0 0 0 0 0 0 0 0 0
25 78 74 34 35 59 41 31 20 18 18 37 40 51 34 33 19 14 16 21 26 18 11 8 9 10 9 9 16 20 20 12 7 12 0 0 25 29 22 12 12 12 12 13 30 36 33 32 20 5 9 23 35 54 544 0 0 0 0 0 0 0 0 0 0 0 0 0 0 0 0 0 0 0 0 0 0 0 0 0 0 0 0 0 0 0 0 0 0 0 0 0 0 0 0 0
28 54 97 51 24 45 34 25 19 20 17 20 25 25 25 26 22 23 19 21 86 80 46 41 16 14 9 9 14 17 12 7 9 13 13 0 17 8 10 10 11 12 12 12 7 10 20 40 36 12 16 26 24 26 0 0 0 0 0 0 0 0 0 0 0 0 0 0 0 0 0 0 0 0 0 0 0 0 0 0 0 0 0 0 0 0 0 0 0 0 0 0 0 0 0 0
8 7 7 7 7 8 15 15 15 16 15 8 8 12 16 28 36 36 33 26 35 29 69 384 24 18 14 11 10 10 10 9 9 13 13 0 28 8 8 8 9 11 12 10 6 6 24 42 40 36 32 34 24 24 0 0 0 0 0 0 0 0 0 0 0 0 0 0 0 0 0 0 0 0 0 0 0 0 0 0 0 0 0 0 0 0 0 0 0 0 0 0 0 0 0 0
0 7 7 7 10 14 15 15 15 15 15 14 10 7 6 14 34 35 36 27 24 25 39 66 75 40 14 12 9 7 8 8 7 11 13 0 0 9 8 8 8 10 11 6 6 7 31 42 38 33 32 36 33 34 1100 0 0 0 0 0 0 0 0 0 0 0 0 0 0 0 0 0 0 0 0 0 0 0 0 0 0 0 0 0 0 0 0 0 0 0 0 0 0 0 0 0
0 0 7 9 15 15 15 15 14 14 15 15 15 6 5 3 3 19 21 19 20 20 33 40 16 9 12 12 15 8 7 7 7 11 14 14 0 0 11 8 8 9 9 8 9 20 22 24 30 32 33 36 35 29 29 0 0 0 0 0 0 0 0 0 0 0 0 0 0 0 0 0 0 0 0 0 0 0 0 0 0 0 0 0 0 0 0 0 0 0 0 0 0 0 0 0
0 0 6 6 10 14 15 15 12 11 12 15 8 5 5 3 3 3 3 5 14 15 28 31 10 6 6 10 23 23 22 15 7 11 11 13 14 0 16 28 0 9 9 18 29 28 22 22 22 22 28 27 18 16 15 0 0 0 0 0 0 0 0 0 0 0 0 0 0 0 0 0 0 0 0 0 0 0 0 0 0 0 0 0 0 0 0 0 0 0 0 0 0 0 0 0
0 0 0 5 6 12 16 14 11 11 11 6 3 3 3 3 3 3 3 3 4 4 4 8 9 5 5 10 19 22 15 8 8 9 11 11 10 13 29 37 39 0 11 31 37 35 31 28 17 11 15 6 7 13 14 0 0 0 0 0 0 0 0 0 0 0 0 0 0 0 0 0 0 0 0 0 0 0 0 0 0 0 0 0 0 0 0 0 0 0 0 0 0 0 0 0
0 0 0 94 10 16 16 13 11 11 11 4 3 3 3 3 3 3 2 3 5 4 4 7 5 5 5 17 0 15 6 7 9 0 15 0 5 8 14 30 43 40 28 36 37 35 30 19 8 8 6 2 2 9 14 0 0 0 0 0 0 0 0 0 0 0 0 0 0 0 0 0 0 0 0 0 0 0 0 0 0 0 0 0 0 0 0 0 0 0 0 0 0 0 0 0
0 0 347 5 13 16 14 11 11 11 10 3 3 3 3 3 2 2 2 3 5 5 5 5 5 5 5 17 19 5 5 7 9 0 10 4 5 7 8 8 16 33 51 115 44 36 35 16 8 8 5 2 2 10 14 0 0 0 0 0 0 0 0 0 0 0 0 0 0 0 0 0 0 0 0 0 0 0 0 0 0 0 0 0 0 0 0 0 0 0 0 0 0 0 0 0
0 0 0 5 8 13 12 11 11 11 10 6 3 3 3 3 2 2 2 2 5 5 5 5 6 6 6 10 10 6 5 6 7 13 9 7 4 6 8 9 8 10 22 62 36 26 21 11 11 8 3 2 2 16 34 0 0 0 0 0 0 0 0 0 0 0 0 0 0 0 0 0 0 0 0 0 0 0 0 0 0 0 0 0 0 0 0 0 0 0 0 0 0 0 0 0
0 0 0 7 7 11 12 12 11 11 11 11 7 3 2 2 2 2 2 2 3 5 5 5 16 22 17 14 9 10 7 7 7 10 11 8 6 8 9 9 6 8 11 33 0 26 19 13 13 11 5 5 14 29 49 53 74 0 0 0 0 0 0 0 0 0 0 0 0 0 0 0 0 0 0 0 0 0 0 0 0 0 0 0 0 0 0 0 0 0 0 0 0 0 0 0
0 0 0 12 12 12 12 12 13 14 12 11 11 5 2 2 2 2 2 2 3 5 5 5 12 22 22 0 11 22 17 7 7 10 9 8 7 9 8 6 5 3 8 22 0 45 24 13 13 12 11 13 32 40 69 67 28 0 0 0 0 0 0 0 0 0 0 0 0 0 0 0 0 0 0 0 0 0 0 0 0 0 0 0 0 0 0 0 0 0 0 0 0 0 0 0
0 0 0 0 12 12 12 14 17 16 16 11 11 13 6 2 2 2 2 2 2 2 2 2 9 16 16 23 23 24 22 29 11 9 9 0 8 5 4 6 4 3 17 43 0 45 31 12 13 12 11 10 25 25 18 16 21 0 0 0 0 0 0 0 0 0 0 0 0 0 0 0 0 0 0 0 0 0 0 0 0 0 0 0 0 0 0 0 0 0 0 0 0 0 0 0
0 0 0 0 13 12 20 48 43 18 16 15 16 15 3 2 2 2 2 2 2 2 2 2 4 4 6 16 21 22 160 134 10 9 9 9 7 3 3 4 3 3 23 43 0 0 11 5 6 5 5 2 2 9 9 22 28 0 0 0 0 0 280 0 0 0 0 0 0 0 0 0 0 0 0 0 0 0 0 0 0 0 0 0 0 0 0 0 0 0 0 0 0 0 0 0
0 0 0 17 17 16 44 48 43 17 16 16 16 7 2 2 2 2 2 2 2 2 2 2 4 4 4 4 4 4 18 54 28 7 8 7 4 3 3 3 6 12 24 42 0 0 6 3 1 1 1 1 6 9 8 10 17 0 0 0 0 0 0 0 0 0 0 0 0 0 0 0 0 0 43 0 0 0 0 0 0 0 0 0 0 0 0 0 0 0 0 0 0 0 0 0
0 0 17 17 17 25 48 48 43 17 16 16 10 2 2 2 2 2 2 2 2 2 2 2 4 4 4 4 4 5 8 51 209 57 6 6 5 4 3 3 12 14 49 54 0 9 5 3 2 2 2 3 9 10 8 10 39 0 0 0 0 0 0 0 0 0 0 0 0 0 0 0 0 0 15 0 0 0 0 0 0 0 0 0 0 0 0 0 0 0 0 0 0 0 0 0
0 17 17 17 17 20 43 47 39 18 16 16 3 2 2 2 2 2 2 2 4 4 4 4 4 2 1 2 2 4 8 8 37 46 6 5 5 5 5 18 25 29 63 71 0 0 23 13 2 2 3 3 15 13 23 25 44 0 0 0 0 0 0 0 0 0 0 0 0 0 0 0 0 33 14 13 0 0 0 0 0 0 0 0 0 0 0 0 0 0 0 0 0 0 0 0
0 4 6 14 15 12 14 20 11 16 16 11 1 1 2 2 2 2 2 2 3 3 4 4 3 1 1 2 2 4 9 9 8 7 5 5 6 6 13 25 28 54 139 133 101 0 36 12 3 3 4 4 14 25 31 43 45 0 0 0 0 0 0 0 0 0 0 0 0 0 0 0 23 18 11 25 0 0 0 0 0 0 0 0 0 0 0 0 0 0 0 0 0 0 0 0
0 2 2 9 11 11 11 11 11 1 7 1 1 1 1 2 2 2 2 2 4 3 3 3 3 4 1 1 2 3 9 9 33 9 5 5 11 15 16 29 24 13 46 171 143 0 0 31 15 5 5 11 0 18 22 34 44 0 0 0 0 0 0 0 0 0 0 0 0 0 0 8 8 10 11 33 76 0 0 0 0 0 0 0 0 0 0 0 0 0 0 0 0 0 0 0
2 2 4 10 11 11 11 11 11 3 1 1 1 1 1 1 2 2 2 2 5 5 7 8 6 6 5 6 5 6 8 9 31 9 6 9 14 11 7 4 4 6 6 14 77 130 0 92 23 23 22 22 21 18 19 33 64 125 0 0 0 0 0 0 0 0 0 0 0 0 0 12 19 15 21 36 35 0 0 0 0 0 0 0 0 0 0 0 0 0 0 0 0 0 0 0
2 2 5 11 11 11 11 10 8 3 1 1 1 1 1 1 1 1 1 2 5 6 13 13 6 6 6 6 6 6 6 9 355 12 13 10 4 3 3 4 4 5 8 7 32 115 149 92 25 50 42 26 24 34 148 39 42 0 0 0 0 0 0 0 0 0 0 0 0 0 9 14 15 22 11 33 36 0 0 0 0 0 0 0 0 0 0 0 0 0 0 0 0 0 0 0
2 2 2 10 11 9 9 3 3 3 2 1 1 1 1 1 1 1 1 1 5 5 5 9 4 3 5 4 4 4 15 22 67 14 13 11 11 5 5 5 8 8 10 12 32 182 260 149 36 47 39 33 19 33 50 50 29 0 0 0 0 0 0 0 0 0 0 0 89 10 11 20 13 27 16 18 0 0 0 0 0 0 0 0 0 0 0 0 0 0 0 0 0 0 0 0
2 2 2 7 4 3 3 3 3 3 2 1 1 1 1 1 1 1 1 1 4 4 4 4 3 2 4 5 5 12 38 31 14 16 13 14 16 17 16 20 11 11 13 50 23 87 173 60 33 28 35 34 16 20 65 90 0 0 0 0 0 0 0 0 0 3 4 6 11 29 17 13 8 14 16 26 0 0 0 0 0 0 0 0 0 0 0 0 0 0 0 0 0 0 0 0
2 2 3 3 3 3 3 3 3 3 2 1 1 1 1 1 1 1 1 1 1 4 4 3 2 2 4 5 5 13 21 8 8 0 13 14 16 21 31 35 33 23 11 7 12 34 71 27 27 26 28 42 16 16 55 0 0 0 0 0 0 0 0 0 0 3 4 4 7 18 8 7 5 8 24 23 0 0 0 0 0 0 0 0 0 0 0 0 0 0 0 0 0 0 0 0
1 1 1 2 5 5 5 5 5 5 4 3 1 1 1 1 1 1 1 1 1 1 4 2 2 2 5 5 7 6 20 8 10 17 17 14 43 43 49 36 31 27 9 6 9 15 36 25 27 48 55 48 21 0 0 0 0 0 0 0 0 0 0 0 4 2 2 2 4 6 5 6 33 42 78 0 0 0 0 0 0 0 0 0 0 0 0 0 0 0 0 0 0 0 0 0
1 1 1 1 9 13 13 13 13 13 13 13 3 2 1 1 1 1 1 1 1 2 4 6 7 6 5 23 10 8 13 8 20 24 25 21 37 146 360 45 34 24 12 1 6 17 21 14 11 123 80 0 0 0 0 0 0 0 0 0 0 0 0 0 3 3 3 4 6 7 8 13 41 42 54 0 0 0 0 0 0 0 0 0 0 0 0 0 0 0 0 0 0 0 0 0
1 1 1 1 3 13 13 13 13 13 13 13 3 3 3 3 3 3 2 2 2 1 2 5 1 1 1 4 4 5 7 9 23 24 25 27 33 83 94 42 33 30 17 4 8 10 5 16 34 77 0 0 0 0 0 0 0 0 0 0 0 0 0 0 8 3 2 7 8 10 18 30 33 13 79 0 0 0 0 0 0 0 0 0 0 0 0 0 0 0 0 0 0 0 0 0
0 1 1 1 1 4 3 2 2 2 4 6 2 2 3 3 3 3 1 1 1 1 1 1 1 1 1 2 4 4 5 11 17 23 29 29 27 30 21 28 42 59 35 18 13 5 3 9 32 0 0 0 0 0 0 0 0 0 0 0 0 0 0 0 4 3 4 22 17 47 144 415 22 23 0 0 0 0 0 0 0 0 0 0 0 0 0 0 0 0 0 0 0 0 0 0
0 1 1 1 1 0 0 0 1 2 2 2 1 1 1 1 1 1 1 1 1 1 1 1 1 1 3 3 4 5 9 13 11 15 30 33 21 19 26 35 57 48 26 94 34 18 3 0 0 0 0 0 0 0 0 0 0 0 0 0 0 0 0 0 0 6 3 7 33 63 117 92 17 32 0 0 0 0 0 0 0 0 0 0 0 0 0 0 0 0 0 0 0 0 0 0
0 0 1 1 1 0 0 0 0 1 1 1 1 1 0 0 0 0 1 1 1 1 1 1 1 1 3 3 3 8 14 14 13 8 14 29 25 28 27 30 43 33 15 18 26 266 0 0 0 0 0 0 0 0 0 0 0 0 0 0 0 0 0 0 0 6 0 10 27 57 174 59 28 64 0 0 0 0 0 0 0 0 0 0 0 0 0 0 0 0 0 0 0 0 0 0
0 0 0 1 1 1 0 0 1 1 1 1 1 1 1 1 1 1 1 1 1 1 1 1 1 1 3 3 3 3 8 13 75 179 13 22 42 39 51 36 42 54 19 13 20 0 0 0 0 0 0 0 0 0 0 0 0 0 0 0 0 0 0 0 0 11 7 7 6 30 72 33 34 0 0 0 0 0 0 0 0 0 0 0 0 0 0 0 0 0 0 596 0 0 0 0
0 0 0 1 1 1 1 1 1 1 1 1 1 1 1 1 1 1 1 1 1 1 1 1 0 2 1 3 3 3 12 17 18 18 11 28 35 34 31 17 43 23 9 8 13 12 0 0 0 0 0 0 0 0 0 0 0 0 0 0 0 0 0 0 4 4 3 3 4 36 60 42 46 0 0 0 0 0 0 0 0 0 0 0 0 0 0 0 0 0 0 0 0 0 0 0
0 0 0 0 1 1 1 1 1 1 1 1 1 1 1 1 1 1 0 0 0 0 0 0 0 0 0 0 2 3 7 19 18 16 11 11 9 8 9 10 19 5 6 5 8 8 0 0 0 0 0 0 0 0 0 0 0 0 0 0 0 0 0 5 6 4 3 2 6 35 85 31 35 0 0 0 0 0 0 0 0 0 0 0 0 0 0 0 0 0 0 0 0 0 0 0
0 0 0 0 1 1 1 1 1 1 1 3 1 1 1 1 1 1 0 0 0 0 0 0 0 0 0 1 2 3 4 6 7 10 8 6 6 7 9 9 3 2 3 3 3 9 13 0 0 0 0 0 0 0 0 0 0 0 0 0 0 0 0 16 4 5 5 3 8 58 101 33 0 0 0 0 0 0 0 0 0 0 0 0 0 0 0 0 0 0 0 0 0 0 0 0
0 0 0 0 0 1 1 1 1 3 4 5 1 1 1 1 0 0 0 0 0 0 0 0 0 0 2 3 3 3 6 6 5 6 4 4 8 16 10 3 2 1 2 3 5 22 22 0 0 0 0 0 0 0 0 0 0 0 0 0 0 0 9 10 7 6 4 4 12 18 23 68 0 0 0 0 0 0 0 0 0 0 0 0 0 0 0 0 0 0 0 0 0 0 0 0
0 0 0 0 0 5 1 1 5 5 5 5 3 1 1 1 0 0 0 0 0 0 0 0 0 0 1 4 4 6 8 8 5 17 4 6 49 78 2 2 2 2 1 3 4 23 26 0 0 0 0 0 0 0 0 0 0 0 0 0 0 0 0 20 12 5 4 6 7 8 24 0 0 0 0 0 0 0 0 0 0 0 0 0 0 0 0 0 0 0 0 0 0 0 0 0
0 0 0 0 0 4 0 2 5 3 3 5 5 1 1 1 0 0 0 0 0 0 2 2 2 2 4 9 9 8 7 11 22 55 29 39 134 91 4 2 0 3 2 1 2 13 35 0 0 0 0 0 0 0 0 0 0 0 0 0 0 0 0 62 12 6 4 7 10 6 28 0 0 0 0 0 0 0 0 0 0 0 0 0 0 0 0 0 0 0 0 0 0 0 0 0
0 0 0 0 0 0 0 2 4 3 2 2 1 1 1 1 0 0 0 0 0 0 4 4 4 4 6 8 8 8 3 3 9 84 62 45 77 58 22 3 4 3 9 9 5 16 114 0 0 0 0 0 0 0 0 0 0 0 0 0 0 0 0 19 17 22 11 11 9 7 19 0 0 0 0 0 0 0 0 0 0 0 0 0 0 0 0 0 0 0 0 0 0 0 0 0
0 0 0 0 0 0 0 0 1 1 1 1 1 1 1 1 0 0 0 0 0 0 5 5 5 4 5 8 8 6 4 5 5 13 31 90 96 36 4 3 5 28 18 36 12 18 47 0 0 0 0 0 0 0 0 0 0 0 0 0 0 0 0 0 10 17 18 14 7 11 14 0 0 0 0 0 0 0 0 0 0 0 0 0 0 0 0 0 0 0 0 0 0 0 0 0
0 0 0 0 0 0 0 0 0 0 0 1 1 1 1 1 0 0 0 0 0 0 4 4 5 6 5 50 17 14 7 13 7 48 34 105 36 33 134 7 8 28 54 67 62 0 0 0 0 0 0 0 0 0 0 0 0 0 0 0 0 0 0 0 11 15 21 14 20 24 46 0 0 0 0 0 0 0 0 0 0 0 0 0 0 0 0 0 0 0 0 0 0 0 0 0
0 0 0 0 0 0 0 0 0 0 0 1 1 1 1 1 2 0 0 0 0 1 2 1 3 6 7 48 12 28 58 150 183 120 59 30 7 11 109 8 9 45 83 0 0 0 0 0 0 0 0 0 0 0 0 0 0 0 0 0 0 0 0 0 0 10 16 35 0 0 0 0 0 0 0 0 0 0 0 0 0 0 0 0 0 0 0 0 0 0 0 0 0 0 0 0
0 0 0 0 0 0 0 0 0 0 0 1 1 1 1 1 2 1 0 1 1 2 3 3 3 25 32 27 7 9 76 142 367 28 40 17 8 22 56 113 35 1006 0 0 0 0 0 0 0 0 0 0 0 0 0 0 0 0 0 0 0 0 0 0 0 0 0 0 0 0 0 0 0 0 0 0 0 0 0 0 0 0 0 0 0 0 0 0 0 0 0 0 0 0 0 0
0 0 0 0 0 0 0 0 0 0 0 1 1 1 1 1 2 1 0 1 1 4 10 7 3 4 32 38 14 10 93 592 930 81 46 17 10 58 66 40 38 0 0 0 0 0 0 0 0 0 0 0 0 0 0 0 0 0 0 0 0 0 0 0 0 0 0 0 0 0 0 0 0 0 0 0 0 0 0 0 0 0 0 0 0 0 0 0 0 0 0 0 0 0 0 0
0 0 0 0 0 0 0 0 0 0 0 0 1 1 1 1 2 2 1 1 1 3 12 10 4 3 10 12 53 63 44 199 109 21 26 16 14 30 65 31 19 14 0 0 0 0 0 0 0 0 0 0 0 0 0 0 0 0 0 0 0 0 0 0 0 0 0 0 0 0 0 0 0 0 0 0 0 0 0 0 0 0 0 0 0 0 0 0 0 0 0 0 0 0 0 0
0 0 0 0 0 0 0 0 0 0 0 0 1 0 0 1 2 2 2 2 3 2 9 12 3 18 10 11 21 24 16 14 12 10 10 14 11 20 61 57 37 0 0 0 0 0 0 0 0 0 0 0 0 0 0 0 0 0 0 0 0 0 0 0 0 0 0 0 0 0 0 0 0 0 0 0 0 0 0 0 0 0 0 0 0 0 0 0 0 0 0 0 0 0 0 0
0 0 0 0 0 0 0 0 0 0 0 0 0 0 0 0 2 2 2 3 3 3 2 3 11 48 9 8 12 91 24 14 11 9 7 17 120 20 18 46 25 0 0 0 0 0 0 0 0 0 0 0 0 0 0 0 0 0 0 0 0 0 0 0 0 0 0 0 0 0 0 0 0 0 0 0 0 0 0 0 0 0 0 0 0 0 0 0 0 0 0 0 0 0 0 0
0 0 0 0 0 0 0 0 0 1 1 0 0 0 0 0 2 2 2 2 3 3 3 4 6 13 3 6 10 77 12 11 18 63 10 30 30 72 37 74 56 0 0 0 0 0 0 0 0 0 0 0 0 0 0 0 0 0 0 0 0 0 0 0 0 0 0 0 0 0 0 0 0 0 0 0 0 0 0 0 0 0 0 0 0 0 0 0 0 0 0 0 0 0 0 0
