dashboard/data/pop/popdens/gpw_pop_density_hd_1990a.asc
ncols 720 
nrows 360
xllcorner -180
yllcorner -90
cellsize .5
NODATA_value -99
[rows 160 to 239 of 360, columns 192 to 287 of 720]
131 30 16 0 0 0 0 0 0 0 0 0 0 0 0 0 0 63 30 20 29 21 9 9 0 0 35 31 48 116 40 58 90 34 15 13 14 14 44 17 19 21 18 4 3 4 0 0 0 0 0 0 0 0 0 0 0 0 0 0 0 0 0 0 0 0 0 0 0 0 0 0 0 0 0 0 0 0 0 0 0 0 0 0 0 0 0 0 0 0 0 0 0 0 0 0
42 14 15 12 0 0 0 25 0 173 0 0 0 0 0 0 91 127 62 38 0 16 7 6 0 0 94 52 47 24 28 9 4 7 8 5 10 11 12 21 13 17 15 6 4 4 0 0 0 0 0 0 0 0 0 0 0 0 0 0 0 0 0 0 0 0 0 0 0 0 0 0 0 0 0 0 0 0 0 0 0 0 0 0 0 0 0 0 0 0 0 0 0 0 0 0
15 19 47 18 11 9 11 33 146 0 0 4 4 0 0 57 91 0 31 38 30 15 9 13 49 53 25 31 18 6 7 3 6 7 5 6 7 5 5 38 18 9 8 6 4 1 1 0 0 0 0 0 0 0 0 0 0 0 0 0 0 0 0 0 0 0 0 0 0 0 0 0 0 0 0 0 0 0 0 0 0 0 0 0 0 0 0 0 0 0 0 0 0 0 0 0
0 0 0 57 24 20 36 0 0 0 0 3 3 8 0 33 46 25 23 15 34 52 69 122 44 42 25 20 32 4 4 3 5 6 5 5 7 2 1 4 9 0 189 7 4 1 1 1 1 0 0 0 0 0 0 0 0 0 0 0 0 0 0 0 0 0 0 0 0 0 0 0 0 0 0 0 0 0 0 0 0 0 0 0 0 0 0 0 0 0 0 0 0 0 0 0
0 0 0 0 0 19 25 0 0 0 0 0 3 6 53 14 15 17 25 13 18 22 87 204 23 7 7 6 6 3 3 3 14 12 10 5 5 0 1 12 38 10 4 4 3 1 1 1 1 1 5 0 0 0 0 0 0 0 0 0 0 0 0 0 0 0 0 0 0 0 0 0 0 0 0 0 0 0 0 0 0 0 0 0 0 0 0 0 0 0 0 0 0 0 0 0
0 0 0 0 0 0 0 9 0 0 0 0 0 3 6 12 17 17 18 18 50 251 36 16 9 7 6 5 3 2 3 3 1 7 10 1 1 1 0 0 2 0 2 4 3 2 1 1 1 3 8 0 0 0 0 0 0 0 0 0 0 0 0 0 0 0 0 0 0 0 0 0 0 0 0 0 0 0 0 0 0 0 0 0 0 0 0 0 0 0 0 0 0 0 0 0
0 0 0 0 0 0 0 0 0 0 0 0 0 4 4 20 35 32 17 9 29 57 37 8 13 5 6 5 2 1 2 3 1 1 1 1 1 1 1 0 0 0 2 4 3 2 1 0 0 1 16 80 0 0 0 0 0 0 0 0 0 0 0 0 0 0 0 0 0 0 0 0 0 0 0 0 0 0 0 0 0 0 0 0 0 0 0 0 0 0 0 0 0 0 0 0
0 0 0 0 0 0 0 0 0 0 0 0 0 8 12 16 855 130 28 12 26 38 39 11 4 2 1 1 1 1 0 1 1 1 1 1 1 1 1 0 0 0 1 3 2 1 0 0 0 0 1 58 15 4 0 0 0 0 0 0 0 0 0 0 0 0 0 0 0 0 0 0 0 0 0 0 0 0 0 0 0 0 0 0 0 0 0 0 0 0 0 0 0 0 0 0
0 0 0 0 0 0 0 0 0 0 0 0 0 9 16 24 84 55 36 32 70 101 75 8 3 2 2 1 0 0 0 1 1 1 1 1 1 1 0 0 0 0 0 1 1 1 0 0 0 0 1 3 5 5 6 1 3 90 6 5 1 0 0 0 0 0 0 0 0 0 0 0 0 0 0 0 0 0 0 0 0 0 0 0 0 0 0 0 0 0 0 0 0 0 0 0
0 0 0 0 0 0 0 0 0 0 0 0 0 6 30 23 181 102 53 63 70 65 11 15 2 2 1 0 0 0 0 0 1 1 1 1 1 1 0 0 0 0 0 1 1 1 1 1 0 0 2 3 3 4 3 1 2 3 2 3 1 1 0 0 0 0 0 0 0 0 0 0 0 0 0 0 0 0 0 0 0 0 0 0 0 0 0 0 0 0 0 0 0 0 0 0
0 0 0 0 0 0 0 0 0 0 0 0 0 5 9 54 327 94 44 763 46 20 7 4 1 1 0 0 0 0 0 0 1 1 1 1 0 0 0 0 0 0 0 1 1 1 2 1 0 0 1 3 2 0 0 0 0 2 1 2 2 0 3 0 0 0 0 0 0 0 0 0 0 0 0 0 0 0 0 0 0 0 0 0 0 0 0 0 0 0 0 0 0 0 0 0
0 0 0 0 0 0 0 0 0 0 0 0 0 13 6 83 118 118 101 787 61 38 6 3 1 1 0 0 0 0 0 0 1 1 1 0 0 0 0 1 0 0 1 1 2 3 3 1 1 0 0 3 1 0 0 0 0 2 1 1 1 0 0 0 0 0 0 0 0 0 0 0 0 0 0 0 0 0 0 0 0 0 0 0 0 0 0 0 0 0 0 0 0 0 0 0
0 0 0 0 0 0 0 0 0 0 0 0 0 0 91 132 40 36 26 363 17 16 3 2 1 1 0 0 0 0 0 0 0 0 0 0 0 0 0 1 2 2 2 3 3 3 3 1 1 0 0 2 2 0 0 0 0 0 0 0 0 0 0 0 0 0 0 0 0 0 0 0 0 0 0 0 0 0 0 0 0 0 0 0 0 0 0 0 0 0 0 0 0 0 0 0
0 0 0 0 0 0 0 0 0 0 0 0 0 27 566 115 38 39 7 5 15 4 2 1 1 1 0 0 0 0 0 0 0 0 0 0 0 0 0 0 0 1 2 2 1 1 3 1 0 0 0 1 4 2 0 0 0 0 0 0 0 0 0 0 0 0 0 0 0 0 0 0 0 0 0 0 0 0 0 0 0 0 0 0 0 0 0 0 0 0 0 0 0 0 0 0
0 0 0 0 0 0 0 0 0 0 0 0 12 11 70 37 17 58 5 2 3 4 4 1 1 1 0 0 0 0 0 0 0 0 0 0 0 0 0 0 0 0 0 0 0 0 2 1 0 0 0 0 4 3 0 0 0 0 0 0 0 0 0 0 0 0 0 0 0 0 0 0 0 0 0 0 0 0 0 0 0 0 0 0 0 0 0 0 0 0 0 0 0 0 0 0
0 0 0 0 0 0 0 0 0 0 0 15 9 26 71 29 38 13 2 1 1 2 1 1 1 1 1 1 0 0 0 0 0 0 0 0 0 0 0 0 0 0 1 1 1 1 1 1 0 0 0 2 4 4 2 0 1 0 1 0 0 0 1 2 0 0 0 0 0 0 0 0 0 0 0 0 0 0 0 0 0 0 0 0 0 0 0 0 0 0 0 0 0 0 0 0
0 0 0 0 0 0 0 0 0 0 0 10 14 62 26 38 40 14 3 1 1 1 1 1 1 1 0 0 0 0 0 0 0 0 0 0 0 0 0 0 0 0 0 0 0 0 0 0 0 0 0 3 3 1 1 0 1 1 0 1 1 1 5 5 0 1 1 0 0 0 0 0 0 0 0 0 0 0 0 0 0 0 0 0 0 0 0 0 0 0 0 0 0 0 0 0
0 0 0 0 0 0 0 0 0 0 0 10 72 106 15 9 18 9 2 2 2 1 1 1 1 0 1 1 0 0 0 0 0 0 0 0 0 0 0 0 0 0 0 0 0 0 0 0 0 0 0 0 0 0 0 0 1 1 0 0 0 1 5 5 1 1 1 3 0 0 0 0 0 0 0 0 0 0 0 0 0 0 0 0 0 0 0 0 0 0 0 0 0 0 0 0
0 0 0 0 0 0 0 0 40 32 8 41 49 63 15 8 7 1 2 2 1 0 0 0 0 0 1 1 0 0 0 0 0 0 0 0 0 0 0 0 0 0 0 0 0 0 0 0 1 1 0 0 0 0 0 0 1 2 0 0 0 1 2 5 5 2 5 4 0 0 0 0 0 0 0 0 0 0 0 0 0 0 0 0 0 0 0 0 0 0 0 0 0 0 0 0
0 0 0 0 0 0 0 0 21 21 135 119 15 17 21 6 3 2 1 0 0 0 0 0 0 0 0 0 0 0 0 0 0 0 0 0 0 0 0 0 0 0 0 0 0 0 0 0 0 0 0 0 0 0 0 1 2 2 2 1 0 0 1 1 4 14 4 1 0 0 0 0 0 0 0 0 0 0 0 0 0 0 0 0 0 0 0 0 0 0 0 0 0 0 0 0
0 0 0 0 0 0 0 36 34 57 143 195 3 4 10 7 5 3 2 1 0 0 0 0 0 0 0 0 0 0 0 0 0 0 0 0 0 0 0 0 0 0 0 0 0 0 0 0 0 0 1 0 0 0 0 0 2 2 2 1 0 0 1 1 1 5 2 2 0 2 0 0 0 0 0 0 0 0 0 0 0 0 0 0 0 0 0 0 0 0 0 0 0 0 0 0
0 0 0 0 0 0 0 68 49 64 48 33 5 6 4 2 1 2 3 1 0 0 0 0 0 0 0 0 0 0 0 0 0 0 0 0 0 0 0 0 0 0 0 0 0 0 0 0 0 0 1 1 0 0 0 1 2 2 2 2 1 0 0 1 1 3 6 2 2 5 6 22 26 0 0 0 0 0 0 0 0 0 0 0 0 0 0 0 0 0 0 0 0 0 0 0
0 0 0 0 0 0 94 85 57 52 130 26 4 2 1 1 0 3 3 3 2 0 0 0 0 0 0 0 0 0 0 0 0 0 0 0 0 0 0 0 0 0 0 0 0 0 0 0 0 0 0 1 1 0 0 0 1 2 2 2 2 0 0 1 2 3 6 7 5 6 121 354 50 32 28 10 0 0 0 0 0 0 0 0 0 0 0 0 0 0 0 0 0 0 0 0
0 0 0 0 0 0 35 47 94 62 80 16 2 1 1 1 2 3 3 3 3 1 0 0 0 0 0 0 0 0 0 0 0 0 0 0 1 0 0 0 0 0 0 0 0 0 0 2 0 0 0 0 1 1 1 1 1 2 2 2 2 1 1 1 2 2 3 5 7 0 37 17 18 21 9 5 10 16 22 0 0 0 0 0 0 0 0 0 0 0 0 0 0 0 0 0
0 0 0 0 0 0 75 238 184 67 30 5 3 2 1 1 1 2 3 3 3 3 1 1 2 1 1 0 0 0 0 0 0 1 1 1 1 1 1 0 0 0 0 0 0 0 36 79 1 1 1 0 1 3 3 3 4 5 0 3 2 1 1 1 1 1 1 3 18 21 6 8 7 15 7 7 10 14 21 0 34 0 0 0 0 0 0 0 0 0 0 0 0 0 0 0
0 0 0 0 0 0 0 354 107 88 66 7 4 3 2 1 1 1 3 3 3 3 2 2 3 3 3 2 1 1 1 1 1 1 1 1 1 0 1 1 1 1 0 1 1 3 44 87 33 4 2 2 4 5 0 4 8 8 8 6 2 2 2 1 1 1 1 2 8 6 4 7 4 5 3 5 13 26 23 284 16 8 14 20 0 0 0 0 0 0 0 0 0 0 0 0
0 0 0 0 0 0 0 0 112 40 20 4 2 2 2 1 1 1 3 3 3 3 3 2 1 2 2 2 2 1 1 1 1 0 0 0 0 1 1 1 1 1 0 1 1 4 9 25 0 12 6 5 0 3 4 3 4 5 8 6 2 2 2 1 2 1 1 1 0 3 4 4 3 3 3 10 14 30 25 28 12 12 11 17 40 21 18 31 41 45 0 0 0 0 0 0
0 0 0 0 0 0 0 42 35 39 10 3 2 2 2 1 1 1 1 3 3 3 3 2 1 1 1 4 6 1 1 1 0 0 0 0 1 2 2 2 1 1 1 1 2 3 4 5 3 2 3 2 1 1 1 1 1 2 7 6 2 2 1 1 2 2 2 2 0 4 3 3 3 3 4 6 17 47 27 21 16 17 20 27 12 25 46 44 27 34 664 0 0 0 0 0
0 0 0 0 0 0 35 25 29 39 4 2 2 2 2 1 1 1 1 1 3 3 3 1 1 1 0 1 6 1 0 0 0 0 0 1 2 2 1 1 1 1 1 1 1 1 2 2 1 0 1 1 1 1 1 1 1 3 5 4 1 0 0 1 1 2 3 8 0 5 3 4 4 5 6 8 10 28 43 26 20 23 21 18 26 14 52 16 18 23 77 52 0 0 0 0
0 0 0 0 0 42 46 41 26 13 14 6 2 2 2 2 1 1 1 1 1 1 1 1 0 0 0 1 1 1 0 0 1 1 1 2 2 1 1 1 1 1 1 0 0 1 0 0 0 0 0 1 1 1 1 1 1 1 0 0 0 0 0 1 2 2 2 6 6 5 4 10 14 11 8 7 10 15 33 25 21 20 70 19 16 7 28 15 15 21 25 25 33 0 0 0
0 0 0 0 0 39 44 42 36 28 23 11 4 2 2 2 2 1 1 1 1 1 0 0 0 0 0 1 1 0 0 0 1 1 2 2 1 1 1 1 0 0 0 0 1 1 0 0 0 0 1 1 1 1 1 1 1 0 0 0 0 0 0 0 1 1 4 5 5 0 8 26 37 23 7 6 6 8 15 23 17 26 147 12 7 5 21 12 21 18 15 27 24 62 23 17
0 0 0 0 0 0 45 40 28 36 32 21 17 15 4 2 2 1 1 0 1 1 0 0 0 0 0 1 0 0 0 0 1 0 0 0 0 0 0 0 0 0 0 1 1 1 1 0 0 0 1 1 1 1 1 1 1 1 0 0 0 0 0 0 0 1 7 7 8 8 7 8 14 23 5 4 5 7 8 19 12 9 47 9 5 3 15 12 21 20 14 19 24 14 18 13
0 0 0 0 0 0 0 24 25 46 47 21 13 16 15 15 12 1 1 1 1 1 0 0 0 0 1 1 0 0 0 0 0 0 0 0 0 0 0 0 0 0 1 1 1 1 1 0 0 0 1 1 1 1 1 1 1 1 0 0 0 0 0 0 0 2 3 3 5 7 6 6 6 7 6 4 6 6 3 9 13 6 13 11 7 3 9 10 19 41 32 43 40 22 26 34
0 0 0 0 0 0 0 0 121 107 46 40 9 3 8 12 10 1 1 1 1 0 0 0 0 1 1 1 1 1 0 0 0 0 0 0 0 0 0 0 0 0 1 1 1 1 1 0 0 0 0 1 1 1 1 1 1 1 0 0 0 0 0 0 3 8 3 3 7 9 9 6 6 6 6 4 4 2 3 7 9 9 9 11 15 11 9 12 22 32 40 48 28 33 26 24
0 0 0 0 0 0 0 0 0 40 40 58 13 4 4 4 1 1 1 1 1 1 1 1 1 1 1 1 1 0 0 0 0 0 0 0 0 0 0 0 0 1 1 1 1 1 0 0 0 0 0 1 1 1 1 1 1 1 0 0 0 0 0 0 1 1 1 5 7 9 11 9 4 4 4 4 4 3 3 3 3 8 7 8 16 21 17 20 32 111 35 31 23 43 18 89
0 0 0 0 0 0 0 0 0 0 53 38 30 5 5 4 2 1 2 5 3 2 2 2 1 1 1 1 1 0 0 0 0 0 0 0 0 0 0 0 1 1 1 1 1 0 0 0 0 0 0 0 1 1 1 1 1 1 0 0 0 0 0 0 1 1 1 9 7 5 5 4 2 3 3 3 2 1 2 2 3 5 4 6 8 8 15 26 16 28 27 33 41 25 14 35
0 0 0 0 0 0 0 0 0 0 114 23 15 14 10 8 2 4 6 7 6 3 3 2 1 1 1 1 1 0 1 1 1 0 0 0 0 0 0 0 3 5 4 1 1 0 0 0 0 0 0 0 0 1 1 1 1 1 0 0 0 0 0 0 1 1 1 6 6 5 6 4 2 2 2 3 1 1 2 2 4 3 3 4 4 6 13 15 10 19 16 17 16 24 42 94
0 0 0 0 0 0 0 0 0 0 0 76 24 18 6 10 6 4 4 6 7 5 3 2 1 1 1 1 1 1 1 1 1 1 0 0 0 0 1 1 0 5 5 2 1 0 0 0 0 0 0 0 0 1 1 1 1 1 0 0 0 0 0 0 1 1 1 1 2 2 5 5 2 2 3 2 1 1 2 3 4 4 5 5 3 6 23 14 8 8 7 14 15 25 56 84
0 0 0 0 0 0 0 0 0 0 0 55 42 31 17 21 14 4 4 7 7 6 3 3 1 1 1 0 1 1 1 5 3 1 0 1 1 2 5 5 5 5 5 2 1 0 0 0 0 0 1 2 0 1 1 1 1 1 1 0 0 0 0 0 0 1 1 1 2 2 5 4 2 1 2 1 1 2 2 2 3 6 7 7 6 6 19 22 7 4 4 32 34 47 61 71
0 0 0 0 0 0 0 0 0 0 0 11 33 21 21 44 24 4 4 4 3 4 1 1 1 1 0 0 1 1 5 12 12 7 3 3 3 4 5 5 5 6 5 2 6 0 0 0 0 0 0 2 3 2 3 3 3 2 2 1 2 2 1 1 1 1 1 1 1 2 5 4 1 1 1 1 2 3 3 3 4 6 6 8 4 4 16 18 8 6 7 25 22 38 115 87
0 0 0 0 0 0 0 0 0 0 0 0 12 9 19 34 10 4 4 2 1 1 1 0 0 0 0 1 1 3 9 9 8 4 1 0 0 1 1 2 5 6 6 7 12 0 0 0 0 0 0 2 3 3 2 2 3 5 3 2 3 2 0 0 1 1 1 1 1 2 13 9 4 1 1 1 1 4 3 3 4 3 3 4 3 5 9 25 14 12 12 22 22 32 61 64
0 0 0 0 0 0 0 0 0 0 0 0 55 19 16 27 20 11 9 2 2 1 1 0 0 0 0 1 1 4 3 2 2 0 0 0 3 2 1 1 4 6 8 13 13 1 0 0 1 1 1 1 1 2 1 1 5 5 2 1 1 1 0 1 1 1 1 1 1 1 6 5 1 0 0 1 1 3 5 3 3 3 0 5 7 7 12 39 20 20 25 38 54 175 0 0
0 0 0 0 0 0 0 0 0 0 0 0 0 33 29 20 32 26 10 5 0 2 2 2 1 1 1 0 0 1 2 1 1 0 1 3 5 2 1 1 1 4 7 10 17 16 5 2 1 1 2 1 1 2 0 1 1 1 1 1 1 0 0 1 1 0 0 1 1 2 5 4 3 2 2 1 1 1 4 3 3 5 5 16 36 11 21 34 22 33 26 27 54 165 0 0
0 0 0 0 0 0 0 0 0 0 0 0 0 0 470 15 31 43 33 5 5 5 5 1 0 1 1 1 1 1 0 0 1 1 2 4 4 3 1 1 1 1 2 9 14 5 4 3 1 1 1 1 1 1 0 0 3 6 2 1 0 0 0 0 0 0 1 1 1 7 9 2 2 2 3 5 6 5 5 3 4 8 5 9 26 10 17 24 26 48 38 31 22 0 0 0
0 0 0 0 0 0 0 0 0 0 0 0 0 0 899 10 27 71 44 15 6 5 5 7 1 0 1 1 1 1 1 0 0 0 1 1 1 1 1 1 1 1 1 3 5 4 3 3 1 1 1 0 0 1 1 1 2 2 1 0 0 0 0 0 1 0 1 1 2 5 2 2 1 2 3 7 7 6 6 8 4 0 6 8 16 15 14 19 21 113 118 66 23 0 0 0
0 0 0 0 0 0 0 0 0 0 0 0 0 0 0 23 9 29 33 24 12 5 6 9 3 1 1 1 1 1 0 0 0 0 1 1 1 1 1 1 0 1 1 3 2 6 4 2 0 0 0 0 0 1 1 1 2 0 0 0 0 0 1 1 1 1 1 2 2 3 2 2 1 2 4 5 1 1 2 7 8 8 11 13 12 9 7 14 19 88 469 594 0 0 0 0
0 0 0 0 0 0 0 0 0 0 0 0 0 0 0 49 32 6 22 51 21 10 14 28 11 7 10 4 2 3 1 0 0 1 1 1 1 1 1 0 0 0 1 1 2 3 5 2 0 0 0 0 0 1 1 1 1 1 0 0 0 0 1 1 1 0 1 3 4 6 4 6 1 2 4 3 2 2 6 16 12 12 12 15 11 8 11 17 36 56 0 0 0 0 0 0
0 0 0 0 0 0 0 0 0 0 0 0 0 0 0 0 27 6 7 12 24 28 26 44 73 16 9 3 4 4 0 0 0 1 1 1 1 1 1 0 0 0 1 1 1 1 1 0 0 0 0 0 0 1 1 1 1 2 0 0 0 1 1 1 1 0 1 3 6 6 6 6 1 2 3 3 2 2 2 6 11 10 14 16 15 11 10 38 51 0 0 0 0 0 0 0
0 0 0 0 0 0 0 0 0 0 0 0 0 0 0 0 28 19 4 4 11 11 9 14 17 24 12 10 4 4 1 1 0 1 1 1 1 1 4 4 2 1 1 1 1 1 1 1 1 1 3 3 3 4 4 2 2 2 1 0 0 2 2 2 1 0 1 3 12 8 6 4 2 2 8 8 1 1 3 6 9 8 33 18 22 13 14 23 47 43 0 0 0 0 0 0
0 0 0 0 0 0 0 0 0 0 0 0 0 0 0 0 0 12 6 4 4 5 4 9 10 13 14 25 16 7 2 1 1 1 1 1 1 1 4 4 3 1 1 1 1 1 1 1 1 3 3 3 3 4 4 3 2 2 2 2 1 1 2 3 1 0 3 4 7 10 4 4 3 6 2 3 2 3 7 9 8 10 16 15 14 23 46 28 44 155 0 0 0 0 0 0
0 0 0 0 0 0 0 0 0 0 0 0 0 0 0 0 0 0 5 4 4 4 4 5 4 5 7 21 31 25 8 6 7 5 1 1 1 1 1 1 1 1 1 1 1 1 1 1 1 3 7 8 5 3 4 55 29 2 2 2 1 1 4 5 2 4 3 6 24 18 6 5 14 9 4 2 4 6 6 8 9 14 12 10 12 30 29 22 25 40 0 0 0 0 0 0
0 0 0 0 0 0 0 0 0 0 0 0 0 0 0 0 0 0 0 0 2 3 4 5 4 6 28 47 0 0 19 20 116 13 1 1 1 2 2 1 1 1 1 1 1 1 1 1 2 2 4 13 3 3 2 51 48 13 5 3 2 1 2 5 4 4 5 10 19 13 7 138 275 86 5 4 5 8 7 11 15 17 11 11 12 12 13 13 15 21 0 0 0 0 0 0
0 0 0 0 0 0 0 0 0 0 0 0 0 0 0 0 0 0 0 0 0 6 7 15 58 66 22 30 18 51 0 129 54 13 5 3 2 6 5 9 8 1 1 1 1 1 1 1 1 1 1 2 3 3 2 2 1 4 18 9 2 2 2 5 5 11 7 17 25 75 49 46 55 16 7 5 5 6 11 19 33 9 6 12 14 10 12 11 26 12 0 0 0 0 0 0
0 0 0 0 0 0 0 0 0 0 0 0 0 0 0 0 0 0 0 0 0 0 0 34 44 22 6 8 11 21 19 65 80 9 6 5 6 7 5 5 10 10 1 1 1 1 1 1 1 0 0 2 3 2 2 1 1 1 16 5 2 2 3 2 3 4 4 12 25 386 9 18 16 6 7 5 3 3 9 21 40 5 8 15 14 10 12 13 20 15 0 0 0 0 0 0
0 0 0 0 0 0 0 0 0 0 0 0 0 0 0 0 0 0 0 0 0 0 0 0 0 13 7 4 9 3 4 9 14 12 8 178 18 10 6 5 5 21 9 1 1 1 1 1 1 0 0 2 3 2 1 1 1 1 2 1 2 2 4 3 4 3 6 7 8 9 8 10 4 7 8 5 4 3 21 13 9 7 13 18 19 24 13 17 35 0 0 0 0 0 0 0
0 0 0 0 0 0 0 0 0 0 0 0 0 0 0 0 0 0 0 0 0 0 0 0 0 28 12 17 12 4 4 4 16 30 27 41 33 7 6 6 26 135 59 1 1 1 1 1 1 0 0 0 1 2 1 1 1 2 2 2 2 3 3 5 8 10 16 9 10 12 12 6 8 8 7 4 4 4 9 4 9 8 13 19 24 29 13 18 19 0 0 0 0 0 0 0
0 0 0 0 0 0 0 0 0 0 0 0 0 0 0 0 0 0 0 0 0 0 0 0 0 0 0 28 21 1 1 1 3 0 24 17 12 8 5 5 17 35 1 1 1 1 1 1 1 1 1 1 1 1 1 1 1 2 3 3 3 3 2 2 5 7 9 10 17 18 10 14 11 8 14 5 3 6 8 8 11 14 22 19 13 15 13 21 17 0 0 0 0 0 0 0
0 0 0 0 0 0 0 0 0 0 0 0 0 0 0 0 0 0 0 0 0 0 0 0 0 0 0 0 11 0 1 1 2 0 11 19 18 35 7 6 4 1 1 1 1 1 1 1 1 1 1 1 1 1 1 1 1 2 2 2 1 2 2 3 2 3 8 7 22 21 15 63 14 18 24 25 8 7 11 13 10 15 24 52 50 28 32 30 28 0 0 0 0 0 0 0
0 0 0 0 0 0 0 0 0 0 0 0 0 0 0 0 0 0 0 0 0 0 0 0 0 0 0 0 0 0 1 1 1 1 6 20 30 28 12 9 2 1 1 1 1 1 1 1 1 1 1 1 5 2 1 2 2 2 3 2 1 1 2 5 4 4 7 7 11 11 23 66 26 10 10 12 9 11 15 57 11 15 102 36 22 17 36 29 27 0 0 0 0 0 0 0
0 0 0 0 0 0 0 0 0 0 0 0 0 0 0 0 0 0 0 0 0 0 0 0 0 0 0 0 0 0 0 1 1 1 3 6 16 13 9 8 2 1 1 1 1 0 0 0 0 0 0 1 1 1 3 2 2 2 2 2 1 1 2 3 2 5 10 10 7 8 7 19 33 14 17 8 14 25 46 413 682 68 50 43 33 22 33 38 0 0 0 0 0 0 0 0
0 0 0 0 0 0 0 0 0 0 0 0 0 0 0 0 0 0 0 0 0 0 0 0 0 0 0 0 7 0 0 1 1 1 3 3 5 8 9 7 3 1 1 1 0 0 0 0 0 0 0 0 1 1 3 3 3 3 24 6 1 1 3 6 2 13 40 47 24 19 0 0 37 34 6 10 24 34 76 112 78 31 44 49 44 33 53 636 0 0 0 0 0 0 0 0
0 0 0 0 0 0 0 0 0 0 0 0 0 0 0 0 0 0 0 0 0 0 0 0 0 0 0 0 2 0 0 1 1 1 2 5 4 7 6 5 3 1 1 1 0 0 0 0 0 0 0 0 1 1 3 4 5 4 29 50 2 1 1 6 8 35 40 29 36 128 56 39 52 79 45 21 23 34 29 20 66 31 59 45 41 79 52 0 0 0 0 0 0 0 0 0
0 0 0 0 0 0 0 0 0 0 0 0 0 0 0 0 0 0 0 0 0 0 0 0 0 0 0 0 10 1 5 1 1 1 1 6 6 6 19 9 4 4 4 1 0 0 0 0 0 0 0 0 1 1 2 4 4 3 3 33 41 1 1 2 21 25 30 62 25 45 68 102 165 33 49 34 43 54 25 38 64 41 73 55 53 46 0 0 0 0 0 0 0 0 0 0
0 0 0 0 0 0 0 0 0 0 0 0 0 0 0 0 0 0 0 0 0 0 0 0 0 0 0 0 3 1 6 2 0 0 0 3 9 8 23 7 4 4 4 0 0 0 0 0 0 0 0 0 1 1 4 6 7 9 6 6 10 5 3 0 34 56 46 33 41 20 41 87 74 54 96 35 38 66 19 14 73 102 40 38 53 75 0 0 0 0 0 0 0 0 0 0
0 0 0 0 0 0 0 0 0 0 0 0 0 0 0 0 0 0 0 0 0 0 0 0 0 0 0 0 3 2 8 8 1 0 0 1 5 5 5 8 7 5 1 0 0 0 2 2 2 1 0 0 4 2 4 4 9 18 25 26 9 5 0 15 19 51 22 36 57 104 66 34 73 122 91 43 58 68 37 113 52 145 97 67 0 0 0 0 0 0 0 0 0 0 0 0
0 0 0 0 0 0 0 0 0 0 0 0 0 0 0 0 0 0 0 0 0 0 0 0 0 0 0 2 1 2 7 2 0 0 1 1 2 3 2 8 7 5 1 1 0 0 1 1 1 1 1 0 4 6 5 10 12 7 8 7 7 14 28 27 27 32 38 42 42 22 54 41 127 499 209 57 79 120 42 94 1082 2453 313 101 0 0 0 0 0 0 0 0 0 0 0 0
0 0 0 0 0 0 0 0 0 0 0 0 0 0 0 0 0 0 0 0 0 0 0 0 0 0 0 5 0 0 1 0 0 0 0 1 3 4 8 8 7 4 1 1 1 0 0 0 1 1 1 1 2 15 16 10 6 8 5 6 15 23 25 61 110 119 51 51 49 31 25 24 94 262 1058 469 171 40 0 0 0 0 0 0 0 0 0 0 0 0 0 0 0 0 0 0
0 0 0 0 0 0 0 0 0 0 0 0 0 0 0 0 0 0 0 0 0 0 0 0 0 0 0 8 6 5 1 0 0 0 0 0 3 9 19 6 8 2 1 2 1 1 0 1 1 1 1 1 1 6 6 9 4 8 9 15 33 30 32 40 52 105 38 26 32 25 23 36 55 130 3331 1331 117 0 0 0 0 0 0 0 0 0 0 0 0 0 0 0 0 0 0 0
0 0 0 0 0 0 0 0 0 0 0 0 0 0 0 0 0 0 0 0 0 0 0 0 0 0 0 8 8 8 8 3 0 0 0 1 11 67 34 3 4 1 1 1 1 1 1 2 2 1 1 1 1 3 23 20 7 7 7 31 33 37 36 36 39 18 22 17 16 24 29 18 22 25 154 0 0 0 0 0 0 0 0 0 0 0 0 0 0 0 0 0 0 0 0 0
0 0 0 0 0 0 0 0 0 0 0 0 0 0 0 0 0 0 0 0 0 0 0 0 0 0 0 1 2 4 8 1 0 0 0 2 17 101 19 2 2 2 1 2 2 1 2 2 2 2 2 2 3 5 11 25 14 11 0 0 54 45 21 20 20 17 12 24 20 11 9 17 27 0 0 0 0 0 0 0 0 0 0 0 0 0 0 0 0 0 0 0 0 0 0 0
0 0 0 0 0 0 0 0 0 0 0 0 0 0 0 0 0 0 0 0 0 0 0 0 0 0 0 1 1 3 6 1 0 0 0 2 6 0 4 4 2 2 1 1 2 2 2 2 2 4 6 11 354 187 30 44 35 22 69 47 24 52 20 17 26 25 26 54 60 420 27 11 0 0 0 0 0 0 0 0 0 0 0 0 0 0 0 0 0 0 0 0 0 0 0 0
0 0 0 0 0 0 0 0 0 0 0 0 0 0 0 0 0 0 0 0 0 0 0 0 0 0 0 1 1 1 1 0 0 0 1 1 2 3 5 4 2 1 1 1 1 1 2 2 4 7 15 22 15 56 33 55 20 14 75 48 33 44 31 24 17 16 25 20 25 252 44 0 0 0 0 0 0 0 0 0 0 0 0 0 0 0 0 0 0 0 0 0 0 0 0 0
0 0 0 0 0 0 0 0 0 0 0 0 0 0 0 0 0 0 0 0 0 0 0 0 0 0 0 2 1 1 1 0 0 0 1 3 5 4 6 2 2 1 1 1 1 1 5 9 7 7 10 17 3 9 13 22 16 15 19 19 21 42 44 19 11 25 18 20 30 96 119 0 0 0 0 0 0 0 0 0 0 0 0 0 0 0 0 0 0 0 0 0 0 0 0 0
0 0 0 0 0 0 0 0 0 0 0 0 0 0 0 0 0 0 0 0 0 0 0 0 0 0 0 3 2 3 3 1 0 1 2 3 25 238 25 2 2 1 1 1 5 7 18 27 7 7 7 12 4 10 15 15 17 31 20 11 25 45 48 27 11 27 18 15 19 114 113 0 0 0 0 0 0 0 0 0 0 0 0 0 0 0 0 0 0 0 0 0 0 0 0 0
0 0 0 0 0 0 0 0 0 0 0 0 0 0 0 0 0 0 0 0 0 0 0 0 0 0 2 5 6 4 3 1 1 1 2 6 49 31 21 21 4 2 1 1 3 10 12 7 4 16 52 10 5 7 11 22 73 34 23 23 37 50 57 37 42 29 24 17 48 41 117 0 0 0 0 0 0 0 0 0 0 0 0 0 0 0 0 0 0 0 0 0 0 0 0 0
0 0 0 0 0 0 0 0 0 0 0 0 0 0 0 0 0 0 0 0 0 0 0 0 0 0 4 4 2 1 1 1 1 1 2 2 16 8 29 53 11 2 1 1 3 5 12 6 1 69 88 6 5 3 3 5 63 31 42 47 30 30 30 46 26 12 14 25 17 12 150 0 0 0 0 0 0 0 0 0 0 0 0 0 0 0 0 0 0 0 0 0 0 0 0 0
0 0 0 0 0 0 0 0 0 0 0 0 0 0 0 0 0 0 0 0 0 0 0 0 0 0 5 6 1 0 0 0 1 1 3 2 43 4 12 18 5 3 3 3 2 2 2 2 9 13 11 6 3 3 4 6 11 15 31 44 39 21 45 52 19 12 19 20 10 50 72 0 0 0 0 0 0 0 0 0 0 0 0 0 0 0 0 0 0 0 0 0 0 0 0 0
0 0 0 0 0 0 0 0 0 0 0 0 0 0 0 0 0 0 0 0 0 0 0 0 0 2 6 3 1 0 0 0 1 2 4 4 10 2 5 5 4 4 4 4 2 2 2 2 10 13 9 4 3 3 2 8 14 6 10 9 23 21 23 25 33 25 32 5 26 151 0 0 0 0 0 0 0 0 0 0 0 0 0 0 0 0 0 0 0 0 0 0 0 0 0 0
0 0 0 0 0 0 0 0 0 0 0 0 0 0 0 0 0 0 0 0 0 0 0 0 0 1 2 1 0 0 1 1 4 5 7 9 5 3 4 3 3 2 1 2 2 2 2 3 12 15 9 4 4 5 6 9 8 9 14 11 18 19 34 51 72 105 57 14 48 0 0 0 0 0 0 0 0 0 0 0 0 0 0 0 0 0 0 0 0 0 0 0 0 0 0 0
0 0 0 0 0 0 0 0 0 0 0 0 0 0 0 0 0 0 0 0 0 0 0 0 0 41 25 3 1 0 1 1 1 4 7 8 6 3 2 1 2 2 1 1 3 3 3 2 7 11 5 5 6 11 18 13 10 9 8 30 55 23 34 41 48 539 151 39 0 0 0 0 0 0 0 0 0 0 0 0 0 0 0 0 0 0 0 0 0 0 0 0 0 0 0 0
