dashboard/data/pop/popdens/gpw_pop_density_hd_1990.asc
ncols 720 
nrows 360
xllcorner -180
yllcorner -90
cellsize .5
NODATA_value -99
[rows 160 to 239 of 360, columns 192 to 287 of 720]
129 30 16 0 0 0 0 0 0 0 0 0 0 0 0 0 0 62 29 20 29 21 9 9 0 0 35 31 48 115 40 58 89 34 15 13 14 14 44 17 19 21 18 4 3 4 0 0 0 0 0 0 0 0 0 0 0 0 0 0 0 0 0 0 0 0 0 0 0 0 0 0 0 0 0 0 0 0 0 0 0 0 0 0 0 0 0 0 0 0 0 0 0 0 0 0
41 14 15 11 0 0 0 25 0 172 0 0 0 0 0 0 91 127 62 38 0 16 7 6 0 0 93 52 47 24 28 9 4 7 8 5 10 11 12 21 13 17 15 5 4 4 0 0 0 0 0 0 0 0 0 0 0 0 0 0 0 0 0 0 0 0 0 0 0 0 0 0 0 0 0 0 0 0 0 0 0 0 0 0 0 0 0 0 0 0 0 0 0 0 0 0
15 19 46 18 11 9 11 33 144 0 0 4 4 0 0 57 90 0 30 38 30 15 9 13 49 53 25 31 18 6 7 3 6 7 5 6 7 5 5 38 18 9 8 6 4 1 1 0 0 0 0 0 0 0 0 0 0 0 0 0 0 0 0 0 0 0 0 0 0 0 0 0 0 0 0 0 0 0 0 0 0 0 0 0 0 0 0 0 0 0 0 0 0 0 0 0
0 0 0 56 24 20 36 0 0 0 0 3 3 8 0 33 45 25 23 15 33 51 68 121 43 41 25 20 32 4 4 3 5 6 5 5 7 2 1 4 9 0 188 7 4 1 1 1 1 0 0 0 0 0 0 0 0 0 0 0 0 0 0 0 0 0 0 0 0 0 0 0 0 0 0 0 0 0 0 0 0 0 0 0 0 0 0 0 0 0 0 0 0 0 0 0
0 0 0 0 0 19 25 0 0 0 0 0 3 6 53 14 15 17 25 13 18 22 87 203 23 7 7 6 6 3 3 3 14 12 10 5 5 0 1 12 38 10 4 4 3 1 1 1 1 1 4 0 0 0 0 0 0 0 0 0 0 0 0 0 0 0 0 0 0 0 0 0 0 0 0 0 0 0 0 0 0 0 0 0 0 0 0 0 0 0 0 0 0 0 0 0
0 0 0 0 0 0 0 8 0 0 0 0 0 3 6 12 17 17 18 18 50 249 36 16 9 7 6 5 3 2 3 3 1 7 10 1 1 1 0 0 2 0 2 4 3 2 1 1 1 3 7 0 0 0 0 0 0 0 0 0 0 0 0 0 0 0 0 0 0 0 0 0 0 0 0 0 0 0 0 0 0 0 0 0 0 0 0 0 0 0 0 0 0 0 0 0
0 0 0 0 0 0 0 0 0 0 0 0 0 4 4 20 34 32 17 9 29 57 37 8 13 5 6 5 2 1 2 3 1 1 1 1 1 1 1 0 0 0 2 4 3 2 1 0 0 1 14 71 0 0 0 0 0 0 0 0 0 0 0 0 0 0 0 0 0 0 0 0 0 0 0 0 0 0 0 0 0 0 0 0 0 0 0 0 0 0 0 0 0 0 0 0
0 0 0 0 0 0 0 0 0 0 0 0 0 8 12 16 850 129 28 12 26 38 39 11 4 2 1 1 1 1 0 1 1 1 1 1 1 1 1 0 0 0 1 3 2 1 0 0 0 0 1 52 14 4 0 0 0 0 0 0 0 0 0 0 0 0 0 0 0 0 0 0 0 0 0 0 0 0 0 0 0 0 0 0 0 0 0 0 0 0 0 0 0 0 0 0
0 0 0 0 0 0 0 0 0 0 0 0 0 9 16 24 84 55 36 32 69 101 74 8 3 2 2 1 0 0 0 1 1 1 1 1 1 1 0 0 0 0 0 1 1 1 0 0 0 0 1 2 4 5 6 1 3 90 6 5 1 0 0 0 0 0 0 0 0 0 0 0 0 0 0 0 0 0 0 0 0 0 0 0 0 0 0 0 0 0 0 0 0 0 0 0
0 0 0 0 0 0 0 0 0 0 0 0 0 6 30 22 180 101 53 62 69 65 11 15 2 2 1 0 0 0 0 0 1 1 1 1 1 1 0 0 0 0 0 1 1 1 1 1 0 0 2 2 3 3 3 1 2 3 2 3 1 1 0 0 0 0 0 0 0 0 0 0 0 0 0 0 0 0 0 0 0 0 0 0 0 0 0 0 0 0 0 0 0 0 0 0
0 0 0 0 0 0 0 0 0 0 0 0 0 5 9 53 325 94 44 759 46 19 7 4 1 1 0 0 0 0 0 0 1 1 1 1 0 0 0 0 0 0 0 1 1 1 2 1 0 0 1 2 1 0 0 0 0 2 1 2 2 0 3 0 0 0 0 0 0 0 0 0 0 0 0 0 0 0 0 0 0 0 0 0 0 0 0 0 0 0 0 0 0 0 0 0
0 0 0 0 0 0 0 0 0 0 0 0 0 13 6 82 117 118 100 783 61 38 6 3 1 1 0 0 0 0 0 0 1 1 1 0 0 0 0 1 0 0 1 1 2 3 3 1 1 0 0 3 1 0 0 0 0 2 1 1 1 0 0 0 0 0 0 0 0 0 0 0 0 0 0 0 0 0 0 0 0 0 0 0 0 0 0 0 0 0 0 0 0 0 0 0
0 0 0 0 0 0 0 0 0 0 0 0 0 0 90 132 40 36 25 361 17 16 3 2 1 1 0 0 0 0 0 0 0 0 0 0 0 0 0 1 2 2 2 3 3 3 3 1 1 0 0 2 2 0 0 0 0 0 0 0 0 0 0 0 0 0 0 0 0 0 0 0 0 0 0 0 0 0 0 0 0 0 0 0 0 0 0 0 0 0 0 0 0 0 0 0
0 0 0 0 0 0 0 0 0 0 0 0 0 26 563 114 38 39 7 5 15 4 2 1 1 1 0 0 0 0 0 0 0 0 0 0 0 0 0 0 0 0 2 2 1 1 3 1 0 0 0 1 4 2 0 0 0 0 0 0 0 0 0 0 0 0 0 0 0 0 0 0 0 0 0 0 0 0 0 0 0 0 0 0 0 0 0 0 0 0 0 0 0 0 0 0
0 0 0 0 0 0 0 0 0 0 0 0 11 11 70 36 17 58 5 2 3 4 4 1 1 1 0 0 0 0 0 0 0 0 0 0 0 0 0 0 0 0 0 0 0 0 2 1 0 0 0 0 4 3 0 0 0 0 0 0 0 0 0 0 0 0 0 0 0 0 0 0 0 0 0 0 0 0 0 0 0 0 0 0 0 0 0 0 0 0 0 0 0 0 0 0
0 0 0 0 0 0 0 0 0 0 0 15 9 26 71 29 38 12 2 1 1 2 1 1 1 1 1 1 0 0 0 0 0 0 0 0 0 0 0 0 0 0 0 1 1 1 1 1 0 0 0 1 4 4 2 0 1 0 1 0 0 0 1 2 0 0 0 0 0 0 0 0 0 0 0 0 0 0 0 0 0 0 0 0 0 0 0 0 0 0 0 0 0 0 0 0
0 0 0 0 0 0 0 0 0 0 0 10 14 62 26 38 40 14 3 1 1 1 1 1 1 1 0 0 0 0 0 0 0 0 0 0 0 0 0 0 0 0 0 0 0 0 0 0 0 0 0 3 3 1 1 0 1 1 0 1 1 1 5 5 0 1 1 0 0 0 0 0 0 0 0 0 0 0 0 0 0 0 0 0 0 0 0 0 0 0 0 0 0 0 0 0
0 0 0 0 0 0 0 0 0 0 0 10 72 105 15 9 18 9 2 2 2 1 1 1 1 0 1 1 0 0 0 0 0 0 0 0 0 0 0 0 0 0 0 0 0 0 0 0 0 0 0 0 0 0 0 0 1 1 0 0 0 1 5 5 1 1 1 3 0 0 0 0 0 0 0 0 0 0 0 0 0 0 0 0 0 0 0 0 0 0 0 0 0 0 0 0
0 0 0 0 0 0 0 0 40 32 8 41 49 63 15 8 7 1 2 2 1 0 0 0 0 0 1 1 0 0 0 0 0 0 0 0 0 0 0 0 0 0 0 0 0 0 0 0 0 0 0 0 0 0 0 0 1 2 0 0 0 1 2 5 5 2 5 4 0 0 0 0 0 0 0 0 0 0 0 0 0 0 0 0 0 0 0 0 0 0 0 0 0 0 0 0
0 0 0 0 0 0 0 0 21 20 135 119 15 17 21 6 3 2 1 0 0 0 0 0 0 0 0 0 0 0 0 0 0 0 0 0 0 0 0 0 0 0 0 0 0 0 0 0 0 0 0 0 0 0 0 1 1 2 1 0 0 0 1 1 4 14 4 1 0 0 0 0 0 0 0 0 0 0 0 0 0 0 0 0 0 0 0 0 0 0 0 0 0 0 0 0
0 0 0 0 0 0 0 36 34 57 143 194 3 4 10 7 5 3 2 1 0 0 0 0 0 0 0 0 0 0 0 0 0 0 0 0 0 0 0 0 0 0 0 0 0 0 0 0 0 0 1 0 0 0 0 0 2 2 2 1 0 0 1 1 1 5 2 2 0 2 0 0 0 0 0 0 0 0 0 0 0 0 0 0 0 0 0 0 0 0 0 0 0 0 0 0
0 0 0 0 0 0 0 68 49 64 48 33 5 6 4 2 1 2 3 1 0 0 0 0 0 0 0 0 0 0 0 0 0 0 0 0 0 0 0 0 0 0 0 0 0 0 0 0 0 0 1 1 0 0 0 1 2 2 2 2 0 0 0 1 1 3 6 2 2 4 6 21 26 0 0 0 0 0 0 0 0 0 0 0 0 0 0 0 0 0 0 0 0 0 0 0
0 0 0 0 0 0 94 85 57 52 130 26 4 2 1 1 0 3 3 3 1 0 0 0 0 0 0 0 0 0 0 0 0 0 0 0 0 0 0 0 0 0 0 0 0 0 0 0 0 0 0 1 1 0 0 0 1 2 2 2 2 0 0 1 2 3 6 6 5 5 118 345 48 31 27 9 0 0 0 0 0 0 0 0 0 0 0 0 0 0 0 0 0 0 0 0
0 0 0 0 0 0 35 47 94 61 80 16 2 1 1 1 2 3 3 3 3 1 0 0 0 0 0 0 0 0 0 0 0 0 0 0 1 0 0 0 0 0 0 0 0 0 0 2 0 0 0 0 1 1 1 0 1 2 2 2 2 1 1 1 2 2 3 4 7 0 36 17 17 20 9 5 9 16 21 0 0 0 0 0 0 0 0 0 0 0 0 0 0 0 0 0
0 0 0 0 0 0 75 238 184 67 30 5 3 2 1 1 1 2 3 3 3 2 0 1 2 1 1 0 0 0 0 0 0 1 1 1 1 1 1 0 0 0 0 0 0 0 35 77 1 1 1 0 1 3 3 3 4 5 0 3 2 1 1 1 1 1 1 3 17 20 6 8 7 14 6 7 10 13 21 0 33 0 0 0 0 0 0 0 0 0 0 0 0 0 0 0
0 0 0 0 0 0 0 354 107 88 66 7 4 3 2 1 1 1 3 3 3 3 2 2 3 3 3 2 1 1 1 1 1 1 1 1 0 0 1 1 1 1 0 1 1 3 43 85 32 4 2 2 4 5 0 3 7 8 8 6 2 2 2 1 1 1 1 2 8 6 4 7 4 5 3 5 12 26 23 276 15 8 14 19 0 0 0 0 0 0 0 0 0 0 0 0
0 0 0 0 0 0 0 0 112 40 20 4 2 2 2 1 1 1 3 3 3 3 3 2 1 2 2 2 2 1 1 1 1 0 0 0 0 1 1 1 1 1 0 1 1 4 9 24 0 12 6 5 0 3 4 3 4 5 8 6 2 2 2 1 2 1 1 1 0 3 4 4 3 3 3 10 14 29 25 27 12 12 11 16 39 20 18 30 39 44 0 0 0 0 0 0
0 0 0 0 0 0 0 40 35 39 10 3 2 2 2 1 1 1 1 2 3 3 3 2 1 1 1 4 6 1 1 1 0 0 0 0 1 1 2 2 1 1 1 1 2 3 4 5 3 2 3 2 1 1 1 1 1 2 6 6 2 1 1 1 2 1 2 2 0 3 3 3 3 3 4 6 16 45 26 21 16 17 19 26 11 24 44 43 26 33 645 0 0 0 0 0
0 0 0 0 0 0 33 24 29 39 4 2 2 2 2 1 1 1 1 1 3 3 3 1 1 1 0 1 6 1 0 0 0 0 0 1 2 2 1 1 1 1 1 1 1 1 1 2 1 0 1 1 1 1 1 1 1 3 5 4 1 0 0 1 1 2 3 8 0 5 3 3 4 5 6 8 10 27 42 25 20 22 20 17 25 14 50 16 18 22 75 50 0 0 0 0
0 0 0 0 0 39 43 38 25 12 13 5 2 2 2 2 1 1 1 1 1 1 1 0 0 0 0 1 1 0 0 0 1 1 1 2 2 1 1 1 1 1 1 0 0 0 0 0 0 0 0 1 1 1 1 1 1 1 0 0 0 0 0 1 2 2 1 6 6 5 4 9 14 10 7 7 10 15 32 24 20 19 68 18 15 7 28 15 14 20 24 24 32 0 0 0
0 0 0 0 0 37 41 40 34 27 22 10 3 2 2 2 1 1 1 1 1 1 0 0 0 0 0 1 0 0 0 0 1 1 2 2 1 1 1 1 0 0 0 0 1 1 0 0 0 0 0 1 1 1 1 1 1 0 0 0 0 0 0 0 1 1 4 5 5 0 7 25 36 22 7 6 6 8 15 22 17 26 143 12 7 4 20 12 20 18 15 27 24 60 22 16
0 0 0 0 0 0 42 38 26 33 30 20 16 14 3 2 1 1 1 0 1 1 0 0 0 0 0 1 0 0 0 0 1 0 0 0 0 0 0 0 0 0 0 1 1 1 1 0 0 0 1 1 1 1 1 1 1 1 0 0 0 0 0 0 0 1 7 7 7 8 7 7 14 22 5 4 5 7 8 18 12 9 46 9 5 3 15 11 21 19 13 18 23 13 17 13
0 0 0 0 0 0 0 22 24 43 44 19 12 15 14 14 11 1 1 1 1 1 0 0 0 0 1 1 0 0 0 0 0 0 0 0 0 0 0 0 0 0 1 1 1 1 1 0 0 0 1 1 1 1 1 1 1 1 0 0 0 0 0 0 0 2 3 3 5 7 6 6 6 7 6 4 6 6 3 9 13 6 13 11 7 3 9 10 19 40 31 42 39 22 25 33
0 0 0 0 0 0 0 0 113 100 43 37 8 3 7 11 10 1 1 1 1 0 0 0 0 1 1 1 1 1 0 0 0 0 0 0 0 0 0 0 0 0 1 1 1 1 1 0 0 0 0 1 1 1 1 1 1 1 0 0 0 0 0 0 3 7 3 3 7 8 9 6 6 6 6 4 4 2 3 6 8 9 9 10 15 11 9 11 21 31 39 47 28 32 25 23
0 0 0 0 0 0 0 0 0 37 37 54 12 4 4 4 1 1 1 1 1 1 1 1 1 1 1 1 1 0 0 0 0 0 0 0 0 0 0 0 0 1 1 1 1 1 0 0 0 0 0 1 1 1 1 1 1 1 0 0 0 0 0 0 1 1 1 5 7 8 11 9 4 4 4 4 4 2 3 3 3 7 7 8 16 20 17 19 31 108 34 31 23 42 17 87
0 0 0 0 0 0 0 0 0 0 49 35 29 4 5 4 2 1 1 5 3 2 2 2 1 1 1 1 1 0 0 0 0 0 0 0 0 0 0 0 1 1 1 1 1 0 0 0 0 0 0 0 1 1 1 1 1 1 0 0 0 0 0 0 1 1 1 8 7 5 4 4 2 3 3 3 2 1 2 2 3 5 4 6 8 8 14 26 16 27 26 32 40 25 14 34
0 0 0 0 0 0 0 0 0 0 106 21 14 13 9 7 2 4 6 6 6 3 3 2 1 1 1 1 1 0 1 1 1 0 0 0 0 0 0 0 3 5 4 1 1 0 0 0 0 0 0 0 0 1 1 1 1 1 0 0 0 0 0 0 1 1 1 6 6 5 6 4 2 2 2 3 1 1 2 2 4 3 3 4 4 6 13 15 10 18 16 16 15 24 41 92
0 0 0 0 0 0 0 0 0 0 0 71 22 17 6 9 5 4 4 6 6 5 3 2 1 1 1 1 1 1 1 1 1 1 0 0 0 0 1 1 0 5 5 2 1 0 0 0 0 0 0 0 0 1 1 1 1 1 0 0 0 0 0 0 1 1 1 1 2 2 5 5 2 2 3 2 1 1 2 3 3 4 5 5 3 6 23 14 7 8 7 13 15 24 55 82
0 0 0 0 0 0 0 0 0 0 0 51 40 29 16 19 13 4 4 6 6 5 3 2 1 1 1 0 1 1 1 5 3 1 0 1 1 2 5 5 5 5 5 2 1 0 0 0 0 0 1 2 0 1 1 1 1 1 1 0 0 0 0 0 0 1 1 1 1 2 5 4 2 1 2 1 1 2 2 2 3 6 7 7 5 6 18 22 7 4 4 31 33 46 60 69
0 0 0 0 0 0 0 0 0 0 0 10 31 20 20 41 22 3 3 4 3 4 1 1 1 1 0 0 1 1 5 11 11 7 3 3 3 4 5 5 5 5 5 2 6 0 0 0 0 0 0 2 3 2 3 3 3 2 2 1 2 2 1 1 1 1 1 1 1 2 5 4 1 1 1 1 2 3 3 3 3 5 6 8 4 4 16 18 8 6 6 24 21 37 112 85
0 0 0 0 0 0 0 0 0 0 0 0 11 9 18 32 9 3 3 2 1 1 1 0 0 0 0 1 1 3 9 9 8 4 1 0 0 1 1 2 5 5 5 7 12 0 0 0 0 0 0 2 3 3 2 2 3 5 3 2 2 2 0 0 1 1 1 1 1 2 12 8 3 1 1 1 1 4 3 3 3 3 3 4 3 5 9 24 14 11 12 22 22 31 59 62
0 0 0 0 0 0 0 0 0 0 0 0 52 18 15 25 19 10 8 2 2 1 1 0 0 0 0 1 1 4 3 2 2 0 0 0 3 2 1 1 4 6 7 12 13 1 0 0 1 1 1 1 1 2 1 1 5 5 2 1 1 1 0 1 1 1 1 1 1 1 6 5 1 0 0 1 1 3 4 3 3 3 0 5 7 7 11 38 19 19 24 37 53 170 0 0
0 0 0 0 0 0 0 0 0 0 0 0 0 31 27 19 30 24 9 5 0 2 2 1 1 1 1 0 0 1 1 1 1 0 1 2 4 2 1 1 1 4 7 10 16 15 5 2 1 1 2 1 1 2 0 1 1 1 1 1 1 0 0 1 1 0 0 1 1 2 5 4 3 2 2 1 1 1 4 3 3 5 5 15 35 10 20 33 22 32 25 26 52 160 0 0
0 0 0 0 0 0 0 0 0 0 0 0 0 0 440 14 29 40 31 5 5 5 5 1 0 1 1 1 1 0 0 0 0 1 2 4 4 3 1 1 1 1 2 9 14 5 4 3 1 1 1 1 1 1 0 0 3 5 2 1 0 0 0 0 0 0 1 1 1 7 9 2 2 2 3 5 6 5 5 3 4 7 5 9 25 10 16 23 25 46 37 30 21 0 0 0
0 0 0 0 0 0 0 0 0 0 0 0 0 0 840 9 25 66 41 14 6 5 5 6 1 0 0 1 1 1 1 0 0 0 1 1 0 0 1 1 1 1 1 3 5 4 3 3 1 1 1 0 0 1 1 1 2 2 1 0 0 0 0 0 0 0 1 1 2 5 2 2 1 2 3 6 7 6 6 8 4 0 6 8 15 14 14 19 20 110 115 64 22 0 0 0
0 0 0 0 0 0 0 0 0 0 0 0 0 0 0 22 9 27 31 23 11 5 5 9 3 1 1 1 1 1 0 0 0 0 1 1 0 0 0 0 0 0 1 3 2 5 4 2 0 0 0 0 0 1 1 1 1 0 0 0 0 0 1 1 1 1 1 2 1 3 2 2 1 2 4 5 1 1 2 6 8 7 11 12 12 9 7 14 18 86 456 578 0 0 0 0
0 0 0 0 0 0 0 0 0 0 0 0 0 0 0 46 30 6 21 47 20 9 13 26 11 6 9 4 2 3 0 0 0 0 1 0 0 0 0 0 0 0 1 1 2 3 5 2 0 0 0 0 0 1 1 1 1 1 0 0 0 0 1 1 1 0 1 3 4 5 4 6 1 2 4 3 2 2 6 16 12 11 12 14 11 8 11 16 35 54 0 0 0 0 0 0
0 0 0 0 0 0 0 0 0 0 0 0 0 0 0 0 25 6 7 11 23 26 24 41 68 15 8 3 3 4 0 0 0 1 1 0 0 1 1 0 0 0 0 1 1 1 1 0 0 0 0 0 0 1 1 1 1 2 0 0 0 1 1 1 1 0 1 3 5 6 5 6 1 2 3 3 2 2 2 5 11 10 14 16 15 11 10 37 50 0 0 0 0 0 0 0
0 0 0 0 0 0 0 0 0 0 0 0 0 0 0 0 26 18 4 4 10 11 8 13 16 22 11 10 3 4 1 1 0 1 1 0 0 1 4 3 2 1 1 1 1 1 1 1 1 1 3 3 2 4 4 2 2 2 1 0 0 2 2 2 1 0 1 3 12 8 6 4 2 2 7 8 1 1 3 6 8 8 32 17 21 13 13 23 46 42 0 0 0 0 0 0
0 0 0 0 0 0 0 0 0 0 0 0 0 0 0 0 0 12 6 4 4 5 4 9 10 12 13 24 15 7 2 1 1 1 1 0 0 1 4 3 2 1 1 1 1 1 1 1 1 2 3 3 3 4 4 2 2 2 2 1 1 1 2 3 1 0 3 4 7 10 4 4 2 5 2 3 2 3 6 9 8 10 16 15 14 22 45 27 43 151 0 0 0 0 0 0
0 0 0 0 0 0 0 0 0 0 0 0 0 0 0 0 0 0 5 4 4 4 3 5 4 5 7 20 29 23 7 6 7 5 1 0 0 0 1 1 1 1 1 1 1 1 1 1 1 3 7 8 5 3 3 54 28 2 2 2 1 1 4 5 2 3 3 6 24 17 6 5 13 9 4 2 4 6 6 8 9 13 12 10 12 29 28 21 25 39 0 0 0 0 0 0
0 0 0 0 0 0 0 0 0 0 0 0 0 0 0 0 0 0 0 0 2 3 3 4 4 6 26 44 0 0 17 18 102 11 1 0 0 2 2 1 1 1 1 1 1 1 1 1 2 2 4 12 3 3 2 50 46 12 4 3 2 1 2 5 4 4 5 9 18 12 7 134 267 83 5 4 4 7 7 11 15 17 11 10 12 12 12 12 14 20 0 0 0 0 0 0
0 0 0 0 0 0 0 0 0 0 0 0 0 0 0 0 0 0 0 0 0 5 7 14 55 62 20 28 17 47 0 113 47 11 4 2 2 5 5 8 7 1 1 1 1 1 1 1 1 1 1 2 3 2 2 2 1 3 17 9 2 2 2 5 5 11 6 16 24 73 48 44 54 15 7 5 4 6 11 19 32 9 6 12 14 10 11 11 26 12 0 0 0 0 0 0
0 0 0 0 0 0 0 0 0 0 0 0 0 0 0 0 0 0 0 0 0 0 0 31 41 20 6 7 10 20 16 58 71 8 5 5 5 6 5 4 9 9 1 1 1 1 1 1 1 0 0 2 3 2 2 1 1 1 16 5 2 2 3 2 3 4 4 12 24 376 9 17 15 6 7 5 3 3 9 21 39 4 8 15 14 10 12 13 19 15 0 0 0 0 0 0
0 0 0 0 0 0 0 0 0 0 0 0 0 0 0 0 0 0 0 0 0 0 0 0 0 12 6 4 8 3 4 8 12 11 7 157 16 9 5 4 5 19 8 1 1 1 1 1 1 0 0 2 3 2 1 1 1 1 2 1 2 2 4 3 4 3 6 7 8 9 8 10 4 7 7 5 4 3 20 12 9 7 12 18 19 23 13 16 34 0 0 0 0 0 0 0
0 0 0 0 0 0 0 0 0 0 0 0 0 0 0 0 0 0 0 0 0 0 0 0 0 26 11 16 12 3 3 3 14 27 24 36 29 6 5 5 23 119 52 1 1 1 1 1 1 0 0 0 1 2 1 1 1 2 2 2 2 2 3 5 8 10 16 9 10 11 11 6 7 7 7 4 4 3 9 4 8 8 13 18 23 28 13 17 18 0 0 0 0 0 0 0
0 0 0 0 0 0 0 0 0 0 0 0 0 0 0 0 0 0 0 0 0 0 0 0 0 0 0 27 20 1 1 1 2 0 21 15 11 7 5 5 15 31 1 1 1 1 1 1 1 1 1 1 1 1 1 1 1 2 3 3 3 3 2 2 5 7 9 10 16 17 9 13 10 8 14 5 3 6 8 8 11 14 22 18 12 15 12 21 17 0 0 0 0 0 0 0
0 0 0 0 0 0 0 0 0 0 0 0 0 0 0 0 0 0 0 0 0 0 0 0 0 0 0 0 11 0 1 1 2 0 10 16 16 30 6 5 4 1 1 1 1 1 1 1 1 1 1 1 1 1 1 1 1 2 2 2 1 2 2 2 2 3 8 7 22 20 15 61 14 17 24 24 8 7 11 13 10 14 24 51 49 28 31 29 28 0 0 0 0 0 0 0
0 0 0 0 0 0 0 0 0 0 0 0 0 0 0 0 0 0 0 0 0 0 0 0 0 0 0 0 0 0 1 1 1 1 5 18 27 25 10 8 2 1 1 1 1 1 1 1 1 1 1 1 5 2 1 2 2 2 3 2 1 1 2 4 4 4 7 6 10 11 22 65 25 10 9 11 9 11 14 56 11 15 99 35 21 16 35 28 26 0 0 0 0 0 0 0
0 0 0 0 0 0 0 0 0 0 0 0 0 0 0 0 0 0 0 0 0 0 0 0 0 0 0 0 0 0 0 1 1 1 2 5 14 11 8 7 2 1 1 1 1 0 0 0 0 0 0 1 1 1 3 2 2 2 2 2 1 1 2 3 2 5 10 10 6 7 7 19 32 14 17 8 13 24 45 401 663 66 48 42 32 22 32 37 0 0 0 0 0 0 0 0
0 0 0 0 0 0 0 0 0 0 0 0 0 0 0 0 0 0 0 0 0 0 0 0 0 0 0 0 6 0 0 1 1 1 2 3 4 7 8 6 2 1 1 1 0 0 0 0 0 0 0 0 1 1 3 3 2 3 23 5 1 1 3 6 2 13 39 46 24 18 0 0 36 33 6 10 24 33 74 109 76 30 43 48 43 32 52 618 0 0 0 0 0 0 0 0
0 0 0 0 0 0 0 0 0 0 0 0 0 0 0 0 0 0 0 0 0 0 0 0 0 0 0 0 2 0 0 1 1 0 2 4 4 6 5 5 2 1 1 1 0 0 0 0 0 0 0 0 1 1 2 4 5 4 29 49 2 1 1 5 8 34 39 28 35 124 55 38 51 77 44 20 22 33 28 20 65 30 57 44 39 76 51 0 0 0 0 0 0 0 0 0
0 0 0 0 0 0 0 0 0 0 0 0 0 0 0 0 0 0 0 0 0 0 0 0 0 0 0 0 9 1 5 1 0 0 1 5 6 5 17 8 3 4 4 1 0 0 0 0 0 0 0 0 1 1 2 4 3 3 3 32 40 1 1 2 21 25 29 61 25 44 66 99 161 32 48 33 42 53 24 37 62 39 71 53 51 45 0 0 0 0 0 0 0 0 0 0
0 0 0 0 0 0 0 0 0 0 0 0 0 0 0 0 0 0 0 0 0 0 0 0 0 0 0 0 2 1 6 2 0 0 0 3 8 7 20 6 3 4 3 0 0 0 0 0 0 0 0 0 1 1 3 6 7 9 6 6 10 5 3 0 33 54 44 32 40 20 40 84 72 53 93 34 37 64 19 13 71 99 39 37 52 73 0 0 0 0 0 0 0 0 0 0
0 0 0 0 0 0 0 0 0 0 0 0 0 0 0 0 0 0 0 0 0 0 0 0 0 0 0 0 3 2 8 8 1 0 0 1 5 5 5 7 6 5 1 0 0 0 2 2 1 1 0 0 3 2 4 4 8 17 25 25 9 5 0 14 18 50 21 35 55 101 65 33 71 118 89 41 57 66 36 110 51 141 95 65 0 0 0 0 0 0 0 0 0 0 0 0
0 0 0 0 0 0 0 0 0 0 0 0 0 0 0 0 0 0 0 0 0 0 0 0 0 0 0 2 1 2 7 2 0 0 1 1 2 3 2 7 7 5 1 1 0 0 1 1 1 1 1 0 4 6 5 9 11 7 7 7 7 14 28 26 26 31 37 41 41 21 53 40 124 485 204 56 77 117 41 92 1052 2386 304 98 0 0 0 0 0 0 0 0 0 0 0 0
0 0 0 0 0 0 0 0 0 0 0 0 0 0 0 0 0 0 0 0 0 0 0 0 0 0 0 5 0 0 1 0 0 0 0 1 3 4 8 8 7 4 1 1 1 0 0 0 1 1 1 0 2 14 14 9 6 7 5 6 14 23 24 59 107 116 50 50 48 30 25 24 92 255 1029 456 166 39 0 0 0 0 0 0 0 0 0 0 0 0 0 0 0 0 0 0
0 0 0 0 0 0 0 0 0 0 0 0 0 0 0 0 0 0 0 0 0 0 0 0 0 0 0 8 6 5 1 0 0 0 0 0 3 9 19 6 8 2 1 2 1 1 0 1 1 1 1 1 1 6 6 8 3 8 9 14 32 30 31 39 51 102 37 25 31 24 22 35 53 127 3240 1295 114 0 0 0 0 0 0 0 0 0 0 0 0 0 0 0 0 0 0 0
0 0 0 0 0 0 0 0 0 0 0 0 0 0 0 0 0 0 0 0 0 0 0 0 0 0 0 8 8 8 8 3 0 0 0 1 10 66 33 3 4 1 1 1 1 1 1 2 2 1 1 1 1 3 21 18 6 7 7 30 32 36 35 35 38 18 22 17 15 23 28 17 21 24 150 0 0 0 0 0 0 0 0 0 0 0 0 0 0 0 0 0 0 0 0 0
0 0 0 0 0 0 0 0 0 0 0 0 0 0 0 0 0 0 0 0 0 0 0 0 0 0 0 1 2 4 8 1 0 0 0 1 17 100 19 2 2 2 1 2 2 1 2 2 2 2 2 1 2 5 10 23 13 10 0 0 53 43 20 19 19 16 11 23 19 11 9 17 26 0 0 0 0 0 0 0 0 0 0 0 0 0 0 0 0 0 0 0 0 0 0 0
0 0 0 0 0 0 0 0 0 0 0 0 0 0 0 0 0 0 0 0 0 0 0 0 0 0 0 1 1 3 5 1 0 0 0 2 6 0 4 4 2 2 1 1 2 2 2 2 2 4 6 11 324 171 27 40 32 20 64 45 23 51 19 16 25 24 25 53 59 409 26 11 0 0 0 0 0 0 0 0 0 0 0 0 0 0 0 0 0 0 0 0 0 0 0 0
0 0 0 0 0 0 0 0 0 0 0 0 0 0 0 0 0 0 0 0 0 0 0 0 0 0 0 1 1 1 1 0 0 0 1 1 2 3 5 4 2 1 1 1 1 1 2 2 4 6 15 22 14 51 30 50 19 12 70 47 33 43 30 24 16 16 25 19 25 245 43 0 0 0 0 0 0 0 0 0 0 0 0 0 0 0 0 0 0 0 0 0 0 0 0 0
0 0 0 0 0 0 0 0 0 0 0 0 0 0 0 0 0 0 0 0 0 0 0 0 0 0 0 2 1 1 1 0 0 0 1 3 5 4 6 2 2 1 1 1 1 1 5 9 7 6 10 17 3 8 12 20 15 14 18 19 20 41 42 18 11 24 17 19 29 94 116 0 0 0 0 0 0 0 0 0 0 0 0 0 0 0 0 0 0 0 0 0 0 0 0 0
0 0 0 0 0 0 0 0 0 0 0 0 0 0 0 0 0 0 0 0 0 0 0 0 0 0 0 3 2 3 3 1 0 1 2 3 25 236 25 2 2 1 1 1 5 7 18 26 7 7 7 11 4 9 13 14 16 29 19 11 24 44 46 26 10 27 17 14 18 111 110 0 0 0 0 0 0 0 0 0 0 0 0 0 0 0 0 0 0 0 0 0 0 0 0 0
0 0 0 0 0 0 0 0 0 0 0 0 0 0 0 0 0 0 0 0 0 0 0 0 0 0 2 5 6 4 3 1 1 1 2 6 49 31 21 21 4 2 1 1 3 10 12 7 4 16 52 9 5 7 10 21 68 33 23 22 36 48 56 36 41 28 23 17 46 40 114 0 0 0 0 0 0 0 0 0 0 0 0 0 0 0 0 0 0 0 0 0 0 0 0 0
0 0 0 0 0 0 0 0 0 0 0 0 0 0 0 0 0 0 0 0 0 0 0 0 0 0 4 4 2 1 1 1 1 1 2 2 16 8 29 52 11 2 1 1 3 5 12 6 1 68 87 6 5 3 3 4 63 31 41 46 29 29 29 44 25 12 13 25 17 11 145 0 0 0 0 0 0 0 0 0 0 0 0 0 0 0 0 0 0 0 0 0 0 0 0 0
0 0 0 0 0 0 0 0 0 0 0 0 0 0 0 0 0 0 0 0 0 0 0 0 0 0 5 6 1 0 0 0 1 1 3 2 43 4 12 18 5 3 3 3 2 2 2 2 9 13 11 6 3 3 4 6 11 14 30 43 37 20 44 50 19 12 18 19 10 49 70 0 0 0 0 0 0 0 0 0 0 0 0 0 0 0 0 0 0 0 0 0 0 0 0 0
0 0 0 0 0 0 0 0 0 0 0 0 0 0 0 0 0 0 0 0 0 0 0 0 0 2 6 3 1 0 0 0 1 2 4 4 10 2 5 5 4 4 4 4 2 2 2 2 10 13 9 4 3 3 2 8 13 6 10 8 22 20 22 24 32 25 31 4 25 147 0 0 0 0 0 0 0 0 0 0 0 0 0 0 0 0 0 0 0 0 0 0 0 0 0 0
0 0 0 0 0 0 0 0 0 0 0 0 0 0 0 0 0 0 0 0 0 0 0 0 0 1 2 1 0 0 1 1 4 4 7 9 5 3 4 3 3 2 1 2 2 2 2 3 12 15 9 4 4 5 5 8 8 9 14 11 17 18 33 49 70 102 56 13 46 0 0 0 0 0 0 0 0 0 0 0 0 0 0 0 0 0 0 0 0 0 0 0 0 0 0 0
0 0 0 0 0 0 0 0 0 0 0 0 0 0 0 0 0 0 0 0 0 0 0 0 0 40 24 3 1 0 1 1 1 4 7 8 6 3 2 1 2 2 1 1 3 3 3 2 7 11 5 5 6 11 17 12 10 8 8 29 53 22 34 40 47 524 147 38 0 0 0 0 0 0 0 0 0 0 0 0 0 0 0 0 0 0 0 0 0 0 0 0 0 0 0 0
