dashboard/data/pop/popdens/gpw_pop_density_hd_1990a.asc
ncols 720 
nrows 360
xllcorner -180
yllcorner -90
cellsize .5
NODATA_value -99
[rows 0 to 79 of 360, columns 384 to 479 of 720]
-99 -99 -99 -99 -99 -99 -99 -99 -99 -99 -99 -99 -99 -99 -99 -99 -99 -99 -99 -99 -99 -99 -99 -99 -99 -99 -99 -99 -99 -99 -99 -99 -99 -99 -99 -99 -99 -99 -99 -99 -99 -99 -99 -99 -99 -99 -99 -99 -99 -99 -99 -99 -99 -99 -99 -99 -99 -99 -99 -99 -99 -99 -99 -99 -99 -99 -99 -99 -99 -99 -99 -99 -99 -99 -99 -99 -99 -99 -99 -99 -99 -99 -99 -99 -99 -99 -99 -99 -99 -99 -99 -99 -99 -99 -99 -99
-99 -99 -99 -99 -99 -99 -99 -99 -99 -99 -99 -99 -99 -99 -99 -99 -99 -99 -99 -99 -99 -99 -99 -99 -99 -99 -99 -99 -99 -99 -99 -99 -99 -99 -99 -99 -99 -99 -99 -99 -99 -99 -99 -99 -99 -99 -99 -99 -99 -99 -99 -99 -99 -99 -99 -99 -99 -99 -99 -99 -99 -99 -99 -99 -99 -99 -99 -99 -99 -99 -99 -99 -99 -99 -99 -99 -99 -99 -99 -99 -99 -99 -99 -99 -99 -99 -99 -99 -99 -99 -99 -99 -99 -99 -99 -99
-99 -99 -99 -99 -99 -99 -99 -99 -99 -99 -99 -99 -99 -99 -99 -99 -99 -99 -99 -99 -99 -99 -99 -99 -99 -99 -99 -99 -99 -99 -99 -99 -99 -99 -99 -99 -99 -99 -99 -99 -99 -99 -99 -99 -99 -99 -99 -99 -99 -99 -99 -99 -99 -99 -99 -99 -99 -99 -99 -99 -99 -99 -99 -99 -99 -99 -99 -99 -99 -99 -99 -99 -99 -99 -99 -99 -99 -99 -99 -99 -99 -99 -99 -99 -99 -99 -99 -99 -99 -99 -99 -99 -99 -99 -99 -99
-99 -99 -99 -99 -99 -99 -99 -99 -99 -99 -99 -99 -99 -99 -99 -99 -99 -99 -99 -99 -99 -99 -99 -99 -99 -99 -99 -99 -99 -99 -99 -99 -99 -99 -99 -99 -99 -99 -99 -99 -99 -99 -99 -99 -99 -99 -99 -99 -99 -99 -99 -99 -99 -99 -99 -99 -99 -99 -99 -99 -99 -99 -99 -99 -99 -99 -99 -99 -99 -99 -99 -99 -99 -99 -99 -99 -99 -99 -99 -99 -99 -99 -99 -99 -99 -99 -99 -99 -99 -99 -99 -99 -99 -99 -99 -99
-99 -99 -99 -99 -99 -99 -99 -99 -99 -99 -99 -99 -99 -99 -99 -99 -99 -99 -99 -99 -99 -99 -99 -99 -99 -99 -99 -99 -99 -99 -99 -99 -99 -99 -99 -99 -99 -99 -99 -99 -99 -99 -99 -99 -99 -99 -99 -99 -99 -99 -99 -99 -99 -99 -99 -99 -99 -99 -99 -99 -99 -99 -99 -99 -99 -99 -99 -99 -99 -99 -99 -99 -99 -99 -99 -99 -99 -99 -99 -99 -99 -99 -99 -99 -99 -99 -99 -99 -99 -99 -99 -99 -99 -99 -99 -99
-99 -99 -99 -99 -99 -99 -99 -99 -99 -99 -99 -99 -99 -99 -99 -99 -99 -99 -99 -99 -99 -99 -99 -99 -99 -99 -99 -99 -99 -99 -99 -99 -99 -99 -99 -99 -99 -99 -99 -99 -99 -99 -99 -99 -99 -99 -99 -99 -99 -99 -99 -99 -99 -99 -99 -99 -99 -99 -99 -99 -99 -99 -99 -99 -99 -99 -99 -99 -99 -99 -99 -99 -99 -99 -99 -99 -99 -99 -99 -99 -99 -99 -99 -99 -99 -99 -99 -99 -99 -99 -99 -99 -99 -99 -99 -99
-99 -99 -99 -99 -99 -99 -99 -99 -99 -99 -99 -99 -99 -99 -99 -99 -99 -99 -99 -99 -99 -99 -99 -99 -99 -99 -99 -99 -99 -99 -99 -99 -99 -99 -99 -99 -99 -99 -99 -99 -99 -99 -99 -99 -99 -99 -99 -99 -99 -99 -99 -99 -99 -99 -99 -99 -99 -99 -99 -99 -99 -99 -99 -99 -99 -99 -99 -99 -99 -99 -99 -99 -99 -99 -99 -99 -99 -99 -99 -99 -99 -99 -99 -99 -99 -99 -99 -99 -99 -99 -99 -99 -99 -99 -99 -99
-99 -99 -99 -99 -99 -99 -99 -99 -99 -99 -99 -99 -99 -99 -99 -99 -99 -99 -99 -99 -99 -99 -99 -99 -99 -99 -99 -99 -99 -99 -99 -99 -99 -99 -99 -99 -99 -99 -99 -99 -99 -99 -99 -99 -99 -99 -99 -99 -99 -99 -99 -99 -99 -99 -99 -99 -99 -99 -99 -99 -99 -99 -99 -99 -99 -99 -99 -99 -99 -99 -99 -99 -99 -99 -99 -99 -99 -99 -99 -99 -99 -99 -99 -99 -99 -99 -99 -99 -99 -99 -99 -99 -99 -99 -99 -99
-99 -99 -99 -99 -99 -99 -99 -99 -99 -99 -99 -99 -99 -99 -99 -99 -99 -99 -99 -99 -99 -99 -99 -99 -99 -99 -99 -99 -99 -99 -99 -99 -99 -99 -99 -99 -99 -99 -99 -99 -99 -99 -99 -99 -99 -99 -99 -99 -99 -99 -99 -99 -99 -99 -99 -99 -99 -99 -99 -99 -99 -99 -99 -99 -99 -99 -99 -99 -99 -99 -99 -99 -99 -99 -99 -99 -99 -99 -99 -99 -99 -99 -99 -99 -99 -99 -99 -99 -99 -99 -99 -99 -99 -99 -99 -99
-99 -99 -99 -99 -99 -99 -99 -99 -99 -99 -99 -99 -99 -99 -99 -99 -99 -99 -99 -99 -99 -99 -99 -99 -99 -99 -99 -99 -99 -99 -99 -99 -99 -99 -99 -99 -99 -99 -99 -99 -99 -99 -99 -99 -99 -99 -99 -99 -99 -99 -99 -99 -99 -99 -99 -99 -99 -99 -99 -99 -99 -99 -99 -99 -99 -99 -99 -99 -99 -99 -99 -99 -99 -99 -99 -99 -99 -99 -99 -99 -99 -99 -99 -99 -99 -99 -99 -99 -99 -99 -99 -99 -99 -99 -99 -99
0 0 0 0 0 0 0 0 0 0 0 0 0 0 0 0 0 0 0 0 0 0 0 0 0 0 0 0 0 0 0 0 0 0 0 0 0 0 0 0 0 0 0 0 0 0 0 0 0 0 0 0 0 0 0 0 0 0 0 0 0 0 0 0 0 0 0 0 0 0 0 0 0 0 0 0 0 0 0 0 0 0 0 0 0 0 0 0 0 0 0 0 0 0 0 0
0 0 0 0 0 0 0 0 0 0 0 0 0 0 0 0 0 0 0 0 0 0 0 0 0 0 0 0 0 0 0 0 0 0 0 0 0 0 0 0 0 0 0 0 0 0 0 0 0 0 0 0 0 0 0 0 0 0 0 0 0 0 0 0 0 0 0 0 0 0 0 0 0 0 0 0 0 0 0 0 0 0 0 0 0 0 0 0 0 0 0 0 0 0 0 0
0 0 0 0 0 0 0 0 0 0 0 0 0 0 0 0 0 0 0 0 0 0 0 0 0 0 0 0 0 0 0 0 0 0 0 0 0 0 0 0 0 0 0 0 0 0 0 0 0 0 0 0 0 0 0 0 0 0 0 0 0 0 0 0 0 0 0 0 0 0 0 0 0 0 0 0 0 0 0 0 0 0 0 0 0 0 0 0 0 0 0 0 0 0 0 0
0 0 0 0 0 0 0 0 0 0 0 0 0 0 0 0 0 0 0 0 0 0 0 0 0 0 0 0 0 0 0 0 0 0 0 0 0 0 0 0 0 0 0 0 0 0 0 0 0 0 0 0 0 0 0 0 0 0 0 0 0 0 0 0 0 0 0 0 0 0 0 0 0 0 0 0 0 0 0 0 0 0 0 0 0 0 0 0 0 0 0 0 0 0 0 0
0 0 0 0 0 0 0 0 0 0 0 0 0 0 0 0 0 0 0 0 0 0 0 0 0 0 0 0 0 0 0 0 0 0 0 0 0 0 0 0 0 0 0 0 0 0 0 0 0 0 0 0 0 0 0 0 0 0 0 0 0 0 0 0 0 0 0 0 0 0 0 0 0 0 0 0 0 0 0 0 0 0 0 0 0 0 0 0 0 0 0 0 0 0 0 0
0 0 0 0 0 0 0 0 0 0 0 0 0 0 0 0 0 0 0 0 0 0 0 0 0 0 0 0 0 0 0 0 0 0 0 0 0 0 0 0 0 0 0 0 0 0 0 0 0 0 0 0 0 0 0 0 0 0 0 0 0 0 0 0 0 0 0 0 0 0 0 0 0 0 0 0 0 0 0 0 0 0 0 0 0 0 0 0 0 0 0 0 0 0 0 0
0 0 0 0 0 0 0 0 0 0 0 0 0 0 0 0 0 0 0 0 0 0 0 0 0 0 0 0 0 0 0 0 0 0 0 0 0 0 0 0 0 0 0 0 0 0 0 0 0 0 0 0 0 0 0 0 0 0 0 0 0 0 0 0 0 0 0 0 0 0 0 0 0 0 0 0 0 0 0 0 0 0 0 0 0 0 0 0 0 0 0 0 0 0 0 0
0 0 0 0 0 0 0 0 0 0 0 0 0 0 0 0 0 0 0 0 0 0 0 0 0 0 0 0 0 0 0 0 0 0 0 0 0 0 0 0 0 0 0 0 0 0 0 0 0 0 0 0 0 0 0 0 0 0 0 0 0 0 0 0 0 0 0 0 0 0 0 0 0 0 0 0 0 0 0 0 0 0 0 0 0 0 0 0 0 0 0 0 0 0 0 0
0 0 0 0 0 0 0 0 0 0 0 0 0 0 0 0 0 0 0 0 0 0 0 0 0 0 0 0 0 0 0 0 0 0 0 0 0 0 0 0 0 0 0 0 0 0 0 0 0 0 0 0 0 0 0 0 0 0 0 0 0 0 0 0 0 0 0 0 0 0 0 0 0 0 0 0 0 0 0 0 0 0 0 0 0 0 0 0 0 0 0 0 0 0 0 0
0 0 0 0 0 0 0 0 0 0 0 0 0 0 0 0 0 0 0 0 0 0 0 0 0 0 0 0 0 0 0 0 0 0 0 0 0 0 0 0 0 0 0 0 0 0 0 0 0 0 0 0 0 0 0 0 0 0 0 0 0 0 0 0 0 0 0 0 0 0 0 0 0 0 0 0 0 0 0 0 0 0 0 0 0 0 0 0 0 0 0 0 0 0 0 0
0 0 0 0 0 0 0 0 0 0 0 0 0 0 0 0 0 0 0 0 0 0 0 0 0 0 0 0 0 0 0 0 0 0 0 0 0 0 0 0 0 0 0 0 0 0 0 0 0 0 0 0 0 0 0 0 0 0 0 0 0 0 0 0 0 0 0 0 0 0 0 0 0 0 0 0 0 0 0 0 0 0 0 0 0 0 0 0 0 0 0 0 0 0 0 0
0 0 0 0 0 0 0 0 0 0 0 0 0 0 0 0 0 0 0 0 0 0 0 0 0 0 0 0 0 0 0 0 0 0 0 0 0 0 0 0 0 0 0 0 0 0 0 0 0 0 0 0 0 0 0 0 0 0 0 0 0 0 0 0 0 0 0 0 0 0 0 0 0 0 0 0 0 0 0 0 0 0 0 0 0 0 0 0 0 0 0 0 0 0 0 0
0 0 0 0 0 0 0 0 0 0 0 0 0 0 0 0 0 0 0 0 0 0 0 0 0 0 0 0 0 0 0 0 0 0 0 0 0 0 0 0 0 0 0 0 0 0 0 0 0 0 0 0 0 0 0 0 0 0 0 0 0 0 0 0 0 0 0 0 0 0 0 0 0 0 0 0 0 0 0 0 0 0 0 0 0 0 0 0 0 0 0 0 0 0 0 0
0 0 0 0 0 0 0 0 0 0 0 0 0 0 0 0 0 0 0 0 0 0 0 0 0 0 0 0 0 0 0 0 0 0 0 0 0 0 0 0 0 0 0 0 0 0 0 0 0 0 0 0 0 0 0 0 0 0 0 0 0 0 0 0 0 0 0 0 0 0 0 0 0 0 0 0 0 0 0 0 0 0 0 0 0 0 0 0 0 0 0 0 0 0 0 0
0 0 0 0 0 0 0 0 0 0 0 0 0 0 0 0 0 0 0 0 0 0 0 0 0 0 0 0 0 0 0 0 0 0 0 0 0 0 0 0 0 0 0 0 0 0 0 0 0 0 0 0 0 0 0 0 0 0 0 0 0 0 0 0 0 0 0 0 0 0 0 0 0 0 0 0 0 0 0 0 0 0 0 0 0 0 0 0 0 0 0 0 0 0 0 0
0 0 0 0 0 0 0 0 0 0 0 0 0 0 0 0 0 0 0 0 0 0 0 0 0 0 0 0 0 0 0 0 0 0 0 0 0 0 0 0 0 0 0 0 0 0 0 0 0 0 0 0 0 0 0 0 0 0 0 0 0 0 0 0 0 0 0 0 0 0 0 0 0 0 0 0 0 0 0 0 0 0 0 0 0 0 0 0 0 0 0 0 0 0 0 0
0 0 0 0 0 0 0 0 0 0 0 0 0 0 0 0 0 0 0 0 0 0 0 0 0 0 0 0 0 0 0 0 0 0 0 0 0 0 0 0 0 0 0 0 0 0 0 0 0 0 0 0 0 0 0 0 0 0 0 0 0 0 0 0 0 0 0 0 0 0 0 0 0 0 0 0 0 0 0 0 0 0 0 0 0 0 0 0 0 0 0 0 0 0 0 0
0 0 0 0 0 0 0 0 0 0 0 0 0 0 0 0 0 0 0 0 0 0 0 0 0 0 0 0 0 0 0 0 0 0 0 0 0 0 0 0 0 0 0 0 0 0 0 0 0 0 0 0 0 0 0 0 0 0 0 0 0 0 0 0 0 0 0 0 0 0 0 0 0 0 0 0 0 0 0 0 0 0 0 0 0 0 0 0 0 0 0 0 0 0 0 0
0 0 0 0 0 0 0 0 0 0 0 0 0 0 0 0 0 0 0 0 0 0 0 0 0 0 0 0 0 0 0 0 0 0 0 0 0 0 0 0 0 0 0 0 0 0 0 0 0 0 0 0 0 0 0 0 0 0 0 0 0 0 0 0 0 0 0 0 0 0 0 0 0 0 0 0 0 0 0 0 0 0 0 0 0 0 0 0 0 0 0 0 0 0 0 0
0 0 0 0 0 0 0 0 0 0 0 0 0 0 0 0 0 0 0 0 0 0 0 0 0 0 0 0 0 0 0 0 0 0 0 0 0 0 0 0 0 0 0 0 0 0 0 0 0 0 0 0 0 0 0 0 0 0 0 0 0 0 0 0 0 0 0 0 0 0 0 0 0 0 0 0 0 0 0 0 0 0 0 0 0 0 0 0 0 0 0 0 0 0 0 0
0 0 0 0 0 0 0 0 0 0 0 0 0 0 0 0 0 0 0 0 0 0 0 0 0 0 0 0 0 0 0 0 0 0 0 0 0 0 0 0 0 0 0 0 0 0 0 0 0 0 0 0 0 0 0 0 0 0 0 0 0 0 0 0 0 0 0 0 0 0 0 0 0 0 0 0 0 0 0 0 0 0 0 0 0 0 0 0 0 0 0 0 0 0 0 0
0 0 0 0 0 0 0 0 0 0 0 0 0 0 0 0 0 0 0 0 0 0 0 0 0 0 0 0 0 0 0 0 0 0 0 0 0 0 0 0 0 0 0 0 0 0 0 0 0 0 0 0 0 0 0 0 0 0 0 0 0 0 0 0 0 0 0 0 0 0 0 0 0 0 0 0 0 0 0 0 0 0 0 0 0 0 0 0 0 0 0 0 0 0 0 0
0 0 0 0 0 0 0 0 0 0 0 0 0 0 0 0 0 0 0 0 0 0 0 0 0 0 0 0 0 0 0 0 0 0 0 0 0 0 0 0 0 0 0 0 0 0 0 0 0 0 0 0 0 0 0 0 0 0 0 0 0 0 0 0 0 0 0 0 0 0 0 0 0 0 0 0 0 0 0 0 0 0 0 0 0 0 0 0 0 0 0 0 0 0 0 0
0 0 0 0 0 0 0 0 0 0 0 0 0 0 0 0 0 0 0 0 0 0 0 0 0 0 0 0 0 0 0 0 0 0 0 0 0 0 0 0 0 0 0 0 0 0 0 0 0 0 0 0 0 0 0 0 0 0 0 0 0 0 0 0 0 0 0 0 0 0 0 0 0 0 0 0 0 0 0 0 0 0 0 0 0 0 0 0 0 0 0 0 0 0 0 0
0 0 0 0 0 0 0 0 0 0 0 0 0 0 0 0 0 0 0 0 0 0 0 0 0 0 0 0 0 0 0 0 0 0 0 0 0 0 0 0 0 0 0 0 0 0 0 0 0 0 0 0 0 0 0 0 0 0 0 0 0 0 0 0 0 0 0 0 0 0 0 0 0 0 0 0 0 0 0 0 0 0 0 0 0 0 0 0 0 0 0 0 0 0 0 0
0 0 0 0 0 0 0 0 0 0 0 0 0 0 0 0 0 0 0 0 0 0 0 0 0 0 0 0 0 0 0 0 0 0 0 0 0 0 0 0 0 0 0 0 0 0 0 0 0 0 0 0 0 0 0 0 0 0 0 0 0 0 0 0 0 0 0 0 0 0 0 0 0 0 0 0 0 0 0 0 0 0 0 0 0 0 0 0 0 0 0 0 0 0 0 0
0 0 0 0 0 0 0 0 0 0 0 0 0 0 0 0 0 0 0 0 0 0 0 0 0 0 0 0 0 0 0 0 0 0 0 0 0 0 0 0 0 0 0 0 0 0 0 0 0 0 0 0 0 0 0 0 0 0 0 0 0 0 0 0 0 0 0 0 0 0 0 0 0 0 0 0 0 0 0 0 0 0 0 0 0 0 0 0 0 0 0 0 0 0 0 0
0 0 0 0 0 0 0 0 0 0 0 0 0 0 0 0 0 0 0 0 0 0 0 0 0 0 0 5 0 0 0 0 0 0 0 0 0 0 0 0 0 0 0 0 0 0 0 0 0 0 0 0 0 0 0 0 0 0 0 0 0 0 0 0 0 0 0 0 0 0 0 0 0 0 0 0 0 0 0 0 0 0 0 0 0 0 0 0 0 0 0 0 0 0 0 0
0 0 0 0 0 0 0 0 0 0 0 0 0 0 0 0 0 0 0 0 0 0 0 8 0 0 2 0 2 0 1 1 0 1 0 2 2 0 0 0 0 0 0 0 0 0 0 0 0 0 0 0 0 0 0 0 0 0 0 0 0 0 0 0 0 0 0 0 0 0 0 0 0 0 0 0 0 0 0 0 0 0 0 0 0 0 0 0 0 0 0 0 0 0 0 0
0 0 0 0 0 0 0 0 0 0 0 0 0 0 0 0 0 0 0 2 2 4 5 2 1 0 1 1 1 1 1 1 1 1 3 4 4 0 0 0 0 0 0 0 0 0 0 0 0 0 0 0 0 0 0 0 0 0 0 0 0 0 0 0 0 0 0 0 0 0 0 0 0 0 0 0 0 0 0 0 0 0 0 0 0 0 0 0 0 0 0 0 0 0 0 0
0 0 0 0 0 0 0 0 0 0 0 0 0 20 15 0 0 3 1 1 1 3 2 3 1 1 1 1 0 0 0 0 1 1 2 2 0 0 0 0 5 0 0 0 0 0 0 0 0 0 0 0 0 0 0 0 0 0 0 0 0 0 0 0 0 0 0 0 0 0 0 0 0 0 0 0 0 0 0 0 0 0 0 0 0 0 0 0 0 0 0 0 0 0 0 0
0 0 0 0 0 0 0 0 0 0 0 8 9 4 6 7 2 2 1 1 1 0 0 0 0 0 1 0 0 0 0 0 0 1 3 4 5 5 4 4 3 56 396 0 0 0 0 0 0 0 0 0 0 0 0 0 0 0 0 0 0 0 0 0 0 0 0 0 0 0 0 0 0 0 0 0 0 0 0 0 0 0 0 0 0 0 0 0 0 0 0 0 0 0 0 0
0 0 0 0 0 0 14 9 25 17 7 6 2 2 2 2 2 1 1 1 0 0 0 0 0 0 0 0 0 0 0 0 1 4 5 5 5 4 3 3 3 50 127 2 2 2 3 2 7 12 16 16 0 0 0 0 0 0 0 0 0 0 0 0 0 0 0 0 0 0 0 0 0 0 0 0 0 0 0 0 0 0 0 0 0 0 0 0 0 0 0 0 0 0 0 0
0 0 0 0 0 0 0 4 3 3 6 9 3 1 1 1 1 1 1 1 1 1 1 1 0 1 1 1 1 1 1 1 1 3 4 4 3 3 3 4 12 0 18 10 0 0 0 0 0 0 0 0 0 0 0 0 0 0 0 0 0 0 0 0 0 0 0 0 0 0 0 0 0 0 0 0 0 0 0 0 0 0 0 0 0 0 0 0 0 0 0 0 0 0 0 0
0 0 0 0 0 0 5 2 2 1 1 1 1 1 1 1 1 1 1 1 1 1 1 2 1 1 1 1 1 1 1 1 0 0 0 2 5 7 8 16 27 26 0 21 0 3 0 0 0 0 0 0 0 0 0 0 0 0 0 0 0 0 0 0 0 0 0 0 0 0 0 0 0 0 0 0 0 0 0 0 0 0 0 0 26 0 0 0 0 0 0 0 0 0 0 0
0 0 0 0 14 25 8 5 4 0 0 0 0 1 0 1 1 1 1 1 1 1 1 2 2 1 1 1 1 1 1 1 0 1 2 5 7 9 8 0 19 39 25 16 14 4 0 0 0 0 0 0 0 0 0 0 0 0 0 0 0 0 0 0 0 0 0 0 0 0 0 0 0 0 0 0 0 0 0 0 0 0 0 0 0 0 0 0 0 0 0 0 0 0 0 0
0 0 0 7 5 3 3 2 0 0 0 0 0 0 0 0 1 1 1 1 1 1 2 2 3 3 3 14 3 3 3 3 1 1 4 5 5 6 6 6 6 0 3 1 0 1 1 1 1 1 1 0 0 0 0 0 0 0 0 0 0 0 0 0 0 0 0 0 0 0 0 0 0 0 0 0 0 0 0 0 0 0 0 1 1 1 1 1 1 1 1 1 1 1 2 2
0 10 6 5 5 5 3 0 0 0 0 0 0 0 1 0 1 5 5 6 13 5 4 6 11 4 3 19 2 2 2 2 2 3 3 2 1 1 1 2 2 1 1 0 0 0 0 1 1 1 1 1 0 1 1 1 1 0 0 0 0 0 0 0 0 0 0 0 0 0 0 0 0 0 0 0 0 0 0 0 0 0 1 1 1 1 1 1 1 1 25 20 1 1 2 2
19 8 5 3 1 1 0 1 1 0 0 0 1 1 1 2 5 7 9 18 31 0 0 0 0 0 4 3 2 2 2 2 2 3 3 3 1 0 1 1 0 1 1 0 1 0 0 0 0 0 0 0 0 0 0 0 1 1 1 1 1 1 1 1 1 1 1 1 1 0 0 0 1 1 0 0 0 0 0 0 0 0 1 1 1 1 1 1 1 1 1 1 1 1 2 2
5 4 1 1 1 1 1 1 1 0 1 1 2 2 2 7 11 12 12 0 0 0 0 0 0 0 0 41 4 2 2 2 2 2 2 1 1 1 1 1 1 1 1 1 1 0 0 0 0 0 0 0 0 0 0 0 1 1 1 1 1 1 1 1 1 1 1 1 1 1 1 1 1 1 1 0 0 0 0 0 0 1 1 1 1 1 1 1 1 1 54 1 1 1 2 2
3 1 1 1 1 1 1 1 1 1 1 2 2 0 3 5 10 11 11 0 0 0 0 0 0 19 13 47 11 3 2 2 2 2 2 2 1 28 1 1 1 1 2 2 2 0 0 0 0 0 1 1 0 1 0 0 1 261 1 2 1 1 1 1 1 1 1 1 1 1 1 1 1 1 1 1 1 0 0 0 1 1 1 1 1 1 1 1 1 1 1 1 1 1 1 1
3 1 1 1 2 2 1 1 1 1 1 1 1 2 2 6 25 8 9 0 0 0 0 0 12 16 9 5 3 3 0 0 5 3 2 2 0 1 1 1 1 2 0 2 2 2 2 2 0 0 0 0 1 1 1 106 2 108 2 2 2 2 2 1 1 1 1 1 1 1 1 1 1 1 1 1 1 1 1 2 9 8 7 2 2 2 2 2 1 1 0 0 0 0 0 0
7 2 1 2 2 5 2 2 3 4 5 7 8 6 5 21 40 0 0 0 0 49 33 10 8 9 11 6 6 9 12 10 4 4 5 4 2 1 1 1 1 2 2 2 35 2 2 2 2 1 1 1 21 1 1 1 3 3 2 2 2 2 2 1 1 1 1 1 1 1 1 1 1 1 1 1 1 1 2 2 3 10 10 27 2 2 2 2 1 0 15 0 0 0 0 0
1 1 1 2 3 0 14 3 3 4 5 9 10 9 0 0 0 0 0 83 13 14 13 10 7 0 5 6 6 7 16 20 9 5 5 5 5 4 2 1 1 2 4 3 3 3 3 3 2 1 1 1 1 1 1 3 3 3 2 2 2 2 2 2 2 2 1 1 1 1 1 1 1 1 1 1 1 1 2 2 2 7 11 11 7 3 2 1 1 1 0 1 1 1 0 0
1 1 1 1 1 6 3 3 4 22 21 21 0 0 0 0 0 0 11 14 18 36 0 11 7 5 8 20 7 0 24 48 21 9 12 58 8 3 3 2 2 2 2 3 3 4 0 4 3 2 2 2 2 3 3 3 3 3 3 3 2 2 2 2 2 2 1 1 1 1 1 1 1 2 1 4 2 2 2 2 2 2 5 7 8 6 1 1 1 1 1 1 1 1 1 0
1 1 1 1 1 1 3 4 9 19 21 0 0 0 0 0 0 0 0 10 10 10 8 8 10 14 12 86 12 7 0 26 0 8 7 11 10 8 2 2 0 2 2 2 33 0 4 0 3 3 3 3 3 3 3 3 5 5 4 2 2 2 2 2 1 1 1 1 2 2 2 1 2 2 3 9 7 3 2 1 1 1 1 2 2 2 1 1 1 1 1 1 1 1 1 0
1 1 1 1 2 3 4 4 8 14 0 0 0 0 0 0 0 0 0 44 13 11 16 0 41 8 12 7 7 0 32 7 7 0 0 10 0 16 5 13 3 3 4 4 208 0 0 0 3 3 3 3 3 3 3 4 5 5 6 6 4 4 4 3 3 3 3 2 2 2 3 3 0 2 5 6 4 109 67 1 1 1 2 2 2 2 2 1 1 1 1 1 1 1 1 1
3 2 2 2 5 5 6 7 12 20 0 0 0 0 0 0 0 0 0 57 24 20 26 63 34 17 13 36 18 0 7 11 30 0 14 10 10 0 0 0 7 7 8 4 4 4 4 0 3 3 3 3 3 3 3 4 4 4 7 7 7 7 4 4 4 4 4 3 4 61 34 3 3 3 3 3 3 4 3 1 1 1 2 2 2 2 2 2 2 2 2 2 2 2 2 1
7 4 3 4 6 10 18 23 21 27 0 0 0 0 0 0 0 0 28 20 71 18 21 22 27 66 34 67 14 77 26 11 30 79 17 10 26 0 0 0 0 7 4 19 18 2 3 3 3 3 3 3 3 4 4 4 4 4 4 5 5 5 3 3 3 3 3 3 35 3 5 6 5 2 2 3 3 2 2 1 1 1 1 1 1 1 2 2 2 2 2 2 2 2 4 5
13 5 5 6 9 14 31 21 26 27 28 26 20 0 0 0 0 0 0 0 202 21 29 20 47 500 0 0 0 0 0 0 0 0 0 467 354 41 0 0 8 8 6 4 2 2 3 3 3 4 5 5 5 4 4 6 5 5 3 4 4 4 3 3 3 3 3 3 4 5 6 6 6 3 2 2 2 1 1 2 3 3 3 2 1 2 2 2 2 2 2 2 2 3 13 15
11 14 18 30 9 11 16 24 60 59 45 90 55 29 0 0 0 0 0 0 0 0 0 0 0 0 0 0 0 0 0 0 0 11 74 947 2173 86 28 16 39 7 49 2 2 2 4 3 3 5 5 5 5 5 8 0 6 4 4 4 4 3 3 2 2 4 4 4 4 4 3 3 3 4 2 2 2 2 2 4 5 5 5 4 5 4 4 4 3 80 3 5 6 7 9 9
0 17 40 0 32 35 63 0 55 44 51 0 671 0 0 0 0 0 0 0 0 0 0 48 118 89 123 61 23 39 66 0 48 40 18 29 43 18 19 10 42 4 3 17 20 4 5 5 4 6 6 228 10 13 12 204 37 4 4 4 4 4 3 3 3 4 4 4 5 5 4 4 5 8 7 6 3 3 4 5 7 6 4 4 27 7 7 7 6 125 19 15 24 14 6 5
20 0 0 43 0 16 34 36 54 40 0 0 0 0 0 0 0 0 0 0 12 12 0 15 16 16 18 18 18 28 0 0 6 6 7 32 6 7 120 13 7 8 6 5 6 5 9 10 7 7 8 7 0 8 8 9 10 10 5 4 5 4 4 3 3 3 3 4 5 5 5 5 6 11 43 252 93 7 7 10 12 9 4 5 8 9 10 11 13 13 21 35 16 6 26 29
72 36 33 40 38 0 45 49 20 0 0 0 0 0 0 0 0 0 0 0 14 14 0 20 20 20 21 21 42 40 34 0 8 5 5 8 9 8 95 11 6 8 14 15 41 5 6 7 7 8 11 9 0 15 12 12 12 13 18 21 20 5 4 11 4 17 4 31 7 6 6 7 30 13 21 69 26 14 11 10 13 77 13 11 17 18 21 67 294 209 9 92 7 6 23 39
201 58 34 36 53 29 13 12 18 0 0 0 0 0 0 0 0 0 0 0 21 0 0 0 0 18 27 18 19 18 19 20 152 10 11 12 14 5 29 8 7 9 11 30 11 47 27 10 8 26 12 11 11 166 41 416 21 188 44 17 12 9 6 6 6 6 8 11 19 14 7 8 8 11 11 12 9 6 7 8 11 13 18 13 13 15 23 34 216 75 9 8 6 6 7 140
64 33 17 21 19 25 17 13 20 21 0 0 18 0 0 0 0 0 0 25 21 20 0 0 277 188 27 20 16 15 14 14 25 7 9 7 7 4 3 4 4 4 19 7 10 21 20 16 8 8 8 23 35 10 38 22 24 134 91 67 86 24 15 10 10 10 12 15 10 10 11 16 17 17 16 13 11 7 9 9 12 18 18 16 76 11 16 16 11 63 13 12 8 7 13 44
0 0 33 16 17 27 20 20 40 19 0 0 0 0 0 0 0 0 45 28 18 22 27 158 210 83 36 18 17 20 24 16 10 14 10 8 8 8 9 7 5 5 5 6 9 18 13 233 65 51 99 25 27 36 15 18 18 165 125 23 17 18 0 56 17 16 10 8 8 7 10 180 21 21 25 21 17 13 9 12 15 22 404 84 72 11 12 15 20 11 13 39 11 14 21 58
0 0 43 35 40 47 35 44 0 0 0 0 0 0 0 0 0 0 47 37 47 33 30 37 28 26 21 24 36 34 27 19 12 9 8 12 72 15 7 9 7 21 6 6 47 9 11 24 25 121 47 99 154 82 55 20 246 30 114 23 51 28 78 934 219 23 20 12 16 36 297 95 19 21 24 28 26 31 60 10 42 19 19 16 93 15 23 18 20 12 11 11 14 13 11 25
580 0 199 45 0 0 0 0 0 0 0 0 0 0 0 0 0 0 195 34 35 29 113 31 96 23 24 32 40 44 17 18 17 74 11 14 13 10 8 8 6 5 6 7 8 7 29 28 47 113 1996 4172 444 186 55 55 28 62 17 40 81 27 66 23 23 24 24 22 30 38 45 48 0 174 589 22 21 20 19 133 372 19 17 14 26 18 17 15 13 8 9 10 13 10 8 12
101 0 114 0 0 0 0 0 0 0 0 0 0 0 0 0 0 0 0 62 36 30 29 46 48 34 26 28 32 23 23 26 21 45 17 17 221 18 12 8 8 28 38 7 41 6 8 17 66 145 112 370 78 167 72 24 14 12 16 20 63 43 18 88 24 18 20 15 38 22 65 41 24 18 22 0 0 55 16 16 32 24 16 15 17 33 16 33 25 8 12 14 9 12 61 83
0 0 82 0 0 0 0 0 0 56 56 111 0 0 0 0 0 149 23 35 27 24 61 243 74 43 365 31 20 25 20 18 16 28 26 23 84 21 19 175 47 19 15 9 6 7 8 31 126 25 126 31 101 96 38 325 22 14 37 13 12 18 15 17 19 18 18 23 26 40 25 29 28 20 13 12 17 25 18 14 93 102 38 73 17 15 18 150 497 14 33 9 38 8 33 33
336 54 162 67 0 0 91 60 60 58 56 120 198 178 82 79 65 51 46 38 38 42 38 30 61 23 28 27 43 95 44 28 91 60 19 24 43 30 28 18 19 13 10 10 30 11 17 23 120 21 70 372 29 30 21 29 19 18 16 34 16 20 21 26 17 43 220 31 25 17 16 18 376 124 16 83 16 17 17 13 12 11 25 63 54 15 29 21 21 11 6 3 40 4 8 32
54 51 87 56 0 100 99 72 60 59 58 115 148 145 87 65 0 61 61 47 48 50 56 183 28 35 81 39 25 28 176 812 30 21 17 21 222 23 22 38 20 45 33 20 65 10 12 16 26 14 31 87 217 39 20 47 23 14 15 16 18 20 19 33 16 19 16 19 19 17 28 14 12 23 102 13 15 18 18 13 56 9 10 23 12 16 17 16 147 8 5 3 17 9 14 10
47 44 62 54 67 99 89 64 58 58 70 108 112 122 118 93 66 63 61 56 51 61 71 56 51 33 49 58 86 39 27 55 23 34 138 22 41 23 19 19 23 22 18 29 287 24 16 18 21 42 15 16 45 15 31 23 28 21 21 45 17 16 16 23 30 121 213 25 18 73 16 16 114 35 0 83 0 42 46 14 10 10 10 9 9 10 11 93 45 7 3 3 7 110 146 9
51 58 807 235 82 67 59 59 97 107 109 117 108 100 95 99 74 93 81 65 60 63 69 54 23 30 26 24 27 30 22 77 23 16 16 61 47 32 25 18 60 35 30 24 18 21 15 26 205 17 19 16 19 84 56 260 59 47 214 61 16 27 17 18 15 17 14 14 15 17 18 13 11 14 13 63 13 17 14 9 54 10 8 9 7 7 8 76 9 8 4 6 16 35 7 7
86 92 688 433 99 87 70 68 132 150 163 120 91 92 122 127 168 562 512 77 77 67 51 166 50 29 35 28 85 36 23 18 18 17 88 16 56 143 191 43 27 24 27 26 19 21 67 20 22 18 17 45 22 25 30 49 23 17 19 19 22 16 14 35 33 8 26 9 14 11 51 84 8 14 8 8 8 8 7 6 9 10 21 8 9 9 9 10 11 8 4 4 6 6 5 5
179 91 74 83 155 79 73 82 103 98 117 110 104 86 348 316 106 135 153 94 105 82 61 33 28 33 29 27 28 29 26 14 13 17 16 17 15 28 118 32 31 28 60 68 25 22 31 56 252 29 19 20 22 37 523 34 24 23 22 22 29 13 28 13 10 7 23 274 0 29 11 49 9 23 7 7 6 7 6 6 8 8 8 8 11 9 304 10 10 8 6 5 6 6 7 5
501 176 155 380 152 163 111 121 131 178 179 123 108 93 108 104 111 112 108 120 147 147 71 48 30 62 30 44 41 45 24 26 28 27 22 18 15 28 93 73 34 40 82 38 41 37 34 29 32 24 24 152 20 22 46 46 26 28 24 20 58 13 44 11 12 12 11 110 167 16 13 9 12 9 7 7 5 6 120 14 8 8 8 6 9 10 11 7 7 6 19 24 63 162 9 4
306 420 182 218 162 135 152 111 149 177 154 117 120 187 156 168 123 123 109 99 108 80 69 69 96 42 149 51 179 51 39 53 33 75 39 39 366 290 42 35 67 33 48 44 40 186 32 33 37 176 25 27 25 34 39 34 30 28 21 28 15 13 10 13 11 17 14 9 9 11 11 8 9 6 4 3 3 4 4 4 4 5 5 4 5 7 6 7 7 7 8 6 5 13 5 19
150 126 94 97 452 345 109 156 113 144 85 105 318 600 575 452 266 142 149 148 144 92 85 77 111 54 55 74 63 72 74 45 42 192 40 69 415 752 63 43 44 52 47 40 39 57 40 46 405 81 29 26 42 19 24 46 22 22 21 9 9 12 41 6 7 14 78 11 10 6 5 4 8 5 2 3 3 3 3 2 3 3 3 3 4 3 3 3 5 7 137 6 5 5 3 1
