dashboard/data/pop/popdens/gpw_pop_density_hd_1990.asc
ncols 720 
nrows 360
xllcorner -180
yllcorner -90
cellsize .5
NODATA_value -99
[rows 160 to 239 of 360, columns 384 to 479 of 720]
41 37 49 53 38 34 35 31 23 21 18 13 12 11 12 7 2 2 1 1 1 1 1 6 8 3 1 1 6 8 8 6 6 7 8 12 12 7 5 5 10 5 5 6 12 19 36 31 18 29 48 59 93 131 94 82 29 11 9 37 61 23 30 36 32 24 17 19 13 8 7 5 5 7 5 5 4 0 0 0 0 0 0 0 0 0 0 0 0 0 0 0 0 0 0 0
97 52 34 31 18 33 33 24 26 20 15 12 12 12 12 10 2 1 1 1 1 1 1 7 7 1 1 1 5 5 5 12 33 25 12 12 11 7 6 13 15 13 13 13 34 44 77 71 39 62 90 90 99 438 70 40 23 56 159 229 128 43 12 21 32 22 17 20 16 12 2 1 2 2 4 5 3 0 0 0 0 0 0 0 0 0 0 0 0 0 0 0 0 0 0 0
55 28 25 16 5 13 32 39 32 17 13 12 12 12 1 1 1 1 1 1 1 0 0 4 3 1 1 1 5 5 5 24 44 34 13 12 10 8 8 13 13 13 13 13 24 49 79 73 52 72 79 108 128 355 112 50 74 86 73 53 28 10 8 11 15 16 16 20 13 9 3 3 3 4 5 4 3 0 0 0 0 0 0 0 0 0 0 0 0 0 0 0 0 0 0 0
17 4 6 6 5 5 11 22 15 15 14 12 12 11 3 0 0 1 1 1 1 1 0 0 0 1 1 1 3 5 5 18 25 18 13 12 9 8 10 11 11 12 9 8 6 36 53 64 72 58 71 151 171 91 115 94 48 14 16 5 7 9 11 11 11 11 11 8 8 6 5 5 4 4 5 5 4 0 0 0 0 0 0 0 0 0 0 0 0 0 0 0 0 0 0 0
8 4 6 7 5 5 5 15 15 14 9 4 3 6 5 1 0 0 1 1 1 1 0 0 0 0 1 1 1 4 5 5 8 13 13 13 11 10 12 12 11 10 7 5 2 2 19 41 83 185 106 222 160 84 94 74 31 15 5 5 8 10 11 10 9 10 7 6 6 6 6 4 2 3 6 5 0 0 0 0 0 0 0 0 0 0 0 0 0 0 0 0 0 0 0 0
5 6 12 13 11 6 9 12 13 9 4 3 3 4 6 3 1 0 2 2 2 0 0 0 0 0 0 1 1 5 5 5 5 13 13 13 13 13 13 13 10 3 5 5 2 3 35 74 70 91 127 329 205 141 75 53 45 15 9 9 9 11 8 4 4 5 5 5 5 6 15 11 10 8 8 0 0 0 0 0 0 0 0 0 0 0 0 0 0 0 0 0 0 0 0 0
6 6 9 11 10 9 12 12 11 9 9 7 3 4 6 3 1 1 2 2 2 0 0 0 0 0 0 0 1 5 4 4 5 12 13 13 14 14 13 13 10 3 3 3 3 3 29 47 29 44 101 243 283 162 47 28 19 11 4 8 6 6 5 4 4 4 5 5 5 9 15 9 7 7 0 0 0 0 0 0 0 0 0 0 0 0 0 0 0 0 0 0 0 0 0 0
5 5 6 9 9 7 14 10 5 5 9 5 3 4 6 5 1 3 2 2 2 1 0 0 0 0 0 0 1 3 3 3 4 12 13 7 10 13 14 13 10 3 3 3 3 3 6 7 30 69 112 0 219 85 12 7 5 5 8 4 7 7 6 5 4 4 5 6 9 9 9 5 4 4 0 0 0 0 0 0 0 0 0 0 0 0 0 0 0 0 0 0 0 0 0 0
6 6 7 7 7 5 8 9 4 5 8 6 3 4 5 6 8 11 10 6 1 1 1 1 0 0 1 1 1 1 3 4 6 6 9 3 3 6 7 9 8 5 4 3 3 4 5 2 19 36 77 44 68 40 16 3 4 3 3 4 5 7 7 5 6 6 6 9 10 8 7 4 4 0 0 0 0 0 0 0 0 0 0 0 0 0 0 0 0 0 0 0 0 0 0 0
6 7 7 7 7 6 5 4 4 6 5 5 3 2 5 6 6 8 10 6 1 1 5 2 1 1 1 1 1 1 2 3 5 2 2 2 2 4 6 6 6 6 4 4 4 4 4 6 6 7 32 16 29 26 7 4 3 4 4 3 3 3 3 3 3 5 8 10 8 8 8 9 5 0 0 0 0 0 0 0 0 0 0 0 0 0 0 0 0 0 0 0 0 0 0 0
7 7 7 7 8 7 7 10 7 7 7 5 7 6 10 10 8 13 13 8 6 5 5 2 3 2 1 1 1 1 3 4 6 4 2 2 4 6 6 6 6 6 4 4 4 4 4 7 6 3 4 6 7 6 4 3 3 4 3 4 4 3 3 2 2 8 11 11 10 10 10 23 0 0 0 0 0 0 0 0 0 0 0 0 0 0 0 0 0 0 0 0 0 0 0 0
13 9 4 7 8 8 8 12 9 6 7 11 19 172 11 13 9 8 10 9 7 4 3 3 3 3 2 1 1 1 3 3 4 4 3 8 21 22 16 6 7 7 6 5 3 2 3 4 0 1 3 6 7 6 3 2 2 4 3 3 10 5 7 15 12 10 10 10 10 9 9 0 0 0 0 0 0 0 0 0 0 0 0 0 0 0 0 0 0 0 0 0 0 0 0 0
14 4 4 5 6 4 4 5 5 1 3 9 11 13 20 41 22 11 11 6 8 17 10 3 3 3 3 4 4 4 4 7 5 3 4 12 15 36 31 31 9 10 12 12 8 2 3 5 0 1 1 2 5 4 2 2 4 3 3 17 12 7 21 24 16 9 11 12 13 11 9 0 0 0 0 0 0 0 0 0 0 0 0 0 0 0 0 0 0 0 0 0 0 0 0 0
6 4 4 4 4 3 3 4 5 1 1 1 1 10 33 42 30 17 14 11 12 14 5 4 4 4 6 9 9 5 5 11 7 4 7 12 38 128 56 28 22 18 26 18 12 3 3 7 3 1 1 1 1 1 4 3 3 3 5 12 12 12 21 24 16 14 34 40 11 14 0 0 0 0 0 0 0 0 0 0 0 0 0 0 0 0 0 0 0 0 0 0 0 0 0 0
6 6 5 4 4 3 3 3 4 1 1 1 5 20 25 27 22 19 17 21 28 27 5 4 4 4 5 7 7 6 16 23 20 7 7 9 62 99 52 18 47 46 28 21 11 8 3 4 5 1 1 2 1 1 1 1 4 4 7 7 9 25 24 17 13 19 40 50 13 0 0 0 0 0 0 0 0 0 0 0 0 0 0 0 0 0 0 0 0 0 0 0 0 0 0 0
3 3 4 3 3 2 3 3 2 1 1 1 16 21 18 20 18 17 16 17 20 24 19 7 5 5 5 6 6 4 21 26 18 5 3 30 87 107 85 19 42 105 59 22 11 13 7 3 2 3 1 5 4 1 2 3 4 2 7 7 8 13 13 13 18 38 289 150 0 0 0 0 0 0 0 0 0 0 0 0 0 0 0 0 0 0 0 0 0 0 0 0 0 0 0 0
2 1 1 1 1 1 1 1 1 1 1 1 5 5 4 6 7 7 7 6 6 4 5 6 6 5 4 4 4 1 14 15 9 3 3 26 77 85 0 32 33 61 68 66 33 14 23 8 2 5 4 2 2 1 2 3 3 1 7 9 10 12 12 13 45 147 0 0 0 0 0 0 0 0 0 0 0 0 0 0 0 0 0 0 0 0 0 0 0 0 0 0 0 0 0 0
4 1 1 1 1 1 1 1 1 1 1 1 3 4 5 6 6 6 6 7 7 5 4 7 6 7 4 3 1 1 1 3 3 3 7 45 51 0 42 35 30 58 98 133 174 68 66 27 4 10 4 2 1 1 2 3 3 1 5 6 6 10 10 15 0 0 0 0 0 0 0 0 0 0 0 0 0 0 0 0 0 0 0 0 0 0 0 0 0 0 0 0 0 0 0 0
1 1 1 1 1 0 1 1 1 1 1 2 3 5 5 6 6 5 5 6 7 6 4 12 18 19 65 2 2 1 1 6 22 13 42 84 89 61 34 55 74 166 226 167 276 237 130 53 16 22 7 17 9 2 3 2 1 1 4 4 4 14 22 0 0 0 0 0 0 0 0 0 0 0 0 0 0 0 0 0 0 0 0 0 0 0 0 0 0 0 0 0 0 0 0 0
1 1 1 1 1 1 1 2 1 1 1 0 0 5 5 5 5 5 7 5 6 7 5 13 12 7 58 3 3 2 1 2 41 50 81 119 99 65 47 82 182 0 0 214 283 399 168 64 40 26 22 163 39 2 3 2 1 2 4 4 4 44 0 0 0 0 0 0 0 0 0 0 0 0 0 0 0 0 0 0 0 0 0 0 0 0 0 0 0 0 0 0 0 0 0 0
1 1 2 2 2 2 3 3 2 2 1 3 49 6 6 6 8 9 9 8 8 7 6 10 6 4 3 3 4 3 2 2 15 46 52 0 116 62 73 207 0 0 0 0 0 0 191 111 164 102 131 179 23 4 3 13 1 1 6 14 15 0 0 0 0 0 0 0 0 0 0 0 0 0 0 0 0 0 0 0 0 0 0 0 0 0 0 0 0 0 0 0 0 0 0 0
3 1 1 2 1 3 4 3 3 2 1 9 11 8 6 6 5 8 9 9 8 7 6 4 4 4 3 3 4 4 4 6 7 11 76 116 173 113 82 0 0 0 0 0 172 435 192 44 58 258 302 72 28 11 3 5 1 1 6 10 0 0 0 0 0 0 0 0 0 0 0 0 0 0 0 0 0 0 0 0 0 0 0 0 0 0 0 0 0 0 0 0 0 0 0 0
2 2 7 4 1 2 3 3 3 3 7 10 9 9 7 3 2 2 3 5 8 8 7 6 4 4 3 4 4 4 6 7 7 114 114 237 163 51 61 68 0 0 0 0 113 86 22 19 31 609 175 80 38 13 5 5 2 3 4 6 0 0 0 0 0 0 0 0 0 0 0 0 0 0 0 0 0 0 0 0 0 0 0 0 0 0 0 0 0 0 0 0 0 0 0 0
3 3 8 6 1 1 3 4 5 8 8 8 0 8 8 4 2 2 2 2 6 6 7 6 5 4 4 5 5 5 5 7 14 110 0 412 324 55 61 0 0 0 0 99 57 21 11 12 11 15 120 91 18 8 5 4 5 8 6 0 0 0 0 0 0 0 0 0 0 0 0 0 0 0 0 0 0 0 0 0 0 0 0 0 0 0 0 0 0 0 0 0 0 0 0 0
2 3 1 3 3 2 2 3 12 9 6 7 9 9 8 4 2 2 2 2 3 4 4 4 4 7 6 7 7 8 7 8 46 130 267 357 231 108 51 73 125 0 0 104 43 10 8 5 8 10 15 44 16 6 3 6 4 16 0 0 0 0 0 0 0 0 0 0 0 0 0 0 0 0 0 0 0 0 0 0 0 0 0 0 0 0 0 0 0 0 0 0 0 0 0 0
5 4 3 2 3 1 1 1 12 10 7 15 15 15 3 3 3 3 3 3 4 4 10 7 8 9 7 7 11 14 9 9 42 249 184 380 229 36 24 0 87 142 117 58 38 35 17 5 7 11 34 19 15 7 6 28 0 0 0 0 0 0 0 0 0 0 0 0 0 0 0 0 0 0 0 0 0 0 0 0 0 0 0 0 0 0 0 0 0 0 0 0 0 0 0 0
5 5 4 3 3 2 2 1 5 5 25 20 16 14 3 3 3 3 3 3 5 6 26 21 9 8 5 5 14 15 10 16 25 88 285 323 148 51 22 27 50 68 76 54 34 20 10 18 9 132 142 90 25 2 19 33 0 0 0 0 0 0 0 0 0 0 0 0 0 0 0 0 0 0 0 0 0 0 0 0 0 0 0 0 0 0 0 0 0 0 0 0 0 0 0 0
10 10 5 10 9 2 84 88 5 5 10 15 16 19 12 3 3 3 3 3 5 6 24 24 9 6 3 3 15 16 9 10 23 39 0 184 103 12 18 27 27 34 54 53 39 28 0 40 12 20 32 0 15 13 42 0 0 0 0 0 0 0 0 0 0 0 0 0 0 0 0 0 0 0 0 0 0 0 0 0 0 0 0 0 0 0 0 0 0 0 0 0 0 0 0 0
15 14 20 20 15 17 1118 183 14 14 15 19 48 54 36 26 8 10 12 12 11 8 10 10 8 8 3 3 15 17 7 8 14 23 0 109 46 20 13 17 22 35 40 32 39 37 37 39 22 4 4 26 45 60 45 0 0 0 0 0 0 0 0 0 0 0 0 0 0 0 0 0 0 0 0 0 0 0 0 0 0 0 0 0 0 0 0 0 0 0 0 0 0 0 0 0
67 35 41 20 26 25 31 22 16 16 16 31 47 59 40 29 15 12 12 12 17 13 7 6 7 7 3 7 17 16 7 7 7 17 0 30 33 26 12 10 10 21 25 23 34 30 30 27 19 4 4 7 74 68 57 0 0 0 0 0 0 0 0 0 0 0 0 0 0 0 0 0 0 0 0 0 0 0 0 0 0 0 0 0 0 0 0 0 0 0 0 0 0 0 0 0
23 67 64 30 31 52 37 29 18 16 16 33 36 45 30 28 17 12 14 18 23 16 10 7 7 9 8 8 14 16 16 10 6 11 0 0 19 22 17 10 10 9 9 10 25 30 28 27 17 4 7 19 29 47 468 0 0 0 0 0 0 0 0 0 0 0 0 0 0 0 0 0 0 0 0 0 0 0 0 0 0 0 0 0 0 0 0 0 0 0 0 0 0 0 0 0
23 43 82 45 21 40 31 23 17 18 15 18 22 22 22 23 19 19 16 18 75 70 41 36 14 12 8 8 12 14 10 6 8 11 11 0 13 6 8 8 9 9 9 9 6 9 17 34 30 10 14 21 20 22 0 0 0 0 0 0 0 0 0 0 0 0 0 0 0 0 0 0 0 0 0 0 0 0 0 0 0 0 0 0 0 0 0 0 0 0 0 0 0 0 0 0
6 5 5 5 5 7 13 13 13 14 13 7 7 11 15 23 27 27 25 24 32 29 60 291 20 15 12 9 9 8 8 7 7 11 11 0 21 6 6 6 7 9 9 8 5 5 20 35 33 29 27 29 20 19 0 0 0 0 0 0 0 0 0 0 0 0 0 0 0 0 0 0 0 0 0 0 0 0 0 0 0 0 0 0 0 0 0 0 0 0 0 0 0 0 0 0
0 5 5 5 9 12 13 13 13 13 13 12 9 6 6 12 26 26 27 24 22 24 33 54 58 31 12 11 8 6 7 7 6 10 11 0 0 7 6 6 6 8 9 5 5 6 26 35 31 28 27 30 28 30 823 0 0 0 0 0 0 0 0 0 0 0 0 0 0 0 0 0 0 0 0 0 0 0 0 0 0 0 0 0 0 0 0 0 0 0 0 0 0 0 0 0
0 0 5 7 13 13 13 13 13 13 13 13 13 6 5 3 3 15 16 16 18 18 26 32 12 8 10 11 12 7 6 6 6 9 12 12 0 0 9 6 6 7 7 6 7 16 18 20 25 26 28 30 29 26 26 0 0 0 0 0 0 0 0 0 0 0 0 0 0 0 0 0 0 0 0 0 0 0 0 0 0 0 0 0 0 0 0 0 0 0 0 0 0 0 0 0
0 0 5 5 9 12 13 13 11 10 11 13 7 5 4 3 3 3 3 5 12 13 22 24 8 5 6 9 18 19 18 13 6 10 10 11 12 0 12 21 0 7 7 14 22 23 18 18 18 18 24 23 15 13 13 0 0 0 0 0 0 0 0 0 0 0 0 0 0 0 0 0 0 0 0 0 0 0 0 0 0 0 0 0 0 0 0 0 0 0 0 0 0 0 0 0
0 0 0 5 6 11 15 14 10 10 10 5 3 3 3 3 3 3 3 3 4 4 4 6 7 5 5 9 16 18 12 6 7 8 10 10 9 11 22 28 30 0 8 24 28 28 25 23 14 9 13 5 6 11 12 0 0 0 0 0 0 0 0 0 0 0 0 0 0 0 0 0 0 0 0 0 0 0 0 0 0 0 0 0 0 0 0 0 0 0 0 0 0 0 0 0
0 0 0 75 10 15 15 12 10 10 10 4 3 3 3 3 3 2 2 2 4 4 4 6 5 5 5 14 0 12 5 6 7 0 15 0 5 8 12 23 34 31 22 28 29 29 24 16 7 6 5 1 1 8 12 0 0 0 0 0 0 0 0 0 0 0 0 0 0 0 0 0 0 0 0 0 0 0 0 0 0 0 0 0 0 0 0 0 0 0 0 0 0 0 0 0
0 0 276 5 12 15 14 11 10 10 9 3 3 3 3 3 2 2 2 3 5 5 5 5 5 5 5 14 15 4 4 6 8 0 10 4 5 8 8 8 14 27 43 102 37 30 29 13 6 6 4 1 1 8 12 0 0 0 0 0 0 0 0 0 0 0 0 0 0 0 0 0 0 0 0 0 0 0 0 0 0 0 0 0 0 0 0 0 0 0 0 0 0 0 0 0
0 0 0 5 8 13 11 11 11 10 10 6 3 3 3 3 2 2 2 2 4 5 5 5 5 5 5 8 8 5 4 5 6 12 9 7 4 6 8 9 8 9 21 57 30 22 18 9 9 7 2 1 1 14 29 0 0 0 0 0 0 0 0 0 0 0 0 0 0 0 0 0 0 0 0 0 0 0 0 0 0 0 0 0 0 0 0 0 0 0 0 0 0 0 0 0
0 0 0 7 7 11 12 12 11 10 10 10 7 3 2 2 2 2 2 2 4 6 6 6 13 17 13 11 7 8 6 6 6 10 11 8 6 8 9 9 6 8 11 32 0 22 15 10 10 9 4 4 12 25 43 45 61 0 0 0 0 0 0 0 0 0 0 0 0 0 0 0 0 0 0 0 0 0 0 0 0 0 0 0 0 0 0 0 0 0 0 0 0 0 0 0
0 0 0 12 12 12 12 12 12 13 11 10 10 5 2 2 2 2 2 2 3 6 5 5 10 17 17 0 9 18 14 6 6 10 10 9 8 8 7 6 5 3 7 20 0 36 19 10 10 10 9 11 28 34 64 60 21 0 0 0 0 0 0 0 0 0 0 0 0 0 0 0 0 0 0 0 0 0 0 0 0 0 0 0 0 0 0 0 0 0 0 0 0 0 0 0
0 0 0 0 12 12 12 14 16 15 15 10 10 12 5 2 2 2 2 2 2 2 2 2 7 13 13 18 19 20 18 24 9 9 9 0 9 5 4 6 4 3 16 40 0 36 25 10 10 10 9 8 21 21 15 11 16 0 0 0 0 0 0 0 0 0 0 0 0 0 0 0 0 0 0 0 0 0 0 0 0 0 0 0 0 0 0 0 0 0 0 0 0 0 0 0
0 0 0 0 13 12 19 44 40 16 15 14 15 13 2 2 2 2 2 2 2 2 2 2 4 4 6 13 18 18 130 110 8 9 9 10 7 3 3 3 3 3 22 41 0 0 9 4 4 4 4 2 1 6 6 17 21 0 0 0 0 0 261 0 0 0 0 0 0 0 0 0 0 0 0 0 0 0 0 0 0 0 0 0 0 0 0 0 0 0 0 0 0 0 0 0
0 0 0 16 16 15 41 45 40 15 15 15 15 6 2 2 2 2 2 2 2 2 2 2 4 4 4 4 4 4 18 52 28 6 8 6 4 3 3 3 6 11 22 40 0 0 5 3 1 1 0 1 4 7 6 7 13 0 0 0 0 0 0 0 0 0 0 0 0 0 0 0 0 0 35 0 0 0 0 0 0 0 0 0 0 0 0 0 0 0 0 0 0 0 0 0
0 0 16 16 16 24 44 45 40 15 15 15 9 2 2 2 2 2 2 2 2 2 2 2 4 4 4 4 4 4 7 49 218 55 5 5 4 4 3 3 11 13 43 48 0 7 4 2 1 1 2 2 7 7 6 7 28 0 0 0 0 0 0 0 0 0 0 0 0 0 0 0 0 0 12 0 0 0 0 0 0 0 0 0 0 0 0 0 0 0 0 0 0 0 0 0
0 16 16 16 16 19 40 43 37 16 15 15 3 2 2 2 2 2 2 2 4 4 4 4 4 2 1 2 2 4 7 7 38 44 5 5 4 4 4 17 23 26 55 66 0 0 16 9 1 1 2 2 10 9 17 19 33 0 0 0 0 0 0 0 0 0 0 0 0 0 0 0 0 26 12 11 0 0 0 0 0 0 0 0 0 0 0 0 0 0 0 0 0 0 0 0
0 4 6 14 14 12 13 18 11 15 15 10 1 1 2 2 2 2 2 2 3 4 4 4 3 1 1 2 2 3 8 8 7 6 5 5 5 6 12 23 26 49 128 127 97 0 28 8 2 2 3 3 10 17 23 34 36 0 0 0 0 0 0 0 0 0 0 0 0 0 0 0 19 15 9 20 0 0 0 0 0 0 0 0 0 0 0 0 0 0 0 0 0 0 0 0
0 2 2 8 11 11 11 11 10 1 6 1 1 1 1 1 2 2 2 2 4 4 3 3 3 4 1 1 2 3 8 9 33 9 5 5 10 14 14 27 22 11 42 161 132 0 0 24 11 4 4 8 0 12 16 28 35 0 0 0 0 0 0 0 0 0 0 0 0 0 0 7 7 8 9 27 62 0 0 0 0 0 0 0 0 0 0 0 0 0 0 0 0 0 0 0
2 2 3 10 11 11 11 11 11 2 1 1 1 1 1 1 1 2 2 2 6 5 7 7 5 5 4 5 5 6 7 9 31 9 6 8 13 9 6 3 3 4 4 11 51 114 0 83 17 17 17 17 17 12 14 25 51 96 0 0 0 0 0 0 0 0 0 0 0 0 0 9 15 12 17 29 28 0 0 0 0 0 0 0 0 0 0 0 0 0 0 0 0 0 0 0
2 2 5 11 11 11 11 9 8 3 1 1 1 1 1 1 1 1 1 2 6 7 14 13 6 5 5 5 5 5 6 8 297 11 12 9 3 2 2 2 2 3 5 5 21 101 142 90 18 37 32 19 19 26 114 30 33 0 0 0 0 0 0 0 0 0 0 0 0 0 7 12 12 18 9 27 29 0 0 0 0 0 0 0 0 0 0 0 0 0 0 0 0 0 0 0
2 2 2 10 11 9 8 3 3 3 2 1 1 1 1 1 1 1 1 1 5 5 5 9 4 3 5 4 4 4 15 21 58 13 11 10 10 3 3 3 6 6 7 8 26 165 252 139 24 34 29 24 13 25 39 39 23 0 0 0 0 0 0 0 0 0 0 0 72 8 9 16 11 22 13 15 0 0 0 0 0 0 0 0 0 0 0 0 0 0 0 0 0 0 0 0
2 2 2 7 4 3 3 3 3 3 2 1 1 1 1 1 1 1 1 1 4 4 4 4 3 2 4 4 4 12 37 29 12 14 11 12 15 17 16 19 9 7 8 33 17 76 159 48 23 22 27 26 12 15 52 70 0 0 0 0 0 0 0 0 0 3 3 5 9 24 14 11 6 11 13 21 0 0 0 0 0 0 0 0 0 0 0 0 0 0 0 0 0 0 0 0
2 2 2 3 3 3 3 3 3 3 2 1 1 1 1 1 1 1 1 1 1 4 4 3 2 2 4 5 5 13 21 7 6 0 11 12 14 21 30 34 29 19 7 5 8 26 55 18 19 20 21 33 12 12 44 0 0 0 0 0 0 0 0 0 0 3 3 4 6 15 6 5 4 6 19 18 0 0 0 0 0 0 0 0 0 0 0 0 0 0 0 0 0 0 0 0
1 1 0 2 5 5 5 5 5 5 4 3 1 1 1 1 1 1 1 1 1 1 4 2 2 2 4 5 7 5 19 7 8 14 14 12 35 38 46 31 28 23 6 4 6 10 26 17 18 36 43 37 16 0 0 0 0 0 0 0 0 0 0 0 3 2 2 1 3 5 4 5 23 33 63 0 0 0 0 0 0 0 0 0 0 0 0 0 0 0 0 0 0 0 0 0
0 0 0 0 8 11 11 11 11 11 11 11 3 2 1 1 1 1 1 1 1 2 3 5 6 5 4 24 10 7 11 6 16 19 20 18 32 121 300 42 32 22 7 1 4 12 14 10 8 92 62 0 0 0 0 0 0 0 0 0 0 0 0 0 3 2 2 3 4 5 6 10 29 34 44 0 0 0 0 0 0 0 0 0 0 0 0 0 0 0 0 0 0 0 0 0
0 0 0 0 2 11 11 11 11 11 11 11 3 3 3 3 3 3 2 2 1 1 1 4 1 1 1 4 4 4 6 8 19 19 21 22 31 75 79 35 31 27 11 2 6 6 3 11 26 59 0 0 0 0 0 0 0 0 0 0 0 0 0 0 7 2 2 5 5 7 14 24 26 11 64 0 0 0 0 0 0 0 0 0 0 0 0 0 0 0 0 0 0 0 0 0
0 0 0 0 0 3 3 2 2 2 4 6 2 2 2 3 3 3 1 1 1 1 1 1 1 1 1 2 4 4 5 10 15 21 26 26 23 27 19 26 40 46 22 12 9 3 2 6 24 0 0 0 0 0 0 0 0 0 0 0 0 0 0 0 3 2 3 18 13 37 116 337 18 19 0 0 0 0 0 0 0 0 0 0 0 0 0 0 0 0 0 0 0 0 0 0
0 0 1 1 0 0 0 0 1 2 1 2 1 1 1 1 1 1 1 1 1 1 1 1 1 1 3 3 4 5 9 11 9 14 28 31 20 19 25 34 52 41 17 60 23 12 2 0 0 0 0 0 0 0 0 0 0 0 0 0 0 0 0 0 0 5 3 5 26 50 95 74 13 26 0 0 0 0 0 0 0 0 0 0 0 0 0 0 0 0 0 0 0 0 0 0
0 0 1 1 1 0 0 0 0 1 1 1 1 1 0 0 0 0 1 1 1 1 1 1 1 1 3 3 3 8 13 12 9 7 13 27 22 25 27 30 40 29 10 12 19 184 0 0 0 0 0 0 0 0 0 0 0 0 0 0 0 0 0 0 0 5 0 8 21 46 141 48 22 52 0 0 0 0 0 0 0 0 0 0 0 0 0 0 0 0 0 0 0 0 0 0
0 0 0 1 1 1 0 0 1 1 1 1 1 1 1 1 0 0 1 1 1 1 1 1 1 1 2 3 3 3 8 12 68 165 12 19 37 34 46 35 38 43 12 9 15 0 0 0 0 0 0 0 0 0 0 0 0 0 0 0 0 0 0 0 0 9 6 5 5 24 59 27 27 0 0 0 0 0 0 0 0 0 0 0 0 0 0 0 0 0 0 565 0 0 0 0
0 0 0 1 1 1 1 1 1 1 1 1 1 1 0 0 0 0 1 1 1 1 1 1 0 2 1 2 3 3 11 15 17 17 10 27 33 32 28 17 37 15 6 6 10 9 0 0 0 0 0 0 0 0 0 0 0 0 0 0 0 0 0 0 4 3 2 3 3 27 49 34 37 0 0 0 0 0 0 0 0 0 0 0 0 0 0 0 0 0 0 0 0 0 0 0
0 0 0 0 1 1 1 1 1 1 1 1 1 1 1 0 0 0 0 0 0 0 0 0 0 0 0 0 2 2 6 17 17 16 11 11 9 8 9 10 17 3 4 3 6 6 0 0 0 0 0 0 0 0 0 0 0 0 0 0 0 0 0 4 5 3 2 2 5 28 69 25 28 0 0 0 0 0 0 0 0 0 0 0 0 0 0 0 0 0 0 0 0 0 0 0
0 0 0 0 0 1 1 1 1 1 1 2 1 1 1 1 0 0 0 0 0 0 0 0 0 0 0 1 2 2 3 5 7 9 8 6 6 7 9 9 2 1 2 2 2 6 9 0 0 0 0 0 0 0 0 0 0 0 0 0 0 0 0 13 3 4 4 2 7 47 82 27 0 0 0 0 0 0 0 0 0 0 0 0 0 0 0 0 0 0 0 0 0 0 0 0
0 0 0 0 0 1 1 1 1 2 3 4 1 1 1 1 0 0 0 0 0 0 0 0 0 0 1 2 2 2 5 5 5 5 4 4 8 15 10 2 1 1 1 2 4 16 15 0 0 0 0 0 0 0 0 0 0 0 0 0 0 0 7 8 5 5 3 3 10 14 19 55 0 0 0 0 0 0 0 0 0 0 0 0 0 0 0 0 0 0 0 0 0 0 0 0
0 0 0 0 0 5 1 1 4 5 4 4 3 1 1 1 0 0 0 0 0 0 0 0 0 0 1 3 4 5 6 6 5 16 3 5 45 71 2 1 1 1 1 2 3 18 20 0 0 0 0 0 0 0 0 0 0 0 0 0 0 0 0 16 10 4 3 5 5 6 20 0 0 0 0 0 0 0 0 0 0 0 0 0 0 0 0 0 0 0 0 0 0 0 0 0
0 0 0 0 0 4 0 2 5 3 2 4 4 1 1 0 0 0 0 0 0 0 1 1 1 1 4 8 8 7 6 10 20 50 26 36 122 83 3 1 0 2 1 1 2 9 26 0 0 0 0 0 0 0 0 0 0 0 0 0 0 0 0 50 10 5 3 6 8 4 23 0 0 0 0 0 0 0 0 0 0 0 0 0 0 0 0 0 0 0 0 0 0 0 0 0
0 0 0 0 0 0 0 2 4 2 2 2 1 1 1 1 0 0 0 0 0 0 3 4 4 4 5 7 8 7 3 3 8 77 56 41 70 53 20 2 2 2 6 6 4 11 81 0 0 0 0 0 0 0 0 0 0 0 0 0 0 0 0 15 14 17 8 8 7 5 16 0 0 0 0 0 0 0 0 0 0 0 0 0 0 0 0 0 0 0 0 0 0 0 0 0
0 0 0 0 0 0 0 0 1 1 1 1 1 1 1 1 0 0 0 0 0 0 4 4 4 4 4 7 7 6 4 4 5 12 28 82 88 33 4 3 4 20 13 26 9 13 33 0 0 0 0 0 0 0 0 0 0 0 0 0 0 0 0 0 8 14 14 11 6 8 11 0 0 0 0 0 0 0 0 0 0 0 0 0 0 0 0 0 0 0 0 0 0 0 0 0
0 0 0 0 0 0 0 0 0 0 0 1 1 1 1 1 0 0 0 0 0 0 3 4 5 6 5 42 15 13 6 12 6 45 31 96 33 30 122 7 5 20 40 48 46 0 0 0 0 0 0 0 0 0 0 0 0 0 0 0 0 0 0 0 9 12 17 12 16 19 37 0 0 0 0 0 0 0 0 0 0 0 0 0 0 0 0 0 0 0 0 0 0 0 0 0
0 0 0 0 0 0 0 0 0 0 0 1 1 1 1 1 2 0 0 0 0 1 2 1 3 6 6 43 12 26 55 142 173 112 54 28 6 10 101 8 6 32 62 0 0 0 0 0 0 0 0 0 0 0 0 0 0 0 0 0 0 0 0 0 0 8 13 29 0 0 0 0 0 0 0 0 0 0 0 0 0 0 0 0 0 0 0 0 0 0 0 0 0 0 0 0
0 0 0 0 0 0 0 0 0 0 0 1 1 1 1 1 2 1 0 0 1 2 3 3 3 23 30 25 7 9 72 135 348 26 37 16 7 21 52 105 23 639 0 0 0 0 0 0 0 0 0 0 0 0 0 0 0 0 0 0 0 0 0 0 0 0 0 0 0 0 0 0 0 0 0 0 0 0 0 0 0 0 0 0 0 0 0 0 0 0 0 0 0 0 0 0
0 0 0 0 0 0 0 0 0 0 0 1 1 1 1 1 2 1 0 1 1 4 10 7 3 3 31 36 13 9 88 561 881 77 43 15 10 53 59 37 27 0 0 0 0 0 0 0 0 0 0 0 0 0 0 0 0 0 0 0 0 0 0 0 0 0 0 0 0 0 0 0 0 0 0 0 0 0 0 0 0 0 0 0 0 0 0 0 0 0 0 0 0 0 0 0
0 0 0 0 0 0 0 0 0 0 0 0 1 1 1 1 2 1 1 1 1 3 11 9 4 3 9 11 50 60 42 189 104 20 24 15 13 26 54 30 17 12 0 0 0 0 0 0 0 0 0 0 0 0 0 0 0 0 0 0 0 0 0 0 0 0 0 0 0 0 0 0 0 0 0 0 0 0 0 0 0 0 0 0 0 0 0 0 0 0 0 0 0 0 0 0
0 0 0 0 0 0 0 0 0 0 0 0 1 0 0 0 2 2 2 2 3 2 8 11 3 17 9 10 20 23 16 13 11 10 9 13 10 19 56 53 35 0 0 0 0 0 0 0 0 0 0 0 0 0 0 0 0 0 0 0 0 0 0 0 0 0 0 0 0 0 0 0 0 0 0 0 0 0 0 0 0 0 0 0 0 0 0 0 0 0 0 0 0 0 0 0
0 0 0 0 0 0 0 0 0 0 0 0 0 0 0 0 2 2 2 3 3 3 2 3 11 45 8 8 12 87 23 14 11 8 7 16 114 19 17 44 23 0 0 0 0 0 0 0 0 0 0 0 0 0 0 0 0 0 0 0 0 0 0 0 0 0 0 0 0 0 0 0 0 0 0 0 0 0 0 0 0 0 0 0 0 0 0 0 0 0 0 0 0 0 0 0
0 0 0 0 0 0 0 0 0 1 1 0 0 0 0 0 2 2 2 2 3 3 3 4 6 13 3 6 9 74 11 10 18 60 9 29 29 69 35 70 53 0 0 0 0 0 0 0 0 0 0 0 0 0 0 0 0 0 0 0 0 0 0 0 0 0 0 0 0 0 0 0 0 0 0 0 0 0 0 0 0 0 0 0 0 0 0 0 0 0 0 0 0 0 0 0
0 0 0 0 0 0 0 0 0 2 1 1 1 1 0 0 1 2 1 1 2 1 1 3 33 28 3 10 14 9 9 27 57 113 50 29 69 60 65 112 0 0 0 0 0 0 0 0 0 0 0 0 0 0 0 0 0 0 0 0 0 0 0 0 0 0 0 0 0 0 0 0 0 0 0 0 0 0 0 0 0 0 0 0 0 0 0 0 0 0 0 0 0 0 0 0
0 0 0 0 0 0 0 0 0 0 2 2 2 2 1 0 0 0 0 1 1 1 2 3 4 6 3 27 42 102 18 92 77 37 18 29 32 90 104 0 0 0 0 0 0 0 0 0 0 0 0 0 0 0 0 0 0 0 0 0 0 0 0 0 0 0 0 0 0 0 0 0 0 0 0 0 0 0 0 0 0 0 0 0 0 0 0 0 0 0 0 0 0 0 0 0
0 0 0 0 0 0 0 0 0 0 2 2 2 2 1 0 0 0 0 1 2 2 2 2 2 2 2 3 3 5 58 86 53 28 14 51 155 711 0 0 0 0 0 0 0 0 0 0 0 0 0 0 0 0 0 0 0 0 0 0 0 0 0 0 0 0 0 0 0 0 0 0 0 0 0 0 0 0 0 0 0 0 0 0 0 0 0 0 0 0 0 0 0 0 0 0
