dashboard/data/pop/popdens/gpw_pop_density_1d_1990.asc
ncols 360
nrows 180
xllcorner -180
yllcorner -90
cellsize 1
NODATA_value -99
[rows 0 to 78 of 180, columns 192 to 287 of 360]
-99 -99 -99 -99 -99 -99 -99 -99 -99 -99 -99 -99 -99 -99 -99 -99 -99 -99 -99 -99 -99 -99 -99 -99 -99 -99 -99 -99 -99 -99 -99 -99 -99 -99 -99 -99 -99 -99 -99 -99 -99 -99 -99 -99 -99 -99 -99 -99 -99 -99 -99 -99 -99 -99 -99 -99 -99 -99 -99 -99 -99 -99 -99 -99 -99 -99 -99 -99 -99 -99 -99 -99 -99 -99 -99 -99 -99 -99 -99 -99 -99 -99 -99 -99 -99 -99 -99 -99 -99 -99 -99 -99 -99 -99 -99 -99
-99 -99 -99 -99 -99 -99 -99 -99 -99 -99 -99 -99 -99 -99 -99 -99 -99 -99 -99 -99 -99 -99 -99 -99 -99 -99 -99 -99 -99 -99 -99 -99 -99 -99 -99 -99 -99 -99 -99 -99 -99 -99 -99 -99 -99 -99 -99 -99 -99 -99 -99 -99 -99 -99 -99 -99 -99 -99 -99 -99 -99 -99 -99 -99 -99 -99 -99 -99 -99 -99 -99 -99 -99 -99 -99 -99 -99 -99 -99 -99 -99 -99 -99 -99 -99 -99 -99 -99 -99 -99 -99 -99 -99 -99 -99 -99
-99 -99 -99 -99 -99 -99 -99 -99 -99 -99 -99 -99 -99 -99 -99 -99 -99 -99 -99 -99 -99 -99 -99 -99 -99 -99 -99 -99 -99 -99 -99 -99 -99 -99 -99 -99 -99 -99 -99 -99 -99 -99 -99 -99 -99 -99 -99 -99 -99 -99 -99 -99 -99 -99 -99 -99 -99 -99 -99 -99 -99 -99 -99 -99 -99 -99 -99 -99 -99 -99 -99 -99 -99 -99 -99 -99 -99 -99 -99 -99 -99 -99 -99 -99 -99 -99 -99 -99 -99 -99 -99 -99 -99 -99 -99 -99
-99 -99 -99 -99 -99 -99 -99 -99 -99 -99 -99 -99 -99 -99 -99 -99 -99 -99 -99 -99 -99 -99 -99 -99 -99 -99 -99 -99 -99 -99 -99 -99 -99 -99 -99 -99 -99 -99 -99 -99 -99 -99 -99 -99 -99 -99 -99 -99 -99 -99 -99 -99 -99 -99 -99 -99 -99 -99 -99 -99 -99 -99 -99 -99 -99 -99 -99 -99 -99 -99 -99 -99 -99 -99 -99 -99 -99 -99 -99 -99 -99 -99 -99 -99 -99 -99 -99 -99 -99 -99 -99 -99 -99 -99 -99 -99
-99 -99 -99 -99 -99 -99 -99 -99 -99 -99 -99 -99 -99 -99 -99 -99 -99 -99 -99 -99 -99 -99 -99 -99 -99 -99 -99 -99 -99 -99 -99 -99 -99 -99 -99 -99 -99 -99 -99 -99 -99 -99 -99 -99 -99 -99 -99 -99 -99 -99 -99 -99 -99 -99 -99 -99 -99 -99 -99 -99 -99 -99 -99 -99 -99 -99 -99 -99 -99 -99 -99 -99 -99 -99 -99 -99 -99 -99 -99 -99 -99 -99 -99 -99 -99 -99 -99 -99 -99 -99 -99 -99 -99 -99 -99 -99
0 0 0 0 0 0 0 0 0 0 0 0 0 0 0 0 0 0 0 0 0 0 0 0 0 0 0 0 0 0 0 0 0 0 0 0 0 0 0 0 0 0 0 0 0 0 0 0 0 0 0 0 0 0 0 0 0 0 0 0 0 0 0 0 0 0 0 0 0 0 0 0 0 0 0 0 0 0 0 0 0 0 0 0 0 0 0 0 0 0 0 0 0 0 0 0
0 0 0 0 0 0 0 0 0 0 0 0 0 0 0 0 0 0 0 0 0 0 0 0 0 0 0 0 0 0 0 0 0 0 0 0 0 0 0 0 0 0 0 0 0 0 0 0 0 0 0 0 0 0 0 0 0 0 0 0 0 0 0 0 0 0 0 0 0 0 0 0 0 0 0 0 0 0 0 0 0 0 0 0 0 0 0 0 0 0 0 0 0 0 0 0
0 0 0 0 0 0 0 0 0 0 0 0 0 0 0 0 0 0 0 0 0 0 0 0 0 0 0 0 0 0 0 0 0 0 0 0 0 0 0 0 0 0 0 0 0 0 0 0 0 0 0 0 0 0 0 0 0 0 0 0 0 0 0 0 0 0 0 0 0 0 0 0 0 0 0 0 0 0 0 0 0 0 0 0 0 0 0 0 0 0 0 0 0 0 0 0
0 0 0 0 0 0 0 0 0 0 0 0 0 0 0 0 0 0 0 0 0 0 0 0 0 0 0 0 0 0 0 0 0 0 0 0 0 0 0 0 0 0 0 0 0 0 0 0 0 0 0 0 0 0 0 0 0 0 0 0 0 0 0 0 0 0 0 0 0 0 0 0 0 0 0 0 0 0 0 0 0 0 0 0 0 0 0 0 0 0 0 0 0 0 0 0
0 0 0 0 0 0 0 0 0 0 0 0 0 0 0 0 0 0 0 0 0 0 0 0 0 0 0 0 0 0 0 0 0 0 0 0 0 0 0 0 0 0 0 0 0 0 0 0 0 0 0 0 0 0 0 0 0 0 0 0 0 0 0 0 0 0 0 0 0 0 0 0 0 0 0 0 0 0 0 0 0 0 0 0 0 0 0 0 0 0 0 0 0 0 0 0
0 0 0 0 0 0 0 0 0 0 0 0 0 0 0 0 0 0 0 0 0 0 0 0 0 0 0 0 0 0 0 0 0 0 0 0 0 0 0 0 0 0 0 0 0 0 0 0 0 0 0 0 0 0 0 0 0 0 0 0 0 0 0 0 0 0 0 0 0 0 0 0 0 0 0 0 0 0 0 0 0 0 0 0 0 0 0 0 0 0 0 0 0 0 0 0
0 0 0 0 0 0 0 0 0 0 0 0 0 0 0 0 0 0 0 0 0 0 0 0 0 0 0 0 0 0 0 0 0 0 0 0 0 0 0 0 0 0 0 0 0 0 0 0 0 0 0 0 0 0 0 0 0 0 0 0 0 0 0 0 0 0 0 0 0 0 0 0 0 0 0 0 0 0 0 0 0 0 0 0 0 0 0 0 0 0 0 0 0 0 0 0
0 0 0 0 0 0 0 0 0 0 0 0 0 0 0 0 0 0 0 0 0 0 0 0 0 0 0 0 0 0 0 0 0 0 0 0 0 0 0 0 0 0 0 0 0 0 0 0 0 0 0 0 0 0 0 0 0 0 0 0 0 0 0 0 0 0 0 0 0 0 0 0 0 0 0 0 0 0 0 0 0 0 0 0 0 0 0 0 0 0 0 0 0 0 0 0
0 0 0 0 0 0 0 0 0 0 0 0 0 0 0 0 0 0 0 0 0 0 0 0 0 0 0 0 0 0 0 0 0 0 0 0 0 0 0 0 0 0 0 0 0 0 0 0 0 0 0 0 0 0 0 0 0 0 0 0 0 0 0 0 0 0 0 0 0 0 0 0 0 0 0 0 0 0 0 0 0 0 0 0 0 0 0 0 0 0 0 0 0 0 0 0
0 0 0 0 0 0 0 0 0 0 0 0 0 0 0 0 0 0 0 0 0 0 0 0 0 0 0 0 0 0 0 0 0 0 0 0 0 0 0 0 0 0 0 0 0 0 0 0 0 0 0 0 0 0 0 0 0 0 0 0 0 0 0 0 0 0 0 0 0 0 0 0 0 0 0 0 0 0 0 0 0 0 0 0 0 0 0 0 0 0 0 0 0 0 0 0
0 0 0 0 0 0 0 0 0 0 0 0 0 0 0 0 0 0 0 0 0 0 0 0 0 0 0 0 0 0 0 0 0 0 0 0 0 0 0 0 0 0 0 0 0 0 0 0 0 0 0 0 0 0 0 0 0 0 0 0 0 0 0 0 0 0 0 0 0 0 0 0 0 0 0 0 0 0 0 0 0 0 0 0 0 0 0 0 0 0 0 0 0 0 0 0
0 0 0 0 0 0 0 0 0 0 0 0 0 0 0 0 0 0 0 0 0 0 0 0 0 0 0 0 0 0 0 0 0 0 0 0 0 0 0 0 0 0 0 0 0 0 0 0 0 0 0 0 0 0 0 0 0 0 0 0 0 0 0 0 0 0 0 0 0 0 0 0 0 0 0 0 0 0 0 0 0 0 0 0 0 0 0 0 0 0 0 0 0 0 0 0
0 0 0 0 0 0 0 0 0 0 0 0 0 0 0 0 0 0 0 0 0 0 0 0 0 0 0 0 0 0 0 0 0 0 0 0 0 0 0 0 0 0 0 0 0 0 0 0 0 0 0 0 0 0 0 0 0 0 0 0 0 0 0 0 0 0 0 0 0 0 0 0 0 0 0 0 0 0 0 0 0 0 0 0 0 0 0 0 0 0 0 0 0 0 0 0
0 0 0 0 0 0 0 0 0 0 0 0 0 0 0 0 0 0 0 0 0 0 0 0 0 0 0 0 0 0 0 0 0 0 0 0 0 0 0 0 0 0 0 0 0 0 0 0 0 0 0 0 0 0 0 0 0 0 0 0 0 0 0 0 0 0 0 0 0 0 0 0 0 0 0 0 0 0 0 0 0 0 0 0 0 0 0 0 0 0 0 0 0 0 0 0
0 0 0 0 0 0 0 0 0 0 0 5 0 2 1 1 1 3 0 0 0 0 0 0 0 0 0 0 0 0 0 0 0 0 0 0 0 0 0 0 0 0 0 0 0 0 0 0 0 0 0 0 0 0 0 0 0 0 0 0 0 0 0 0 0 0 0 0 0 0 0 0 0 0 0 0 0 0 0 0 0 0 0 0 0 0 0 0 0 0 0 0 0 0 0 0
0 0 0 0 0 0 11 10 2 1 1 1 1 1 0 0 1 3 4 4 20 0 0 0 0 0 0 0 0 0 0 0 0 0 0 0 0 0 0 0 0 0 0 0 0 0 0 0 0 0 0 0 0 0 0 0 0 0 0 0 0 0 0 0 0 0 0 0 0 0 0 0 0 0 0 0 64 0 0 0 0 0 0 0 0 0 0 0 0 0 0 0 0 0 0 0
0 0 0 9 12 7 2 2 1 1 1 1 0 1 1 1 2 4 4 4 20 39 1 1 5 5 0 0 0 0 0 0 0 0 0 0 0 0 0 0 0 0 0 0 0 0 0 0 0 0 0 0 2 1 0 0 0 0 0 0 0 0 0 0 0 0 0 0 0 0 0 0 0 0 0 0 0 0 0 0 0 0 0 0 0 0 0 0 0 0 0 0 0 0 0 0
0 0 0 5 2 1 1 1 1 1 1 1 1 1 1 1 0 3 7 10 28 22 7 0 0 0 0 0 0 0 0 0 0 0 0 0 0 0 0 0 0 0 6 0 0 0 0 0 0 0 3 8 11 7 0 0 0 0 0 0 0 0 0 0 0 0 0 0 0 0 0 0 0 1 1 1 0 0 0 0 0 0 0 0 0 0 0 0 0 0 0 0 0 0 0 0
0 6 4 2 0 0 0 0 2 4 5 4 5 10 3 3 2 4 3 4 4 1 0 1 1 1 0 0 0 0 0 0 0 0 0 0 0 0 0 0 0 1 1 1 1 12 1 2 2 2 6 6 2 0 13 0 0 0 0 0 0 0 0 0 20 0 0 0 0 0 0 0 0 0 1 0 0 0 0 0 0 0 0 0 0 0 0 0 0 0 0 0 0 0 0 0
7 3 1 1 1 1 2 3 9 14 0 0 0 20 2 2 2 2 1 1 1 1 0 0 0 0 0 0 1 1 1 1 1 1 1 0 1 0 0 0 1 1 1 1 1 14 1 2 2 2 1 0 0 0 0 0 0 0 0 0 10 0 0 0 0 0 0 0 0 0 0 0 0 0 0 0 0 0 0 0 0 0 0 0 0 0 0 0 0 0 0 0 0 0 0 0
2 1 2 1 1 1 2 4 14 0 0 0 17 19 5 8 3 2 8 1 1 2 6 0 0 0 1 79 106 2 2 2 1 1 1 1 1 1 1 1 5 3 1 1 1 1 1 1 0 0 0 0 0 0 0 0 0 0 0 0 0 0 0 0 0 0 0 0 0 0 0 0 0 0 0 0 0 0 0 0 0 0 0 0 0 0 0 0 0 0 0 0 0 0 0 0
3 2 9 5 3 7 9 0 0 0 22 16 7 7 7 14 6 5 3 1 2 3 11 2 2 1 6 2 3 2 2 2 2 1 1 1 1 1 1 2 5 15 4 2 1 4 0 0 0 0 0 0 0 1 3 0 0 0 0 0 0 0 5 17 0 0 0 0 0 0 0 0 0 0 0 0 0 0 0 0 0 0 0 0 0 0 0 0 0 0 0 0 0 0 0 0
1 1 2 3 14 22 0 0 0 12 19 11 9 31 9 27 12 22 7 2 2 2 12 3 2 2 3 3 4 3 2 2 2 1 2 1 2 4 3 2 2 4 4 1 1 1 1 1 0 0 1 1 1 12 1 1 0 0 0 1 1 1 9 1 0 8 0 0 0 0 0 0 0 0 0 0 0 0 0 0 0 0 0 0 0 0 0 0 0 0 0 0 0 0 0 0
2 2 4 5 14 0 0 0 0 53 17 52 25 17 10 15 24 12 15 9 5 5 66 0 3 3 3 3 5 6 6 4 3 3 18 11 2 4 30 18 1 2 2 2 1 1 1 1 1 2 2 2 2 2 1 1 0 6 0 1 17 46 1 8 1 0 0 0 0 0 0 0 0 0 0 0 0 0 0 0 0 0 0 0 0 0 0 0 0 0 0 0 0 0 0 0
7 5 10 24 26 33 0 0 0 0 63 23 142 127 45 20 0 111 148 0 8 8 6 3 3 4 4 5 5 4 4 3 3 3 12 6 4 2 2 1 2 2 2 2 2 2 2 10 3 1 1 1 8 1 1 0 0 0 1 1 7 1 1 0 47 0 7 0 0 0 0 0 0 0 0 0 0 0 0 0 0 0 0 0 0 0 0 0 0 0 0 0 0 0 0 0
13 34 22 38 56 168 217 0 0 0 0 0 0 0 0 0 32 243 530 18 23 18 7 4 4 58 9 61 13 4 4 3 3 4 4 4 5 5 3 4 6 5 11 5 54 11 13 7 32 3 1 1 1 1 1 1 1 0 0 1 1 1 1 1 0 0 0 0 0 0 0 1 1 1 1 0 0 0 0 0 0 0 1 1 1 1 1 1 1 1 0 0 0 0 0 0
42 39 0 42 37 0 0 0 0 0 13 0 18 19 32 0 6 13 8 57 7 10 15 8 7 9 0 10 11 12 8 6 7 11 6 6 15 96 35 10 28 8 13 28 141 40 9 29 23 4 4 4 2 8 1 2 19 1 1 1 0 1 1 1 0 0 0 0 0 1 6 2 1 1 1 1 0 0 0 0 16 1 1 1 1 1 1 1 1 1 20 1 0 0 0 0
93 28 31 14 20 0 18 0 0 0 20 0 120 23 17 16 46 10 7 11 6 17 23 18 12 13 56 128 90 55 33 9 8 12 13 11 13 13 8 8 14 16 29 22 92 11 7 51 56 44 9 17 8 90 5 4 2 2 2 2 2 3 2 2 1 1 1 0 1 1 2 4 5 9 2 1 1 1 1 1 2 3 2 2 2 1 1 2 2 1 1 3 2 0 1 1
0 33 33 29 0 0 0 0 0 38 30 61 85 24 26 21 12 10 26 8 9 6 21 70 66 67 75 27 115 72 29 292 68 13 16 146 21 24 22 23 25 131 47 17 16 18 13 29 241 52 30 24 10 10 17 6 6 15 6 4 2 4 9 4 3 2 1 1 1 1 2 5 75 12 22 10 5 7 31 4 103 17 6 22 6 4 5 2 2 51 3 4 3 10 1 1
584 120 0 0 0 0 0 0 0 79 32 54 49 27 34 21 39 15 66 9 12 15 16 21 93 1660 219 52 29 24 54 49 22 21 32 50 71 192 28 45 110 16 24 21 14 11 11 41 41 197 11 11 12 63 7 7 6 8 6 7 11 95 13 7 7 5 16 2 3 5 108 47 25 15 99 4 4 14 7 4 40 5 11 3 4 1 7 1 2 3 3 1 1 1 1 1
0 130 0 0 59 88 192 0 116 36 33 92 50 111 46 27 49 23 44 60 25 11 14 20 73 151 64 103 18 25 17 20 24 74 27 22 144 32 19 15 55 50 25 54 136 13 23 27 23 45 8 7 9 8 7 8 9 42 8 12 11 102 11 6 5 7 6 6 6 7 27 106 8 10 85 4 1 5 5 5 3 3 3 2 1 1 6 4 10 4 5 1 1 1 1 1
50 66 86 81 59 88 132 91 63 57 53 91 37 57 44 265 27 49 77 25 27 25 97 16 26 37 79 31 22 24 18 23 47 69 32 19 48 150 198 23 21 13 12 34 52 4 36 45 12 9 8 52 6 6 6 8 9 28 9 5 4 5 6 5 6 7 17 8 7 13 10 106 22 7 44 113 18 6 6 62 3 2 2 1 1 0 1 1 2 7 13 20 4 3 1 0
73 550 85 64 122 128 98 111 225 185 67 85 33 28 44 35 18 45 69 69 37 27 20 32 65 24 37 99 37 78 20 21 18 16 14 41 12 23 12 9 21 12 8 26 9 5 16 6 6 11 11 13 6 4 6 6 6 8 13 4 3 3 2 3 28 36 7 9 9 9 12 8 11 43 5 6 2 2 3 4 2 1 1 0 0 0 0 0 0 2 4 61 102 5 5 4
241 177 140 97 128 133 98 219 116 119 121 53 38 33 36 22 21 18 21 79 33 62 31 37 84 54 26 162 25 22 29 24 10 104 88 21 13 7 6 36 8 8 10 83 8 14 61 6 4 3 3 3 2 4 5 4 8 6 7 43 4 4 1 20 2 2 4 5 6 32 9 5 5 5 10 1 1 2 3 2 3 3 14 1 1 1 1 1 1 1 2 5 7 6 10 57
254 148 274 132 146 115 308 339 164 127 106 75 75 82 91 52 85 47 457 46 49 44 80 38 175 27 30 36 25 20 12 17 12 30 9 7 7 3 3 3 4 4 4 4 6 38 7 7 2 1 1 1 1 2 10 2 2 2 2 3 19 21 3 2 2 1 2 3 48 10 23 17 3 2 1 1 1 1 2 2 2 2 2 1 1 1 1 1 1 1 2 2 3 3 5 6
87 81 92 78 148 139 261 169 133 102 84 155 147 94 73 67 119 45 80 71 87 87 75 41 181 45 34 20 15 9 7 12 9 9 4 2 2 2 1 2 2 2 2 3 4 5 3 1 1 1 1 1 1 1 1 1 1 1 1 2 58 54 3 2 2 1 1 1 3 4 34 6 12 2 2 1 2 2 2 2 2 2 2 1 1 1 1 1 1 1 1 1 2 2 2 2
118 99 114 67 285 169 108 76 85 126 112 77 97 118 103 79 64 57 62 38 67 74 138 157 37 232 299 161 49 13 10 12 177 8 10 1 1 1 2 2 2 1 1 1 1 2 1 1 1 0 0 1 1 0 0 1 0 1 3 1 1 1 1 1 1 1 1 1 3 3 3 4 3 3 6 8 6 3 3 1 1 1 1 1 1 1 1 1 2 2 1 1 6 8 8 6
76 72 44 94 87 97 145 318 90 90 86 88 71 78 100 129 155 60 27 39 29 103 84 146 28 208 111 195 87 20 37 8 4 3 4 4 4 2 2 19 6 2 2 1 0 1 1 1 1 1 1 0 0 0 0 24 0 1 1 1 1 1 1 1 0 1 1 2 4 5 3 7 4 4 5 9 7 3 3 1 1 1 1 1 1 1 1 1 2 2 2 2 8 9 9 9
71 65 113 114 98 70 79 71 86 67 74 93 90 69 99 102 118 100 253 0 133 48 26 0 0 0 41 32 24 25 11 6 15 2 2 40 45 3 0 0 2 3 2 1 1 1 1 1 0 1 2 1 1 1 1 0 0 1 1 1 1 1 19 4 2 2 1 2 4 6 8 18 13 5 2 2 2 3 3 1 1 1 1 1 1 1 1 1 1 1 2 2 4 4 4 5
284 0 64 107 101 61 89 92 91 71 61 75 93 132 100 102 76 40 0 0 0 67 54 0 0 48 74 101 55 63 25 15 6 3 2 14 0 0 0 0 1 1 1 1 1 1 1 0 0 2 2 1 2 2 2 1 1 1 1 1 1 1 1 1 2 3 17 7 8 7 8 4 9 14 7 5 2 3 5 2 1 1 1 1 1 1 1 1 1 1 2 1 1 1 1 1
0 0 0 32 77 84 84 97 101 92 75 86 92 124 328 76 86 0 0 0 0 0 0 0 0 0 51 50 55 60 51 70 22 9 6 0 0 0 0 1 1 1 1 1 1 1 0 0 0 2 2 1 2 19 3 3 1 1 1 1 1 1 3 5 8 8 13 10 30 40 14 10 28 43 61 33 15 14 10 4 3 3 1 1 1 1 1 1 1 1 1 1 0 1 1 1
124 156 0 0 90 85 80 82 108 105 89 67 76 75 75 83 0 0 0 0 0 0 0 0 0 0 0 0 47 29 36 70 59 116 60 0 0 0 0 29 7 1 0 0 1 1 6 8 2 3 1 1 1 2 4 4 26 9 8 11 8 12 16 9 134 57 11 7 16 62 25 25 13 10 20 153 16 13 5 4 3 3 1 1 1 1 1 0 0 0 0 0 0 0 0 0
198 113 0 0 0 0 59 58 132 131 76 181 85 80 60 61 0 0 0 0 0 0 0 0 0 0 0 0 0 0 83 45 54 25 25 57 0 0 0 0 0 0 0 0 1 2 14 65 15 12 1 3 1 1 3 4 11 77 22 48 13 20 115 24 23 0 19 8 11 13 13 14 5 8 10 4 9 11 4 4 4 4 4 3 1 0 0 0 0 0 0 0 0 0 1 2
0 200 148 104 0 0 0 189 94 77 69 49 66 70 60 53 0 0 0 0 116 32 41 94 0 0 0 0 0 91 41 39 207 72 41 31 60 0 0 0 0 1 1 1 1 7 10 21 108 20 4 1 8 1 3 6 34 352 32 88 45 24 6 8 7 5 8 15 13 16 15 20 5 21 14 4 4 7 3 3 3 4 4 3 0 0 0 0 0 0 0 0 1 2 2 33
0 0 0 142 137 0 0 154 73 39 90 123 0 0 57 0 0 282 109 72 87 62 48 59 77 91 66 70 71 36 34 55 243 54 84 76 42 249 0 0 0 2 1 1 2 6 8 5 3 2 17 12 32 46 35 48 107 144 121 231 241 41 8 3 8 7 5 11 17 21 5 6 2 1 1 1 1 1 0 0 0 3 5 4 4 11 7 7 1 0 0 0 1 2 23 52
0 0 0 0 119 0 0 0 46 37 52 0 0 0 60 97 84 65 46 54 118 98 44 44 35 28 28 22 31 38 42 39 59 43 43 63 75 0 0 0 0 12 9 1 2 4 6 4 5 6 6 30 64 49 155 96 33 31 16 15 11 7 3 43 57 29 14 14 14 15 4 2 0 0 0 0 0 0 0 0 1 2 2 0 2 6 37 25 35 1 3 6 2 2 77 5
0 0 0 0 0 0 0 0 0 48 42 288 0 0 0 166 106 61 52 49 46 62 51 58 64 54 60 57 58 59 43 36 53 67 68 70 95 0 0 0 0 0 2 6 11 6 10 5 6 10 6 8 9 56 38 63 147 50 12 8 2 1 3 7 43 46 12 10 14 6 3 0 0 0 0 0 0 0 0 1 1 1 1 1 1 1 2 2 49 28 54 18 2 29 104 6
0 198 188 0 0 0 0 0 0 65 38 0 0 0 0 85 72 56 47 50 44 36 60 99 88 89 60 54 61 57 40 34 43 66 70 68 86 0 0 0 0 0 38 72 26 19 15 9 8 21 13 6 8 17 33 68 86 74 16 12 6 5 3 2 21 10 5 25 12 5 2 0 0 0 0 0 0 0 0 1 1 1 1 1 2 2 1 3 6 43 81 50 26 55 63 29
0 0 0 0 0 0 0 0 0 0 0 0 0 0 0 0 0 49 53 0 50 77 0 0 166 134 74 34 39 39 40 44 61 61 54 48 47 78 121 130 83 79 41 16 12 20 20 20 15 11 6 8 13 29 44 27 52 41 18 14 18 14 14 11 5 9 6 15 9 5 3 0 0 0 0 0 0 0 0 1 1 1 1 1 1 1 3 8 10 159 119 175 92 70 64 45
0 0 0 0 0 0 0 0 0 0 0 0 0 0 0 0 0 0 0 0 0 0 0 0 161 115 39 22 23 35 40 59 74 65 46 44 68 51 136 325 169 35 5 5 8 19 20 20 20 16 6 8 15 22 36 19 38 47 33 41 148 68 36 14 11 11 10 12 5 3 1 0 0 0 0 0 0 0 0 0 0 0 1 1 1 1 1 3 8 13 63 198 133 151 148 158
0 0 0 0 0 0 0 0 0 0 0 0 0 0 0 0 0 0 0 0 0 0 0 0 88 26 23 22 18 9 10 28 35 56 65 65 77 43 141 183 18 16 17 13 19 20 20 20 21 24 20 16 12 11 14 20 83 214 79 319 385 247 190 66 25 11 11 9 1 0 0 0 0 0 0 0 0 0 1 1 0 0 0 0 1 1 1 2 4 5 10 37 113 205 124 258
0 0 0 0 0 0 0 0 0 0 0 0 0 0 0 0 0 0 0 0 0 0 0 291 131 108 27 12 8 8 8 35 503 40 27 44 50 46 35 33 33 33 33 21 20 20 20 20 18 15 13 8 10 14 15 20 27 37 138 261 268 410 145 117 26 12 11 1 0 0 0 0 0 0 0 0 0 0 1 1 1 1 1 1 3 3 2 2 2 3 5 9 54 103 94 141
46 170 67 0 0 0 0 0 0 14 6 0 0 0 0 0 0 0 0 0 0 0 0 271 67 32 5 7 8 7 7 8 107 41 28 28 48 46 41 34 33 17 13 10 16 20 20 20 17 5 5 5 9 13 12 16 23 57 133 172 250 408 511 343 82 17 5 3 0 0 0 0 0 0 0 0 0 0 1 1 2 2 2 2 4 4 4 5 4 6 6 12 44 145 160 140
6 2 2 1 0 0 0 0 45 18 6 2 1 1 0 0 0 0 0 0 0 0 279 167 112 33 3 3 4 5 7 17 33 34 46 42 48 47 43 36 29 14 10 10 10 12 16 20 18 5 3 7 10 14 16 19 19 23 99 201 401 608 907 487 279 95 13 2 0 0 0 0 0 0 0 0 0 0 0 3 3 3 4 4 5 4 8 5 6 10 12 119 413 379 460 337
2 2 2 1 3 3 3 0 1 1 1 1 1 1 1 1 1 297 457 1257 115 8 23 17 4 3 2 3 3 3 4 15 9 9 40 91 55 48 37 30 27 25 11 10 10 10 10 11 12 5 3 9 11 14 61 39 24 27 116 334 510 417 318 398 472 309 156 74 15 3 1 0 0 0 1 1 1 2 3 6 2 2 2 3 3 5 6 4 4 8 27 469 845 596 637 454
2 2 1 1 1 2 2 1 1 1 1 1 1 1 1 1 1 49 206 429 32 2 7 3 3 2 2 2 3 3 3 4 5 3 37 122 0 0 0 27 27 27 23 11 10 10 10 9 8 4 3 6 7 7 26 26 17 42 135 269 188 149 166 246 355 666 398 175 96 50 14 2 1 1 1 3 8 11 12 26 4 2 2 1 2 3 5 5 4 8 81 308 585 656 734 256
1 1 1 0 0 0 1 1 1 1 1 1 1 1 1 22 81 134 183 7 1 1 2 4 4 3 3 3 4 4 4 4 3 2 2 25 45 0 0 27 27 27 27 19 11 10 10 8 8 7 5 4 4 5 17 42 141 123 195 78 68 46 76 186 528 1381 626 540 190 139 79 101 65 27 4 4 4 8 6 5 4 2 9 8 3 1 4 8 7 21 73 94 329 345 251 170
1 1 2 4 1 0 0 1 1 1 1 1 1 1 1 20 39 52 122 112 1 1 0 0 4 6 4 4 5 5 5 5 5 3 2 2 2 0 0 0 26 25 20 15 13 11 10 8 8 8 7 6 6 6 10 141 184 100 31 22 31 67 133 251 281 495 564 493 481 412 342 370 229 270 90 76 105 33 28 40 10 23 134 192 10 6 10 21 28 39 94 164 199 247 266 195
1 1 2 1 0 0 0 0 0 0 0 0 0 0 0 0 0 0 0 245 168 1 0 0 4 8 8 7 5 5 4 4 6 9 7 3 2 2 0 0 0 0 0 0 0 13 11 8 8 9 16 17 14 10 12 92 215 82 16 20 82 121 171 278 192 229 308 403 721 579 647 809 780 785 525 402 484 430 286 352 349 154 165 19 2 2 12 53 74 103 101 149 198 266 341 170
0 0 0 0 0 0 0 0 0 0 0 0 0 0 0 0 0 0 0 0 127 1 1 0 0 5 9 8 6 6 4 5 8 9 9 6 2 2 43 44 0 0 0 0 0 0 13 8 8 10 17 19 13 12 33 476 298 88 59 59 94 126 162 147 117 101 211 205 285 486 823 672 749 983 699 571 611 748 174 162 83 63 51 7 17 21 71 77 158 95 207 174 195 170 99 86
0 0 0 0 0 0 0 0 0 0 0 0 0 0 0 0 0 0 0 0 8 5 1 0 0 7 9 9 9 9 8 9 9 9 9 8 2 2 4 0 0 0 12 42 31 0 0 0 0 0 0 0 0 0 0 276 124 75 71 122 166 163 167 150 141 113 143 120 145 202 163 208 374 357 312 407 771 866 891 558 335 119 50 22 31 39 88 104 95 64 197 140 107 69 62 109
0 0 0 0 0 0 0 0 0 0 0 0 0 0 0 0 0 0 0 0 17 12 1 1 0 0 13 11 9 16 12 9 9 9 9 9 4 2 2 3 12 12 12 9 6 31 97 0 0 0 0 0 0 0 0 0 0 44 69 114 545 250 214 208 162 216 147 167 166 114 93 95 146 324 573 566 844 795 1728 572 58 18 27 50 21 32 33 62 50 58 106 129 108 78 126 155
0 0 0 0 0 0 0 0 0 0 0 0 0 0 0 0 0 0 0 17 22 5 1 1 0 0 0 23 18 23 23 13 9 9 9 9 3 2 2 2 3 4 6 4 5 7 6 0 0 0 0 0 0 0 0 0 0 122 199 141 404 415 191 215 169 115 120 136 88 133 150 118 167 157 314 756 1830 519 853 0 146 14 55 150 100 30 19 36 50 33 33 55 76 58 92 129
0 0 0 0 0 0 0 0 0 0 0 0 0 0 0 0 0 0 0 0 2 2 1 1 1 0 0 23 23 23 23 16 9 9 9 9 2 2 2 2 2 2 2 1 0 1 2 0 0 0 0 0 0 0 0 0 0 0 210 202 0 212 179 198 143 140 211 268 171 301 212 223 111 131 267 0 0 0 0 0 136 9 82 192 103 22 16 19 28 19 12 49 78 525 239 84
0 0 0 0 0 0 0 0 0 0 0 0 0 0 0 0 0 0 0 0 2 2 1 1 1 0 0 0 30 116 24 21 10 9 9 9 2 2 2 2 2 2 2 0 0 0 0 0 0 0 0 0 0 0 0 0 0 0 0 0 0 252 225 217 199 204 168 158 88 141 119 150 115 354 492 0 0 0 0 0 0 53 85 134 80 45 9 33 24 14 15 15 31 403 1024 0
0 0 0 0 0 0 0 0 0 0 0 0 2 2 1 1 2 2 2 2 3 2 1 1 3 0 0 0 0 80 22 22 12 8 7 5 2 2 2 2 2 1 0 0 0 0 0 0 0 0 0 0 0 0 0 0 0 0 0 0 0 333 210 200 177 205 120 111 35 62 142 97 236 0 0 0 0 0 0 0 0 0 32 84 61 21 17 76 59 16 19 11 22 326 0 0
0 0 0 0 0 0 0 0 0 0 0 0 2 2 1 2 3 3 3 3 3 3 2 2 10 19 0 0 0 29 22 19 5 3 3 2 2 1 1 1 0 0 0 0 0 0 0 0 0 0 0 0 0 0 0 0 0 0 0 0 0 414 182 155 211 204 260 256 36 59 101 297 0 0 0 0 0 0 0 0 0 0 44 141 75 9 72 95 53 16 40 45 16 232 0 0
0 0 0 0 0 0 0 0 0 0 0 0 2 2 1 2 3 3 3 3 7 8 7 6 5 10 18 0 0 0 61 29 4 3 3 2 0 0 0 0 1 4 3 0 0 0 0 0 0 0 0 0 0 0 0 0 0 0 0 0 0 189 236 204 175 221 508 258 175 110 273 0 0 0 0 0 0 0 0 0 0 0 93 201 142 49 18 60 57 45 142 103 81 17 82 0
0 0 0 1 1 0 0 0 0 0 0 0 2 1 1 2 2 2 2 27 39 13 9 19 23 8 25 0 0 0 0 76 29 5 3 1 2 5 2 1 1 0 0 0 0 0 0 0 0 0 0 0 0 0 0 0 0 0 0 0 0 160 406 190 134 187 138 177 465 599 0 0 0 0 0 0 0 0 0 0 0 0 112 234 0 0 27 71 108 64 146 155 94 34 33 146
0 0 2 2 2 2 2 3 2 3 3 1 2 1 1 2 2 2 2 6 182 27 10 26 18 11 93 51 0 0 0 122 125 9 5 3 9 9 5 2 0 0 0 0 0 0 0 0 0 0 0 0 0 0 0 0 0 0 0 0 0 0 228 191 194 177 141 131 0 0 0 0 0 0 0 0 0 0 0 0 0 0 0 0 0 0 11 61 119 82 148 147 154 70 16 21
0 3 3 2 2 3 4 4 4 4 13 9 3 2 1 2 2 3 6 11 62 75 14 16 13 22 66 67 17 0 0 108 118 29 13 7 12 0 0 0 0 0 0 0 0 0 0 0 0 0 0 0 0 0 0 0 0 0 0 0 0 0 130 230 169 150 160 162 0 0 0 0 0 0 0 0 0 0 0 0 0 0 0 0 0 0 20 74 234 88 108 103 77 42 9 19
11 0 0 6 3 4 4 4 5 5 26 17 17 17 8 9 9 15 23 23 48 58 10 10 13 24 59 35 21 13 0 143 129 42 0 0 0 0 0 0 0 0 0 0 0 0 0 0 0 0 0 0 0 0 0 0 0 0 0 0 0 0 0 168 194 387 208 284 0 0 0 0 0 0 0 0 0 0 0 0 0 0 0 0 0 0 44 117 1230 108 51 75 20 8 4 14
18 26 28 12 12 6 4 4 5 6 17 15 22 22 9 10 10 14 18 18 29 11 21 7 17 87 41 37 21 7 5 0 0 0 0 0 0 0 0 0 0 0 0 0 0 0 0 0 0 0 0 0 0 0 0 0 0 0 0 0 0 0 0 301 329 426 323 455 0 0 0 0 0 0 0 0 0 0 0 0 0 0 0 0 0 0 43 35 0 0 45 25 50 69 12 28
18 89 43 15 12 7 4 2 2 3 6 12 14 16 9 9 6 13 14 8 8 10 11 4 42 127 104 124 20 9 25 0 0 0 0 0 0 0 7 0 0 0 0 0 0 0 0 0 0 0 0 0 0 0 0 0 0 0 0 0 0 0 0 0 367 335 365 533 0 0 0 0 0 0 0 0 0 0 0 0 0 0 0 0 0 0 28 29 0 0 0 6 153 177 141 92
