dashboard/data/pop/popdens/gpw_pop_density_qd_1995.asc
ncols 1440 
nrows 720
xllcorner -180
yllcorner -90
cellsize .25
NODATA_value -99
[rows 80 to 159 of 720, columns 864 to 959 of 1440]
0 0 0 0 0 0 0 0 0 0 0 0 0 0 0 0 0 0 0 0 0 0 0 0 0 0 0 0 0 0 0 0 0 0 0 0 0 0 0 0 0 0 0 0 0 0 0 0 0 0 0 0 0 0 0 0 0 0 0 0 0 0 0 0 0 0 0 0 0 0 0 0 0 0 0 0 0 0 0 0 0 0 0 0 0 0 0 0 0 0 0 0 0 0 0 0
0 0 0 0 0 0 0 0 0 0 0 0 0 0 0 0 0 0 0 0 0 0 0 0 0 0 0 0 0 0 0 0 0 0 0 0 0 0 0 0 0 0 0 0 0 0 0 0 0 0 0 0 0 0 0 0 0 0 0 0 0 0 0 0 0 0 0 0 0 0 0 0 0 0 0 0 0 0 0 0 0 0 0 0 0 0 0 0 0 0 0 0 0 0 0 0
0 0 0 0 0 0 0 0 0 0 0 0 0 0 0 0 0 0 0 0 0 0 0 0 0 0 0 0 0 0 0 0 0 0 0 0 0 0 0 0 0 0 0 0 0 0 0 0 0 0 0 0 0 0 0 0 0 0 0 0 0 0 0 0 0 0 0 0 0 0 0 0 0 0 0 0 0 0 0 0 0 0 0 0 0 0 0 0 0 0 0 0 0 0 0 0
24 24 24 0 0 0 0 0 0 0 0 0 0 0 0 0 0 0 0 0 0 0 0 0 0 0 0 0 0 0 0 0 0 0 0 0 0 0 0 0 0 0 0 0 0 0 0 0 0 0 0 0 0 0 0 0 0 0 0 0 0 0 0 0 0 0 0 0 0 0 0 0 0 0 0 0 0 0 0 0 0 0 0 0 0 0 0 0 0 0 0 0 0 0 0 0
9 15 21 0 0 0 0 0 0 0 0 0 0 0 0 0 0 0 0 0 0 0 0 0 0 0 0 0 0 0 0 0 0 0 0 0 0 0 0 0 0 0 0 0 0 0 0 0 0 0 0 0 0 0 0 0 0 0 0 0 0 0 0 0 0 0 0 0 0 0 0 0 0 0 0 0 0 0 0 0 0 0 0 0 0 0 0 0 0 0 0 0 0 0 0 0
0 0 0 3 9 15 18 7 0 0 0 0 0 0 0 0 0 0 0 0 0 0 0 0 0 0 0 0 0 0 0 0 0 0 0 0 0 0 0 0 0 0 0 0 0 0 0 0 0 0 0 0 0 0 0 0 0 0 0 0 0 0 0 0 0 0 0 0 0 0 0 0 0 0 0 0 0 0 0 0 0 0 0 0 0 0 0 0 0 0 0 0 0 0 0 0
0 0 0 0 0 0 0 0 0 0 0 0 0 0 0 0 0 0 0 0 0 0 0 0 0 0 0 0 0 0 0 0 0 0 0 0 0 0 0 0 0 0 0 0 0 0 0 0 0 0 0 0 0 0 0 0 0 0 0 0 0 0 0 0 0 0 0 0 0 0 0 0 0 0 0 0 0 0 0 0 0 0 0 0 0 0 0 0 0 0 0 0 0 0 0 0
0 0 0 0 0 0 0 0 0 0 0 0 0 0 0 0 0 0 0 0 0 0 0 0 0 0 0 0 0 0 0 0 0 0 0 0 0 0 0 0 0 0 0 0 0 0 0 0 0 0 0 0 0 0 0 0 0 0 0 0 0 0 0 0 0 0 0 0 0 0 0 0 0 0 0 0 0 0 0 0 0 0 0 0 0 0 0 0 0 0 0 0 0 0 0 0
0 0 0 0 0 0 0 0 0 0 0 0 0 0 0 0 0 0 0 0 0 0 0 0 0 0 0 0 0 0 0 0 0 0 0 0 0 0 0 0 0 0 0 0 0 0 0 0 0 0 0 0 0 0 0 0 0 0 0 0 0 0 0 0 0 0 0 0 0 0 0 0 0 0 0 0 0 0 0 0 0 0 0 0 0 0 0 0 0 0 0 0 0 0 0 0
0 0 0 0 0 0 0 0 0 0 0 0 0 0 0 0 0 0 0 0 0 0 0 0 0 0 0 0 0 0 0 0 0 0 0 0 0 0 0 0 0 0 0 0 0 0 0 0 0 0 0 0 0 0 0 0 0 0 0 0 0 0 0 0 0 0 0 0 0 0 0 0 67 25 0 0 0 0 0 0 0 0 0 0 0 0 0 0 0 0 0 0 0 0 0 0
0 0 0 0 0 0 0 0 0 0 0 0 0 0 0 0 0 0 0 0 0 0 0 0 0 0 0 0 0 0 0 0 0 0 0 0 0 0 0 0 0 0 0 0 0 0 0 0 0 0 0 0 0 0 0 0 0 0 0 0 0 0 0 0 0 0 0 0 0 0 0 0 0 0 0 0 0 0 0 0 0 0 0 0 0 0 0 0 0 0 0 0 0 0 0 0
0 0 0 0 0 0 0 0 0 0 0 0 0 0 0 0 0 0 0 0 0 0 0 0 0 0 0 0 0 0 0 0 0 0 0 0 0 0 0 0 0 0 0 0 0 0 0 0 0 0 0 0 0 0 0 0 0 0 0 0 0 0 0 0 0 0 0 0 0 0 0 0 0 0 0 0 0 0 0 0 0 0 0 0 0 0 0 0 0 0 0 0 0 0 0 0
1 0 0 0 0 0 0 0 0 0 0 0 0 0 0 0 0 0 0 0 0 0 0 0 0 0 0 0 0 0 0 0 0 0 0 0 0 0 0 0 0 0 0 0 0 0 0 0 0 0 0 0 0 0 0 0 0 0 0 0 0 0 0 0 0 0 0 0 0 0 0 1 1 1 1 1 1 1 1 1 1 1 1 1 1 1 1 1 1 1 1 2 2 2 2 2
1 1 1 1 1 1 1 0 0 0 0 0 0 0 0 0 0 0 0 0 0 0 0 0 0 1 0 0 0 0 0 0 0 0 0 0 0 0 0 0 0 0 0 0 0 0 0 0 0 0 0 0 0 0 0 0 0 0 0 0 0 0 0 0 0 0 0 0 0 0 0 1 1 1 1 1 1 1 1 1 1 1 1 1 1 1 1 1 1 1 1 2 2 2 2 2
1 1 1 1 1 1 1 1 0 0 1 1 1 1 1 1 1 0 0 0 0 0 0 0 0 1 1 0 0 0 0 0 0 0 0 0 0 0 0 0 0 0 0 0 0 0 0 0 0 0 0 0 0 0 0 0 0 0 0 0 0 0 0 0 0 0 0 0 0 0 1 1 1 1 1 1 1 1 1 1 1 1 1 1 1 1 1 1 1 1 1 2 2 2 2 2
0 0 0 0 0 0 0 0 0 0 0 0 0 0 0 0 0 0 0 0 1 1 1 1 1 0 0 1 1 1 1 1 1 1 1 0 0 0 0 0 0 0 0 0 0 0 0 0 0 0 0 0 0 0 0 0 0 0 0 0 0 0 0 0 0 0 0 0 0 1 1 1 1 1 1 1 1 1 1 1 1 1 1 0 1 90 73 1 0 1 1 2 2 2 2 2
0 0 0 0 0 0 0 0 0 0 0 0 0 0 0 0 0 0 0 0 1 1 1 1 1 0 1 1 1 1 1 1 1 1 1 1 1 1 1 1 1 1 0 0 0 0 0 0 1 1 1 1 0 0 0 0 0 0 0 0 0 0 0 0 0 0 0 0 1 1 1 1 1 1 1 1 1 1 1 1 1 1 1 0 1 1 1 1 0 1 1 2 2 2 2 2
0 0 0 0 0 0 0 0 0 0 0 0 0 0 0 1 1 1 1 1 1 1 1 1 1 1 1 1 1 1 1 1 1 1 1 1 1 1 1 1 1 1 1 1 1 1 1 1 1 1 1 1 0 0 0 0 0 0 0 0 0 0 0 0 0 0 0 0 1 1 1 1 1 1 1 1 1 1 1 1 1 1 1 1 1 1 1 1 1 1 1 1 2 2 2 2
0 0 0 0 0 0 0 0 0 0 0 0 0 0 0 0 1 1 1 1 1 1 1 1 1 1 1 1 1 1 1 1 1 1 1 1 1 1 1 1 1 1 1 1 1 1 1 1 1 1 1 1 0 0 0 0 0 0 0 0 0 0 0 0 0 0 0 1 1 1 1 1 1 1 1 1 1 1 1 1 1 1 1 1 1 1 1 1 1 1 1 1 2 2 2 2
5 0 0 0 0 0 0 0 0 0 0 0 0 0 0 0 1 1 1 1 1 1 1 1 1 1 1 1 1 1 1 1 1 1 1 1 1 1 1 1 1 1 1 1 1 1 1 1 1 1 1 1 1 1 1 0 0 0 0 0 0 0 0 0 0 0 0 1 1 1 1 1 1 1 1 1 1 1 1 1 1 1 1 1 1 198 1 1 1 1 1 1 1 1 1 1
0 0 0 1 1 1 1 1 0 0 1 0 0 0 0 0 1 1 1 1 1 1 1 1 1 1 1 1 1 1 1 1 1 1 1 1 1 1 1 1 1 1 1 1 1 1 1 1 1 1 1 1 1 1 1 1 0 0 0 0 0 0 0 0 0 0 0 0 1 1 1 1 1 1 1 1 1 1 1 1 1 1 1 1 1 1 1 1 1 1 1 1 1 1 1 1
0 0 0 1 1 1 1 1 0 0 1 0 0 0 0 0 1 1 1059 1 1 1 1 2 1 1 1 1 1 1 1 1 1 1 1 1 1 1 1 1 1 1 1 1 1 1 1 1 1 1 1 1 1 1 1 1 1 1 1 0 0 0 0 0 0 1 1 1 1 1 1 1 1 1 1 1 1 1 1 1 1 1 1 1 1 1 1 1 1 1 1 1 0 0 0 0
0 0 0 0 0 0 0 0 1 1 1 1 1 1 1 405 1 1 261 154 2 0 0 2 2 2 2 2 2 2 1 1 1 1 1 1 1 1 1 1 1 1 1 1 1 1 1 1 1 1 1 1 1 1 1 1 1 1 1 1 1 1 1 4 7 6 6 5 5 4 3 1 1 1 1 1 2 1 1 1 1 1 1 1 0 0 0 0 0 0 0 0 0 0 0 0
0 0 0 0 0 0 0 0 1 1 1 1 1 1 1 1 1 2 2 2 2 2 0 2 2 2 2 2 2 2 1 1 1 1 1 1 1 1 1 1 1 1 1 1 1 1 1 1 1 1 1 1 1 1 1 1 1 1 1 1 1 1 1 2 9 10 10 10 10 8 3 2 2 2 2 2 2 2 2 2 1 0 0 0 0 0 0 0 0 0 0 0 0 0 0 0
0 2 2 1 1 0 1 1 79 1 1 1 1 1 1 1 2 3 3 3 2 2 2 2 2 2 2 2 2 1 1 1 1 1 1 1 1 1 1 1 1 1 1 1 1 1 1 1 1 1 1 1 1 1 1 1 1 1 1 1 1 1 1 1 2 6 9 10 10 7 2 2 2 2 2 2 2 2 2 1 0 0 0 0 0 55 0 0 0 0 0 0 0 0 0 0
2 2 1 1 1 1 1 1 1 1 1 1 1 1 1 2 3 3 3 3 2 2 2 2 2 2 2 2 2 1 1 1 1 1 1 1 1 1 1 1 1 1 1 1 1 1 1 1 1 1 1 1 1 1 1 1 1 1 1 1 1 1 1 1 1 1 9 10 10 10 7 91 2 2 2 2 2 2 2 1 1 0 0 0 0 0 0 0 0 0 0 0 0 0 0 0
1 1 1 1 1 1 1 1 1 1 1 1 1 1 3 3 3 3 3 3 2 2 2 2 2 2 2 2 2 2 1 1 1 1 1 1 1 1 1 1 1 1 1 1 1 1 1 1 1 1 1 1 1 1 1 1 1 1 1 1 1 1 1 1 1 1 9 10 10 10 10 10 6 2 2 2 2 2 1 1 1 1 0 0 0 0 0 1 1 1 0 0 0 0 0 0
3 2 1 1 1 1 1 1 0 0 1 1 1 1 3 3 3 3 3 3 2 2 2 2 2 2 2 2 0 0 2 2 2 2 2 2 2 1 1 1 1 1 1 1 1 1 1 1 1 1 1 1 1 1 1 1 1 1 1 1 1 1 1 1 1 1 2 5 10 10 10 10 10 9 5 2 2 2 1 1 1 1 1 1 1 1 0 1 1 1 1 1 1 0 0 0
4 3 1 1 1 1 1 1 0 2 3 3 3 3 3 3 3 3 3 3 3 3 3 2 2 2 2 2 2 0 2 2 2 2 2 2 2 1 1 1 1 1 1 1 1 1 1 1 1 1 1 1 1 1 1 1 1 1 1 1 1 1 1 1 1 1 1 2 4 10 10 10 10 10 8 2 2 1 1 1 1 1 1 1 1 1 1 1 1 1 1 1 1 1 0 0
2 2 2 2 2 3 3 3 3 3 3 3 3 3 3 3 3 3 3 3 3 3 3 3 2 2 2 2 2 2 2 2 2 1 1 1 1 1 1 1 1 1 1 1 1 1 1 1 1 1 2 2 2 2 7 7 2 1 1 1 1 1 1 1 1 1 1 1 1 2 3 4 4 5 6 6 2 1 1 1 1 1 1 1 1 1 1 1 1 1 1 1 1 1 0 0
2 2 2 0 2 3 3 3 3 3 3 3 3 3 3 3 5 5 5 5 3 3 2 2 2 2 2 2 2 2 2 1 1 1 1 1 1 1 1 1 1 1 1 1 1 1 1 1 1 2 2 2 2 2 8 8 5 4 2 1 1 1 1 1 1 1 1 1 1 1 1 1 1 1 1 1 1 1 1 1 1 1 1 1 1 1 1 1 1 1 1 1 1 1 0 0
2 2 2 0 0 2 3 3 3 3 3 3 3 3 3 3 4 5 5 5 5 4 2 2 2 2 2 2 2 2 2 2 1 1 1 1 1 1 1 1 1 2 2 2 2 2 2 2 2 2 2 2 2 4 8 8 8 8 6 3 2 1 1 1 1 1 1 1 1 1 1 1 1 1 1 1 1 1 1 1 1 1 1 1 1 1 1 1 1 1 1 1 1 1 0 0
2 2 2 2 2 2 2 3 3 3 3 3 3 3 3 4 5 5 5 5 5 5 5 2 2 2 2 2 2 2 2 3 3 2 1 2 2 2 2 2 2 2 2 2 3 3 3 2 2 0 2 2 2 8 8 7 5 4 52 83 8 1 1 1 1 1 1 1 1 1 1 1 1 1 1 1 1 1 1 1 1 1 1 1 1 1 1 1 1 1 1 1 1 1 1 1
2 2 2 2 3 3 2 3 3 3 3 3 3 3 3 4 5 5 5 5 5 7 7 7 6 5 5 6 6 5 4 4 4 4 3 3 3 2 2 2 2 2 2 3 3 4 3 3 2 0 2 2 3 5 4 4 4 4 93 179 220 20 1 1 1 1 1 1 1 1 1 1 1 1 1 1 1 1 1 1 1 1 1 1 1 1 1 1 1 1 1 1 2 2 1 1
0 3 3 3 3 3 3 3 3 3 3 3 3 3 3 4 4 4 4 4 7 7 7 7 7 7 7 6 4 4 4 4 4 4 4 4 4 3 3 3 4 4 225 4 119 3 3 3 3 3 3 3 3 3 3 3 3 4 4 4 3 2 1 1 1 1 1 1 1 1 1 1 1 1 1 1 1 1 1 1 1 1 2 2 2 2 2 2 2 2 2 2 2 2 1 1
3 3 3 3 3 3 3 3 3 3 3 3 3 4 4 4 4 4 4 4 6 7 7 7 7 7 7 7 4 4 4 4 4 4 4 4 4 3 3 4 4 4 4 4 4 4 3 3 3 3 3 2 3 3 3 3 3 3 3 4 4 4 1 1 1 1 1 1 1 1 1 1 1 1 1 1 1 2 2 2 2 2 2 2 2 2 2 2 2 2 2 2 2 2 1 1
3 3 3 3 3 3 3 3 3 3 3 3 4 4 4 4 4 4 4 4 4 5 6 6 6 7 7 5 4 4 3 3 3 3 3 3 3 3 3 3 3 16 3 3 4 5 5 5 4 3 2 2 2 3 3 3 3 3 3 2 2 2 1 1 1 1 1 1 1 1 1 1 1 1 1 1 2 2 2 2 2 2 2 2 2 2 2 2 2 2 2 2 2 1 1 1
3 3 3 3 3 3 3 3 4 4 4 4 4 4 4 4 4 4 4 4 4 4 4 4 4 4 4 4 3 3 3 3 3 3 3 3 3 3 3 3 3 116 3 3 5 6 6 6 6 5 2 2 2 2 2 3 2 1 1 1 1 1 1 1 1 1 1 1 1 1 1 1 1 1 1 1 2 2 2 2 2 2 2 2 2 2 2 2 2 2 2 2 4 10 9 8
3 3 4 4 4 5 5 5 5 5 4 4 4 4 5 4 4 4 4 4 4 4 4 4 4 4 4 3 3 3 3 3 3 3 3 3 3 3 3 3 3 3 3 4 6 6 6 6 6 5 3 2 2 2 2 2 2 2 1 1 1 1 1 1 1 1 1 1 1 1 1 1 1 1 1 1 2 2 2 2 2 2 2 2 2 2 2 2 2 2 2 2 11 16 16 16
3 3 4 4 4 4 0 0 4 4 4 4 5 5 7 7 7 6 6 4 3 3 3 3 4 4 4 3 4 3 3 3 3 3 3 3 4 4 4 4 4 4 5 5 6 6 6 6 6 4 3 2 2 2 2 2 2 1 1 1 1 1 1 3 5 4 4 4 4 4 2 1 1 1 2 3 3 3 2 2 2 2 2 2 2 2 2 2 2 2 2 4 12 13 14 15
3 3 4 4 4 4 4 0 4 4 4 5 5 5 5 6 7 7 5 3 3 3 3 3 4 4 4 3 3 3 3 2 2 2 3 4 4 4 4 4 4 4 4 3 3 3 3 3 3 3 2 2 2 2 2 2 2 1 2 2 2 2 4 5 5 5 5 5 5 5 4 4 4 4 4 3 3 3 3 2 2 2 3 3 3 3 3 3 3 4 4 7 10 10 10 10
3 3 5 6 5 5 6 6 6 7 4 8 12 0 0 0 5 5 5 4 4 4 4 3 3 4 4 3 3 2 2 2 2 3 4 4 4 4 4 4 4 4 4 4 3 3 3 3 3 3 5 4 2 2 2 2 2 2 2 2 2 2 3 5 5 5 5 5 5 5 4 5 5 5 5 4 4 4 5 5 5 4 11 279 3 3 6 7 7 7 9 10 10 9 7 9
3 4 6 6 6 6 7 7 8 14 13 11 12 12 12 10 127 4 4 3 3 3 3 3 4 4 4 4 3 2 2 2 2 4 4 4 4 4 4 4 4 5 5 5 4 3 3 3 3 5 6 6 5 3 2 2 2 2 2 2 2 2 5 5 5 5 4 4 4 4 4 4 4 4 4 5 5 7 6 5 5 5 91 372 51 7 7 7 7 7 13 9 9 5 5 5
3 4 6 6 6 7 7 1027 7 13 14 14 13 12 12 759 11 5 4 3 4 7 7 5 4 4 4 4 4 4 3 3 3 3 4 4 4 4 4 5 5 5 5 5 4 4 4 4 4 6 8 9 9 10 9 10 5 4 2 5 5 5 5 5 9 9 8 7 4 4 4 6 7 90 8 8 9 9 9 8 8 4 4 3 7 8 15 25 35 41 25 5 5 5 5 6
6 6 6 6 7 7 7 7 0 0 8 9 9 9 9 10 10 10 10 10 8 4 4 4 4 4 4 4 4 4 4 3 3 3 3 3 3 3 3 4 4 5 5 5 4 4 4 4 4 5 10 11 11 11 11 11 11 10 5 5 5 5 9 9 11 11 11 7 3 3 3 4 8 8 8 9 9 9 9 0 0 13 13 13 12 39 53 46 32 18 6 5 8 29 30 15
8 6 7 9 10 9 8 7 0 0 7 7 7 7 7 7 9 10 10 10 4 3 3 3 5 5 5 4 4 4 4 3 3 3 3 3 3 4 4 4 4 5 6 6 5 5 5 5 5 7 11 11 12 130 832 88 314 11 9 6 8 9 9 11 11 11 10 4 3 3 3 6 8 8 8 10 11 11 11 0 0 13 13 13 13 15 17 18 6 5 5 5 6 59 55 16
7 6 6 8 10 10 8 8 0 0 0 13 9 7 8 10 10 9 10 11 5 35 58 5 5 65 5 5 5 4 3 35 3 3 3 57 4 4 110 5 6 6 5 5 5 6 7 6 6 94 11 13 14 45 223 15 60 14 13 12 12 10 7 10 14 12 11 10 13 9 9 9 8 8 9 11 11 16 19 28 27 13 13 12 10 9 8 145 7 6 5 6 15 28 30 28
8 8 8 10 13 12 9 9 9 11 15 16 16 15 14 15 15 15 12 18 20 11 10 10 7 6 5 5 5 4 3 3 4 4 3 4 5 4 4 4 6 9 7 5 5 7 7 6 6 8 14 12 9 9 10 11 11 13 13 12 12 8 7 14 15 11 274 13 16 14 12 14 26 23 26 23 22 32 0 162 401 663 671 192 8 7 5 194 7 6 6 7 19 29 23 77
9 7 7 8 13 13 11 11 11 12 14 623 14 122 15 20 21 17 18 320 92 15 12 11 8 7 7 5 5 5 6 6 6 6 5 6 8 8 7 7 15 21 18 9 7 7 7 7 7 7 8 8 7 6 9 9 9 8 6 6 7 7 6 9 16 14 10 15 16 13 12 12 16 19 20 19 25 28 0 51 385 397 230 32 10 7 6 6 5 5 5 6 7 7 7 521
8 7 28 59 11 11 10 10 10 10 9 10 10 20 27 1621 26 19 18 376 50 19 20 23 16 16 13 9 5 7 7 6 6 6 6 6 7 10 14 17 21 21 20 10 7 7 8 9 8 9 11 15 15 14 14 14 11 6 5 6 6 6 6 7 8 8 8 17 21 20 15 15 8 6 6 11 17 18 24 25 25 23 20 11 9 9 9 9 7 6 6 6 7 7 7 28
7 7 7 8 8 8 58 8 11 105 8 10 11 18 25 27 26 20 84 13 22 46 36 25 277 20 23 23 16 12 11 8 9 9 7 6 7 14 20 20 14 11 10 10 9 10 14 14 15 13 13 15 14 10 11 13 13 7 6 6 7 9 8 8 8 13 19 20 20 20 16 16 10 6 7 13 15 17 17 15 11 11 11 198 11 10 10 10 7 7 7 7 7 7 7 54
8 8 8 8 8 8 9 16 15 8 9 13 18 103 18 16 21 27 31 386 233 41 42 148 23 16 17 30 20 12 10 9 9 15 15 13 14 14 12 10 8 8 8 11 10 11 16 17 17 18 18 19 26 13 12 12 12 11 8 6 7 11 10 11 13 16 17 16 16 15 15 16 271 12 11 13 13 16 16 14 10 11 15 17 15 14 13 13 9 7 8 9 9 30 51 66
198 12 15 16 9 164 18 21 16 9 8 8 13 18 12 12 14 15 106 487 253 186 24 26 17 10 10 25 30 0 43 21 15 16 16 15 11 9 9 9 7 6 6 6 8 15 18 19 19 22 23 23 27 29 21 16 13 13 10 6 6 8 12 13 15 17 18 22 1225 302 21 16 14 10 10 10 10 12 13 13 10 8 8 9 14 13 12 11 11 11 14 15 15 41 65 74
15 28 31 133 195 27 27 35 48 36 13 113 13 18 22 23 24 15 15 26 20 18 18 21 21 16 11 26 0 0 126 37 19 18 18 17 11 9 9 8 7 10 9 5 5 14 20 668 20 23 22 19 19 24 25 21 21 21 17 16 13 9 11 12 13 15 19 31 73 27 18 289 215 9 10 12 12 12 12 19 29 28 14 12 12 11 20 111 12 11 13 14 15 15 18 75
23 26 244 23 42 41 193 50 316 48 40 192 34 122 20 22 24 53 29 34 38 380 18 23 24 24 22 31 39 52 52 2329 651 22 22 22 22 16 12 10 8 15 75 5 6 19 18 19 19 19 17 17 20 23 28 29 27 27 28 27 31 17 10 11 126 14 17 20 21 18 14 17 32 22 11 24 59 12 16 21 27 24 13 12 12 11 11 11 13 13 13 14 15 13 20 62
22 28 34 180 59 45 53 99 152 97 52 43 37 28 26 14 118 785 26 29 23 17 24 28 131 25 23 36 36 190 693 756 198 31 27 22 22 20 14 14 17 23 28 39 124 1070 331 22 18 21 23 28 27 27 28 30 28 23 30 39 144 35 10 11 12 19 20 18 19 19 18 16 15 302 14 13 12 11 18 18 17 11 10 11 11 10 10 11 14 15 15 11 9 8 8 12
35 55 64 146 101 2541 4117 1555 286 702 214 361 46 42 38 60 67 18 18 20 20 18 16 20 27 23 26 32 203 27 24 21 19 28 31 23 21 22 22 18 29 35 43 47 46 44 48 52 39 0 300 331 1580 324 24 24 22 23 22 24 19 19 10 10 42 42 27 17 18 17 15 13 62 12 16 19 18 18 17 16 15 14 9 9 9 9 9 10 14 19 11 8 8 8 8 16
41 56 105 135 120 5075 8102 2613 634 144 95 70 72 61 96 27 15 13 198 13 15 17 18 107 260 25 26 25 20 21 26 24 20 24 24 18 22 32 29 21 32 26 24 40 46 43 43 50 49 0 20 64 506 33 22 20 19 19 18 19 19 19 15 512 150 1268 15 18 18 17 14 14 16 19 18 20 19 16 15 15 15 12 9 9 9 9 10 10 10 12 11 10 9 9 12 14
107 58 157 92 64 209 1029 290 92 130 196 117 203 25 26 28 22 13 13 13 14 22 22 0 0 18 122 17 17 19 29 284 25 24 20 16 22 28 21 16 15 110 16 36 33 161 41 37 30 15 14 21 23 23 0 0 0 0 0 14 16 24 25 15 98 9 23 26 17 17 16 15 19 19 19 84 19 13 99 13 12 9 8 8 8 9 10 9 9 9 11 12 14 24 30 69
46 54 293 43 49 124 99 55 41 46 54 298 32 27 23 17 11 11 11 12 0 16 17 17 19 18 17 18 18 18 21 25 24 23 20 17 15 18 14 12 13 15 15 21 28 40 43 44 32 23 16 21 24 13 12 14 14 14 15 15 13 12 15 9 12 11 24 23 16 16 15 15 15 17 17 17 17 16 16 12 73 8 8 10 14 18 19 18 10 8 10 17 135 76 122 123
33 30 32 36 33 430 37 30 296 29 91 178 55 45 24 23 22 16 11 12 0 94 16 12 11 11 21 25 20 15 19 23 22 21 20 17 14 16 17 24 29 23 122 15 28 39 34 33 30 29 22 20 13 12 12 13 14 18 25 30 21 14 14 13 24 329 13 15 94 15 17 19 19 20 19 13 13 19 26 217 1152 400 17 17 18 105 17 8 87 5 6 13 18 76 76 44
267 184 17 18 18 21 24 32 33 44 31 84 26 25 913 313 32 17 15 15 21 17 10 10 13 14 12 12 12 12 13 13 16 17 17 17 19 22 25 27 27 24 13 13 17 20 25 25 25 30 0 0 15 15 12 13 14 24 24 25 21 16 15 15 14 14 161 223 21 24 252 12 12 21 19 12 12 30 31 343 479 20 16 9 9 7 6 5 5 62 5 9 16 29 8 9
294 135 14 13 175 26 36 34 22 21 31 26 17 13 29 30 18 16 18 19 21 18 13 90 15 16 19 18 16 17 25 23 23 11 11 19 30 28 33 36 29 27 18 16 17 16 19 27 108 1497 500 0 20 14 12 15 17 16 17 21 20 17 16 15 13 13 13 15 24 24 225 11 11 15 16 11 15 25 27 26 26 27 12 8 8 4 3 4 4 4 4 3 7 8 95 12
28 0 0 21 27 49 1298 95 40 30 36 25 25 29 31 23 20 20 19 13 11 13 15 15 15 18 21 23 27 22 17 40 17 16 15 126 469 344 29 26 23 22 20 18 18 16 15 17 106 323 28 25 18 12 311 16 18 13 13 18 19 11 10 11 12 11 10 10 22 30 12 11 187 9 16 18 66 13 16 18 19 17 12 12 11 3 3 3 3 155 4 7 8 11 11 14
31 31 13 13 30 35 220 90 216 498 99 22 24 26 109 25 26 16 14 15 14 14 15 15 15 19 22 22 23 24 19 42 17 19 19 23 19 16 17 20 21 21 20 17 17 16 15 14 11 17 28 28 14 12 12 13 12 12 15 19 19 16 9 12 15 12 9 8 9 11 11 11 12 13 19 19 20 21 17 17 16 12 11 9 7 3 3 3 3 52 4 10 14 15 12 13
27 15 12 15 28 28 18 16 128 16 16 16 15 15 19 32 30 19 13 14 14 15 16 16 18 21 21 17 15 16 60 14 14 16 17 18 17 16 20 20 20 19 16 17 67 17 15 14 11 13 17 20 12 303 12 16 18 18 18 19 19 19 17 16 75 124 8 10 10 10 58 11 12 13 14 14 14 14 15 16 571 6 6 6 6 3 3 3 6 8 10 12 15 13 8 8
17 15 125 16 17 19 16 16 15 14 13 11 11 15 22 24 20 25 18 18 20 19 39 101 17 19 18 17 17 16 30 13 13 15 15 76 43 28 28 26 16 15 18 19 18 16 16 16 11 12 15 17 0 0 12 0 0 523 16 16 18 130 18 17 13 8 9 11 11 9 9 10 10 11 13 13 12 12 13 351 165 6 6 6 4 3 3 3 5 11 11 419 561 14 10 8
32 20 14 15 14 11 15 15 134 14 15 19 75 25 24 24 31 35 26 22 22 23 23 17 16 16 16 17 17 17 16 39 79 17 22 396 787 31 26 28 22 21 246 21 17 17 17 17 13 464 95 19 0 0 18 292 0 798 123 15 16 22 11 11 10 10 10 10 10 9 9 9 9 9 8 9 10 10 10 9 9 8 9 6 3 3 3 5 6 8 10 12 14 14 12 5
768 26 19 19 20 19 16 16 16 17 17 18 29 30 27 24 23 182 121 21 26 31 30 17 16 18 15 15 17 18 17 14 13 18 20 17 18 17 17 16 16 20 21 21 20 19 14 11 11 12 22 19 17 20 222 14 17 19 20 21 23 15 11 10 10 191 10 10 10 9 9 8 8 8 8 8 9 9 9 290 9 9 9 8 7 4 4 6 7 7 114 8 8 8 8 6
21 19 17 15 18 22 17 16 16 27 280 26 28 141 988 17 15 15 19 27 31 761 81 117 13 19 51 26 13 22 23 20 14 17 19 14 11 13 12 11 13 15 12 16 18 17 16 13 10 11 10 8 8 9 10 10 9 9 12 15 12 8 8 7 8 10 11 9 7 8 9 9 7 7 7 8 8 8 8 8 10 10 9 8 4 4 6 7 7 44 14 7 8 7 7 7
25 23 18 17 18 20 132 19 21 25 26 24 26 32 19 118 20 21 16 17 18 19 18 17 17 17 17 14 13 16 21 83 108 12 9 9 9 84 8 10 14 17 12 9 9 9 9 10 10 10 9 8 8 8 9 10 10 8 8 8 8 8 7 7 8 11 11 10 65 6 7 8 8 8 7 7 7 7 8 11 13 12 8 8 4 4 4 4 5 7 7 7 7 5 5 5
19 22 22 17 18 12 12 20 22 21 23 29 31 31 30 30 28 26 21 15 19 20 20 21 26 27 17 15 13 13 13 24 10 8 8 7 7 8 8 10 9 15 16 10 12 186 8 424 6 7 7 32 7 7 7 7 8 8 8 8 8 7 6 6 7 10 11 9 7 7 8 8 10 11 12 11 12 9 10 12 12 10 8 8 6 5 4 5 7 7 6 5 5 5 5 5
29 29 19 57 17 17 20 21 22 28 45 41 39 273 27 23 22 23 22 18 20 21 21 19 35 49 16 13 13 13 13 13 9 8 7 6 64 8 18 18 14 10 9 10 11 9 6 173 6 7 12 65 7 7 6 5 5 6 6 7 6 5 5 5 5 7 8 8 8 8 9 9 11 11 10 9 411 201 12 11 10 10 10 7 8 7 7 6 7 7 6 5 5 5 5 5
931 32 25 17 21 21 21 21 20 20 29 36 991 823 59 31 25 26 26 25 25 24 24 23 20 15 12 12 77 12 12 12 11 11 9 8 7 14 19 1056 0 0 13 81 13 12 10 9 10 12 9 9 8 7 8 7 6 6 6 8 9 6 6 8 9 9 8 8 8 8 8 8 10 10 10 9 590 31 9 9 10 10 10 6 6 5 4 4 4 5 5 9 10 7 5 5
31 30 23 23 25 31 580 21 21 20 22 25 107 35 35 26 26 27 28 28 25 23 23 23 161 10 13 13 139 17 11 11 11 11 11 9 9 14 24 433 659 15 16 18 17 10 9 11 12 12 11 7 8 8 9 9 8 7 6 7 176 47 10 9 8 9 8 7 7 7 8 8 8 9 9 10 10 10 8 6 7 7 7 5 4 66 86 4 4 6 133 30 10 10 7 5
35 35 27 24 21 21 23 24 23 21 22 21 20 26 98 26 26 27 29 29 26 22 22 15 52 13 14 12 11 11 11 12 12 13 15 14 10 10 65 12 13 14 14 17 16 10 9 10 12 12 10 7 7 7 6 4 3 3 4 6 34 202 29 8 8 8 7 7 7 7 4 5 8 11 11 11 11 11 8 7 7 7 6 6 5 4 4 5 5 241 343 148 9 7 3 3
37 33 28 25 26 27 27 27 28 19 13 15 90 24 64 26 27 29 30 30 23 18 11 10 10 11 11 11 9 11 14 14 13 12 15 19 18 9 8 8 9 9 12 13 13 11 8 9 11 9 8 8 7 4 3 3 3 3 4 6 5 4 4 5 4 6 5 7 7 7 4 4 4 7 10 7 8 8 8 8 7 6 6 6 6 7 6 5 5 5 33 9 6 5 5 62
37 51 660 33 27 28 30 31 31 30 97 17 20 25 22 26 32 32 29 23 20 21 9 86 26 14 17 15 9 11 13 11 9 11 16 18 18 12 10 8 9 9 9 12 12 8 8 8 8 8 6 5 3 3 3 3 3 3 3 4 4 3 3 3 3 3 3 3 3 3 3 4 4 5 8 3 3 4 6 6 6 6 6 7 8 8 8 5 5 5 5 5 5 5 5 3
64 81 84 122 29 30 30 30 29 30 20 17 29 27 19 20 30 25 28 28 30 25 9 9 9 11 15 16 14 10 7 7 7 7 14 17 15 12 12 10 8 8 7 8 8 6 4 7 8 8 6 2 2 2 3 3 3 3 3 3 3 3 3 3 3 3 3 3 3 3 3 4 4 3 3 3 3 3 3 3 4 7 7 8 211 93 6 5 5 5 5 5 5 2 1 1
679 774 95 33 32 25 23 23 95 23 24 22 24 19 136 14 18 18 18 17 18 14 9 9 9 9 9 7 136 7 7 5 6 8 12 14 12 317 13 13 13 11 4 4 4 3 2 3 7 8 8 3 2 2 2 2 3 3 3 3 3 3 2 1 2 3 3 3 3 3 2 2 3 3 3 3 3 3 3 3 3 5 6 6 138 86 5 5 5 5 5 5 3 1 1 1
