dashboard/data/pop/popdens/gpw_pop_density_hd_1990a.asc
ncols 720 
nrows 360
xllcorner -180
yllcorner -90
cellsize .5
NODATA_value -99
[rows 160 to 239 of 360, columns 384 to 479 of 720]
39 36 48 53 39 36 37 32 24 22 18 13 13 12 13 8 2 2 1 1 1 1 1 6 9 3 1 1 6 8 8 7 6 7 8 12 12 7 5 5 10 5 5 6 12 19 36 32 18 30 49 60 95 133 96 83 29 11 9 37 62 23 27 32 29 22 15 17 12 8 6 5 5 7 4 4 4 0 0 0 0 0 0 0 0 0 0 0 0 0 0 0 0 0 0 0
93 50 34 31 19 35 34 25 27 21 16 13 13 13 12 10 2 1 1 1 1 1 1 7 8 1 1 1 5 5 5 12 34 25 12 12 11 7 6 13 15 13 13 13 34 44 78 72 39 63 91 91 100 444 71 41 23 56 161 232 129 44 12 19 29 19 15 18 14 10 1 1 2 2 4 4 3 0 0 0 0 0 0 0 0 0 0 0 0 0 0 0 0 0 0 0
52 27 25 16 5 13 33 41 34 18 14 13 13 12 1 1 1 1 1 1 1 0 0 4 3 1 1 1 5 5 5 24 44 34 13 12 10 8 8 13 13 13 13 13 25 50 80 74 53 73 80 109 129 360 113 51 75 88 74 54 29 10 8 11 14 15 15 18 12 8 3 3 3 4 4 4 3 0 0 0 0 0 0 0 0 0 0 0 0 0 0 0 0 0 0 0
16 4 6 6 5 5 12 23 16 16 14 13 12 11 3 0 0 1 1 1 1 1 0 0 0 1 1 1 3 5 5 18 25 18 13 12 9 8 10 11 11 12 9 8 6 36 54 65 73 59 72 153 173 92 116 95 48 14 16 5 7 9 11 11 11 11 11 8 8 6 4 4 4 4 5 5 4 0 0 0 0 0 0 0 0 0 0 0 0 0 0 0 0 0 0 0
8 4 6 7 5 5 5 15 15 15 9 4 3 7 5 1 0 0 1 1 1 1 0 0 0 0 1 1 1 4 5 5 8 13 13 13 11 10 12 12 11 10 7 5 2 2 20 41 84 188 108 225 162 85 95 75 32 15 5 5 8 10 11 11 9 11 8 6 6 6 6 4 2 3 5 5 0 0 0 0 0 0 0 0 0 0 0 0 0 0 0 0 0 0 0 0
5 6 12 13 11 6 9 13 13 9 4 3 3 4 6 4 1 1 2 3 2 0 0 0 0 0 0 1 1 5 5 5 5 13 13 13 13 13 13 13 10 3 5 5 2 3 35 75 71 93 129 334 208 143 76 54 46 15 9 9 9 11 8 4 4 5 6 6 6 6 13 10 9 7 8 0 0 0 0 0 0 0 0 0 0 0 0 0 0 0 0 0 0 0 0 0
6 6 9 11 10 10 13 12 12 9 10 7 3 4 6 4 1 1 2 2 2 0 0 0 0 0 0 0 1 5 4 4 5 12 13 13 14 14 13 13 10 3 3 3 3 3 29 47 29 44 102 247 287 164 48 29 19 12 4 8 6 6 5 4 4 4 5 6 5 8 14 8 7 7 0 0 0 0 0 0 0 0 0 0 0 0 0 0 0 0 0 0 0 0 0 0
5 5 6 9 9 7 14 11 5 5 10 6 3 4 7 5 1 3 2 2 3 1 0 0 0 0 0 0 1 3 4 4 4 12 13 7 10 14 14 13 10 3 3 3 3 3 6 7 31 70 114 0 222 86 12 7 5 6 8 4 7 7 6 5 4 4 5 6 8 8 8 4 4 4 0 0 0 0 0 0 0 0 0 0 0 0 0 0 0 0 0 0 0 0 0 0
6 6 7 7 7 6 9 9 4 5 8 6 3 4 5 7 8 12 10 7 1 1 1 1 0 0 1 1 1 1 3 4 6 6 9 3 3 6 7 9 8 5 4 4 3 4 5 2 19 36 78 45 69 41 17 3 4 3 3 4 5 7 7 5 6 6 6 8 9 7 7 4 4 0 0 0 0 0 0 0 0 0 0 0 0 0 0 0 0 0 0 0 0 0 0 0
6 7 7 7 7 6 5 4 5 7 6 5 3 2 5 6 7 8 10 6 2 1 6 2 1 1 2 1 1 1 2 4 5 2 2 2 2 4 6 6 7 6 4 4 4 4 4 6 6 7 33 16 29 26 7 4 4 4 4 3 3 3 3 3 3 5 8 9 7 7 8 8 5 0 0 0 0 0 0 0 0 0 0 0 0 0 0 0 0 0 0 0 0 0 0 0
7 7 7 7 8 7 7 10 8 7 7 5 7 6 10 10 8 14 14 9 6 5 5 2 3 2 1 1 1 1 3 3 6 4 2 2 4 6 6 6 6 7 4 4 4 4 4 7 6 3 4 6 7 6 4 3 3 4 3 4 4 3 3 2 2 7 10 10 9 9 9 20 0 0 0 0 0 0 0 0 0 0 0 0 0 0 0 0 0 0 0 0 0 0 0 0
13 9 4 7 8 8 8 13 10 6 7 11 20 180 11 13 9 8 10 9 7 4 3 3 3 3 2 1 1 1 3 3 4 3 3 8 21 22 16 6 7 7 6 5 3 2 3 4 0 1 3 7 7 6 3 2 2 4 3 3 9 5 6 13 11 9 9 9 9 8 8 0 0 0 0 0 0 0 0 0 0 0 0 0 0 0 0 0 0 0 0 0 0 0 0 0
14 4 4 5 6 4 4 5 5 1 4 9 11 13 20 41 21 11 11 6 8 17 10 3 3 3 3 4 4 4 4 7 4 3 4 12 15 36 32 32 9 10 13 13 8 2 3 6 0 1 1 2 5 4 2 2 4 4 3 17 11 6 19 22 15 8 10 10 11 10 8 0 0 0 0 0 0 0 0 0 0 0 0 0 0 0 0 0 0 0 0 0 0 0 0 0
6 4 4 4 4 3 3 4 5 1 1 1 1 10 32 41 29 16 14 11 12 14 5 4 4 4 6 9 9 5 5 11 7 4 7 12 38 129 57 28 22 18 27 18 12 3 3 8 3 1 1 1 1 1 5 3 3 3 5 10 10 11 19 21 14 13 30 36 10 13 0 0 0 0 0 0 0 0 0 0 0 0 0 0 0 0 0 0 0 0 0 0 0 0 0 0
6 6 5 4 4 3 3 3 4 1 1 1 5 20 25 27 21 19 17 21 27 27 5 4 4 4 4 7 7 6 16 23 20 7 7 8 62 99 53 18 48 47 28 21 11 8 3 5 6 1 1 2 1 2 1 1 4 4 6 6 8 23 22 15 11 17 36 45 12 0 0 0 0 0 0 0 0 0 0 0 0 0 0 0 0 0 0 0 0 0 0 0 0 0 0 0
3 3 4 3 3 2 3 3 2 1 1 1 15 21 18 20 18 17 16 16 20 24 19 7 5 5 5 5 6 4 21 26 18 5 3 30 86 106 85 20 43 107 60 22 12 14 8 3 2 3 1 5 5 1 2 3 4 2 6 6 7 11 11 11 16 34 258 134 0 0 0 0 0 0 0 0 0 0 0 0 0 0 0 0 0 0 0 0 0 0 0 0 0 0 0 0
2 1 1 1 1 1 1 1 1 1 1 1 5 5 4 6 7 7 7 6 6 4 5 6 6 5 4 4 4 1 14 15 9 3 3 25 76 84 0 32 34 61 69 67 34 14 24 9 2 5 4 2 2 1 2 3 3 1 6 8 9 11 11 12 40 132 0 0 0 0 0 0 0 0 0 0 0 0 0 0 0 0 0 0 0 0 0 0 0 0 0 0 0 0 0 0
3 1 1 1 1 1 1 1 1 1 1 1 3 4 5 6 6 6 6 6 7 5 4 7 6 7 4 3 1 1 1 3 3 3 7 44 51 0 43 35 30 59 99 135 177 71 70 28 4 11 4 2 1 1 2 3 3 1 5 6 6 9 9 13 0 0 0 0 0 0 0 0 0 0 0 0 0 0 0 0 0 0 0 0 0 0 0 0 0 0 0 0 0 0 0 0
1 1 1 1 1 0 1 1 1 1 1 2 3 5 5 6 6 5 5 6 7 6 4 12 17 19 64 2 2 1 1 6 22 13 41 83 90 62 35 55 75 168 229 170 284 252 137 57 17 23 8 18 9 3 3 2 2 1 3 3 3 13 20 0 0 0 0 0 0 0 0 0 0 0 0 0 0 0 0 0 0 0 0 0 0 0 0 0 0 0 0 0 0 0 0 0
1 1 1 1 1 1 1 2 1 1 1 0 0 5 5 5 5 5 6 5 6 7 4 13 12 7 58 3 3 2 1 2 41 49 80 119 100 66 48 83 185 0 0 217 299 423 178 68 42 28 23 173 42 3 3 2 1 2 3 3 3 39 0 0 0 0 0 0 0 0 0 0 0 0 0 0 0 0 0 0 0 0 0 0 0 0 0 0 0 0 0 0 0 0 0 0
1 1 1 2 2 2 3 3 2 2 1 3 49 6 5 6 8 9 9 8 8 7 6 10 6 4 3 3 4 3 2 2 15 45 52 0 117 63 74 210 0 0 0 0 0 0 203 118 174 108 139 190 24 4 3 14 1 1 6 13 14 0 0 0 0 0 0 0 0 0 0 0 0 0 0 0 0 0 0 0 0 0 0 0 0 0 0 0 0 0 0 0 0 0 0 0
2 1 1 2 1 3 4 3 3 2 1 9 11 8 6 6 5 8 9 9 8 7 6 4 4 3 3 3 4 4 4 6 7 11 75 117 176 115 83 0 0 0 0 0 182 461 204 47 62 273 320 76 30 12 4 6 1 1 5 9 0 0 0 0 0 0 0 0 0 0 0 0 0 0 0 0 0 0 0 0 0 0 0 0 0 0 0 0 0 0 0 0 0 0 0 0
2 2 7 4 1 2 3 3 3 3 7 10 9 9 7 3 2 2 3 5 8 7 7 6 4 4 3 3 4 4 5 7 7 113 113 240 165 53 63 71 0 0 0 0 118 91 23 20 33 646 185 85 40 14 5 5 2 3 4 5 0 0 0 0 0 0 0 0 0 0 0 0 0 0 0 0 0 0 0 0 0 0 0 0 0 0 0 0 0 0 0 0 0 0 0 0
3 3 7 5 1 1 3 4 5 8 8 8 0 8 8 4 2 2 2 2 6 6 7 6 5 4 4 5 5 4 4 6 14 109 0 418 328 56 64 0 0 0 0 102 60 21 11 13 12 16 128 96 19 9 5 5 5 8 7 0 0 0 0 0 0 0 0 0 0 0 0 0 0 0 0 0 0 0 0 0 0 0 0 0 0 0 0 0 0 0 0 0 0 0 0 0
2 3 1 3 3 2 2 3 12 9 6 7 9 9 8 4 2 2 2 2 3 4 4 4 4 7 6 7 7 8 7 8 46 129 270 362 235 110 53 75 129 0 0 108 44 11 8 6 8 11 16 47 17 7 3 7 4 17 0 0 0 0 0 0 0 0 0 0 0 0 0 0 0 0 0 0 0 0 0 0 0 0 0 0 0 0 0 0 0 0 0 0 0 0 0 0
5 4 3 2 3 1 1 1 12 10 6 14 14 15 3 2 2 2 3 3 4 4 10 7 8 9 7 7 11 14 9 9 42 247 186 386 233 37 25 0 90 147 121 60 40 37 18 5 8 11 36 20 16 7 7 30 0 0 0 0 0 0 0 0 0 0 0 0 0 0 0 0 0 0 0 0 0 0 0 0 0 0 0 0 0 0 0 0 0 0 0 0 0 0 0 0
5 5 4 3 3 2 2 1 5 5 25 20 15 13 2 2 2 3 3 3 5 6 25 21 9 8 5 5 14 15 10 16 25 87 288 329 151 52 23 28 51 71 79 56 35 21 10 18 10 137 147 93 27 2 20 35 0 0 0 0 0 0 0 0 0 0 0 0 0 0 0 0 0 0 0 0 0 0 0 0 0 0 0 0 0 0 0 0 0 0 0 0 0 0 0 0
10 10 5 10 9 2 84 88 5 5 10 15 16 19 12 3 2 3 3 3 5 6 23 24 9 6 3 3 15 16 9 10 23 38 0 188 105 12 19 28 28 35 56 55 40 29 0 42 13 21 33 0 15 14 45 0 0 0 0 0 0 0 0 0 0 0 0 0 0 0 0 0 0 0 0 0 0 0 0 0 0 0 0 0 0 0 0 0 0 0 0 0 0 0 0 0
15 14 20 20 15 17 1104 181 14 13 15 19 48 53 35 25 7 9 12 12 11 8 10 10 8 8 3 3 15 17 7 8 14 22 0 111 47 21 14 18 23 36 41 34 40 38 38 41 23 4 4 27 46 63 48 0 0 0 0 0 0 0 0 0 0 0 0 0 0 0 0 0 0 0 0 0 0 0 0 0 0 0 0 0 0 0 0 0 0 0 0 0 0 0 0 0
66 34 40 20 25 25 30 21 16 16 16 30 46 58 40 28 15 12 12 12 16 12 7 6 7 7 3 6 17 16 7 7 7 16 0 31 34 27 12 10 10 22 26 24 35 32 31 28 20 4 4 7 76 70 60 0 0 0 0 0 0 0 0 0 0 0 0 0 0 0 0 0 0 0 0 0 0 0 0 0 0 0 0 0 0 0 0 0 0 0 0 0 0 0 0 0
21 66 63 29 31 52 37 28 17 16 16 33 35 45 30 28 17 12 14 18 23 16 10 7 7 9 8 8 13 16 16 10 6 10 0 0 19 23 18 10 10 10 10 10 26 31 29 28 17 4 7 20 30 48 485 0 0 0 0 0 0 0 0 0 0 0 0 0 0 0 0 0 0 0 0 0 0 0 0 0 0 0 0 0 0 0 0 0 0 0 0 0 0 0 0 0
22 43 81 44 20 39 30 23 16 17 15 18 22 22 22 23 18 19 16 18 74 70 40 36 14 12 8 8 12 14 10 6 8 11 11 0 14 6 8 8 9 10 10 10 6 9 18 35 31 10 14 22 20 23 0 0 0 0 0 0 0 0 0 0 0 0 0 0 0 0 0 0 0 0 0 0 0 0 0 0 0 0 0 0 0 0 0 0 0 0 0 0 0 0 0 0
6 5 5 5 5 6 12 12 12 14 13 7 7 11 15 22 27 27 25 23 31 28 59 287 20 15 12 9 9 8 8 7 7 11 11 0 22 6 6 6 7 9 10 9 5 5 21 36 34 30 28 30 20 20 0 0 0 0 0 0 0 0 0 0 0 0 0 0 0 0 0 0 0 0 0 0 0 0 0 0 0 0 0 0 0 0 0 0 0 0 0 0 0 0 0 0
0 5 5 5 8 11 12 12 12 12 13 12 9 6 6 11 25 26 27 23 22 24 33 54 57 31 12 10 8 6 7 6 6 9 11 0 0 7 6 6 6 8 9 5 5 6 27 36 33 29 28 31 29 31 854 0 0 0 0 0 0 0 0 0 0 0 0 0 0 0 0 0 0 0 0 0 0 0 0 0 0 0 0 0 0 0 0 0 0 0 0 0 0 0 0 0
0 0 5 6 12 12 12 12 12 12 12 13 12 5 5 3 3 15 16 16 18 17 26 31 12 7 10 11 12 7 6 6 6 9 12 12 0 0 9 6 7 7 7 6 7 17 19 21 26 27 29 31 30 27 27 0 0 0 0 0 0 0 0 0 0 0 0 0 0 0 0 0 0 0 0 0 0 0 0 0 0 0 0 0 0 0 0 0 0 0 0 0 0 0 0 0
0 0 4 5 8 11 12 12 10 10 10 12 7 5 4 3 3 3 3 5 12 13 22 24 8 5 6 9 18 18 18 13 6 10 10 11 12 0 13 22 0 7 7 14 23 23 19 19 19 19 25 24 15 14 13 0 0 0 0 0 0 0 0 0 0 0 0 0 0 0 0 0 0 0 0 0 0 0 0 0 0 0 0 0 0 0 0 0 0 0 0 0 0 0 0 0
0 0 0 4 5 11 14 13 10 9 9 5 3 3 3 3 3 3 3 3 4 4 4 6 7 5 5 9 16 18 12 6 7 7 10 9 9 11 23 29 31 0 9 25 30 29 26 23 14 9 13 5 6 11 12 0 0 0 0 0 0 0 0 0 0 0 0 0 0 0 0 0 0 0 0 0 0 0 0 0 0 0 0 0 0 0 0 0 0 0 0 0 0 0 0 0
0 0 0 69 9 14 14 11 9 9 9 4 3 3 3 3 3 2 2 2 4 4 4 6 5 5 5 14 0 12 5 6 7 0 14 0 5 8 12 24 35 33 23 29 30 30 25 17 7 6 5 2 2 8 12 0 0 0 0 0 0 0 0 0 0 0 0 0 0 0 0 0 0 0 0 0 0 0 0 0 0 0 0 0 0 0 0 0 0 0 0 0 0 0 0 0
0 0 255 4 11 14 13 10 9 9 8 3 3 3 3 2 2 2 2 3 5 5 5 5 5 5 5 14 15 4 4 6 8 0 9 4 4 7 8 8 14 28 45 106 39 31 30 14 6 6 5 2 2 9 12 0 0 0 0 0 0 0 0 0 0 0 0 0 0 0 0 0 0 0 0 0 0 0 0 0 0 0 0 0 0 0 0 0 0 0 0 0 0 0 0 0
0 0 0 4 7 12 11 10 10 9 9 5 3 3 3 2 2 2 2 2 4 5 5 5 5 5 5 8 8 5 4 5 6 11 8 6 4 5 8 8 8 9 22 59 32 23 18 9 9 7 2 2 2 14 30 0 0 0 0 0 0 0 0 0 0 0 0 0 0 0 0 0 0 0 0 0 0 0 0 0 0 0 0 0 0 0 0 0 0 0 0 0 0 0 0 0
0 0 0 6 7 10 11 11 10 9 9 9 6 2 2 2 2 2 2 2 4 5 5 5 12 17 13 11 7 7 6 6 6 10 10 7 6 8 8 8 5 7 10 33 0 23 16 10 10 9 4 4 12 26 44 46 64 0 0 0 0 0 0 0 0 0 0 0 0 0 0 0 0 0 0 0 0 0 0 0 0 0 0 0 0 0 0 0 0 0 0 0 0 0 0 0
0 0 0 11 11 11 11 11 11 12 10 9 9 4 2 2 2 2 2 2 3 5 5 5 10 17 17 0 9 18 14 6 6 9 9 8 7 8 7 5 4 3 7 20 0 38 20 10 10 10 10 12 29 36 66 62 23 0 0 0 0 0 0 0 0 0 0 0 0 0 0 0 0 0 0 0 0 0 0 0 0 0 0 0 0 0 0 0 0 0 0 0 0 0 0 0
0 0 0 0 11 11 11 13 15 14 14 10 9 11 5 2 2 2 2 1 2 2 2 1 7 13 12 18 18 19 18 24 9 8 8 0 8 5 3 5 3 3 16 42 0 38 26 10 10 10 10 9 22 22 16 13 18 0 0 0 0 0 0 0 0 0 0 0 0 0 0 0 0 0 0 0 0 0 0 0 0 0 0 0 0 0 0 0 0 0 0 0 0 0 0 0
0 0 0 0 12 11 18 41 37 15 14 13 14 12 2 1 1 1 1 1 1 1 1 1 4 4 5 13 17 18 129 108 8 8 8 9 7 3 3 3 3 3 22 43 0 0 10 4 5 4 4 2 2 7 7 20 24 0 0 0 0 0 243 0 0 0 0 0 0 0 0 0 0 0 0 0 0 0 0 0 0 0 0 0 0 0 0 0 0 0 0 0 0 0 0 0
0 0 0 15 15 14 38 41 37 14 14 14 14 6 1 1 1 1 1 1 1 1 1 1 3 4 4 4 4 4 16 48 26 6 7 6 3 3 3 3 6 10 22 42 0 0 5 3 1 1 0 1 5 8 6 8 15 0 0 0 0 0 0 0 0 0 0 0 0 0 0 0 0 0 37 0 0 0 0 0 0 0 0 0 0 0 0 0 0 0 0 0 0 0 0 0
0 0 15 15 15 22 41 41 37 14 14 14 8 1 1 1 1 1 1 1 1 1 1 2 3 4 3 3 3 4 6 45 202 51 5 5 4 3 3 3 10 12 44 50 0 8 4 2 2 1 2 2 8 8 7 8 32 0 0 0 0 0 0 0 0 0 0 0 0 0 0 0 0 0 13 0 0 0 0 0 0 0 0 0 0 0 0 0 0 0 0 0 0 0 0 0
0 15 15 15 15 17 36 40 34 15 14 14 3 1 1 1 1 1 1 1 3 3 3 3 3 2 1 2 2 3 6 6 36 41 5 5 4 4 4 15 22 26 58 69 0 0 18 10 1 1 2 3 12 11 19 22 38 0 0 0 0 0 0 0 0 0 0 0 0 0 0 0 0 28 12 11 0 0 0 0 0 0 0 0 0 0 0 0 0 0 0 0 0 0 0 0
0 3 6 13 13 11 12 17 10 14 14 9 1 1 1 1 1 1 1 1 3 3 3 3 3 1 1 1 2 3 7 7 7 6 4 4 5 6 11 21 24 49 134 133 101 0 30 9 2 2 4 4 11 19 26 38 41 0 0 0 0 0 0 0 0 0 0 0 0 0 0 0 20 15 9 22 0 0 0 0 0 0 0 0 0 0 0 0 0 0 0 0 0 0 0 0
0 2 2 8 10 10 10 10 10 1 6 1 1 1 1 1 1 1 1 1 4 3 3 3 3 3 1 1 2 3 8 8 31 8 4 4 10 13 13 25 20 11 44 169 139 0 0 26 12 4 4 9 0 14 18 32 40 0 0 0 0 0 0 0 0 0 0 0 0 0 0 7 7 8 10 28 65 0 0 0 0 0 0 0 0 0 0 0 0 0 0 0 0 0 0 0
2 2 3 9 10 10 10 10 10 2 1 1 1 1 1 1 1 1 1 1 5 5 7 7 5 5 4 5 4 5 7 8 28 8 5 8 12 9 6 3 3 4 4 12 58 120 0 87 19 19 19 19 19 14 16 29 58 110 0 0 0 0 0 0 0 0 0 0 0 0 0 10 16 13 18 31 30 0 0 0 0 0 0 0 0 0 0 0 0 0 0 0 0 0 0 0
2 2 5 10 10 10 10 9 7 3 1 1 1 1 1 1 1 1 1 1 5 6 13 12 5 5 5 5 5 5 5 7 275 11 11 9 3 2 2 3 3 3 6 6 24 106 149 94 20 42 36 22 21 30 130 34 37 0 0 0 0 0 0 0 0 0 0 0 0 0 7 12 13 19 10 28 31 0 0 0 0 0 0 0 0 0 0 0 0 0 0 0 0 0 0 0
2 2 2 9 10 8 8 3 3 3 2 1 1 1 1 1 1 1 1 1 5 5 4 9 4 3 4 4 4 4 13 19 54 12 11 10 11 4 3 4 6 7 8 9 28 173 264 147 27 39 34 27 15 29 44 44 26 0 0 0 0 0 0 0 0 0 0 0 75 8 9 17 11 23 13 16 0 0 0 0 0 0 0 0 0 0 0 0 0 0 0 0 0 0 0 0
2 2 2 6 4 3 3 3 3 3 2 1 1 1 1 1 1 1 1 1 4 4 4 4 3 2 3 4 4 11 34 27 12 13 12 12 16 17 16 19 10 8 9 37 19 80 167 52 26 25 31 30 13 18 59 79 0 0 0 0 0 0 0 0 0 3 4 5 10 25 14 11 7 11 14 22 0 0 0 0 0 0 0 0 0 0 0 0 0 0 0 0 0 0 0 0
2 2 2 3 3 3 3 3 3 3 2 1 1 1 1 1 1 1 1 1 1 4 4 3 2 2 4 4 4 12 20 7 6 0 11 12 15 21 31 34 30 19 8 5 9 28 59 20 21 23 24 37 14 14 50 0 0 0 0 0 0 0 0 0 0 3 3 4 6 16 7 6 4 6 20 19 0 0 0 0 0 0 0 0 0 0 0 0 0 0 0 0 0 0 0 0
1 1 0 2 4 5 5 5 5 4 4 3 1 1 1 1 1 1 1 1 1 1 3 2 2 2 4 4 7 5 18 7 8 14 14 12 35 39 46 32 28 24 6 4 7 12 29 19 21 41 48 42 18 0 0 0 0 0 0 0 0 0 0 0 3 2 2 1 3 5 4 5 24 34 67 0 0 0 0 0 0 0 0 0 0 0 0 0 0 0 0 0 0 0 0 0
0 0 0 0 8 11 11 11 11 11 11 11 3 2 1 1 1 1 1 1 1 1 3 5 6 5 4 22 9 7 11 6 16 20 20 18 32 123 304 42 32 23 8 1 4 13 16 12 10 105 70 0 0 0 0 0 0 0 0 0 0 0 0 0 3 2 2 3 4 6 6 11 31 36 46 0 0 0 0 0 0 0 0 0 0 0 0 0 0 0 0 0 0 0 0 0
0 0 0 0 2 11 11 11 11 11 11 11 3 3 3 3 3 3 2 2 1 1 1 4 1 1 1 4 4 4 6 8 19 20 21 23 32 76 80 36 32 27 12 3 6 7 3 12 30 67 0 0 0 0 0 0 0 0 0 0 0 0 0 0 7 2 2 6 5 8 15 25 28 11 67 0 0 0 0 0 0 0 0 0 0 0 0 0 0 0 0 0 0 0 0 0
0 0 0 0 0 3 3 2 2 2 4 6 2 2 2 3 3 3 1 1 1 1 1 1 1 1 1 2 4 4 5 10 15 21 27 27 24 27 20 26 40 47 25 14 10 4 2 7 27 0 0 0 0 0 0 0 0 0 0 0 0 0 0 0 3 3 4 18 14 39 122 354 19 20 0 0 0 0 0 0 0 0 0 0 0 0 0 0 0 0 0 0 0 0 0 0
0 0 1 1 0 0 0 0 1 2 1 2 1 1 1 1 1 1 1 1 1 1 1 1 1 1 3 3 4 5 9 11 9 14 28 31 20 19 26 34 53 42 19 68 26 14 2 0 0 0 0 0 0 0 0 0 0 0 0 0 0 0 0 0 0 5 3 5 28 53 99 78 14 27 0 0 0 0 0 0 0 0 0 0 0 0 0 0 0 0 0 0 0 0 0 0
0 0 1 1 1 0 0 0 0 1 1 1 1 1 0 0 0 0 1 1 1 1 1 1 1 1 3 3 3 8 13 12 9 7 13 27 22 26 28 30 41 30 11 14 21 210 0 0 0 0 0 0 0 0 0 0 0 0 0 0 0 0 0 0 0 5 0 9 23 49 148 50 23 55 0 0 0 0 0 0 0 0 0 0 0 0 0 0 0 0 0 0 0 0 0 0
0 0 0 1 1 1 0 0 1 1 1 1 1 1 1 1 0 0 1 1 1 1 1 1 1 1 2 3 3 3 8 12 69 167 12 19 38 34 46 35 38 44 14 11 17 0 0 0 0 0 0 0 0 0 0 0 0 0 0 0 0 0 0 0 0 9 6 6 5 26 62 28 29 0 0 0 0 0 0 0 0 0 0 0 0 0 0 0 0 0 0 565 0 0 0 0
0 0 0 1 1 1 1 1 1 1 1 1 1 1 0 0 0 0 1 1 1 1 1 1 0 2 1 2 3 3 10 15 17 17 10 27 34 32 28 17 37 17 6 7 11 10 0 0 0 0 0 0 0 0 0 0 0 0 0 0 0 0 0 0 4 3 2 3 3 28 51 36 39 0 0 0 0 0 0 0 0 0 0 0 0 0 0 0 0 0 0 0 0 0 0 0
0 0 0 0 1 1 1 1 1 1 1 1 1 1 1 0 0 0 0 0 0 0 0 0 0 0 0 0 2 2 6 17 17 16 11 11 9 8 9 10 17 4 4 4 7 7 0 0 0 0 0 0 0 0 0 0 0 0 0 0 0 0 0 4 5 4 2 2 5 30 73 26 30 0 0 0 0 0 0 0 0 0 0 0 0 0 0 0 0 0 0 0 0 0 0 0
0 0 0 0 0 1 1 1 1 1 1 2 1 1 1 1 0 0 0 0 0 0 0 0 0 0 0 1 2 2 3 5 7 9 9 6 6 7 9 9 3 2 2 2 3 7 10 0 0 0 0 0 0 0 0 0 0 0 0 0 0 0 0 13 3 4 5 2 7 50 87 29 0 0 0 0 0 0 0 0 0 0 0 0 0 0 0 0 0 0 0 0 0 0 0 0
0 0 0 0 0 1 1 1 1 2 3 4 1 1 1 1 0 0 0 0 0 0 0 0 0 0 1 2 2 2 5 5 5 5 4 4 8 15 10 3 2 1 1 2 4 19 17 0 0 0 0 0 0 0 0 0 0 0 0 0 0 0 7 9 6 5 3 3 10 15 20 58 0 0 0 0 0 0 0 0 0 0 0 0 0 0 0 0 0 0 0 0 0 0 0 0
0 0 0 0 0 4 1 1 4 4 4 4 3 1 1 1 0 0 0 0 0 0 0 0 0 0 1 3 4 5 6 6 5 15 3 5 43 68 2 2 2 1 1 2 3 21 23 0 0 0 0 0 0 0 0 0 0 0 0 0 0 0 0 17 10 4 3 5 6 6 21 0 0 0 0 0 0 0 0 0 0 0 0 0 0 0 0 0 0 0 0 0 0 0 0 0
0 0 0 0 0 3 0 2 5 3 2 4 4 1 1 0 0 0 0 0 0 0 1 1 1 1 4 8 8 7 6 10 19 48 25 34 117 80 3 2 0 2 1 1 2 10 30 0 0 0 0 0 0 0 0 0 0 0 0 0 0 0 0 53 10 5 3 6 8 4 24 0 0 0 0 0 0 0 0 0 0 0 0 0 0 0 0 0 0 0 0 0 0 0 0 0
0 0 0 0 0 0 0 2 4 2 2 2 1 1 1 0 0 0 0 0 0 0 3 4 4 4 5 7 7 7 3 3 8 74 54 40 68 51 20 3 3 3 7 7 4 12 92 0 0 0 0 0 0 0 0 0 0 0 0 0 0 0 0 16 15 18 9 9 8 5 17 0 0 0 0 0 0 0 0 0 0 0 0 0 0 0 0 0 0 0 0 0 0 0 0 0
0 0 0 0 0 0 0 0 1 1 1 1 1 1 1 1 0 0 0 0 0 0 4 4 4 4 4 7 7 6 4 4 4 12 27 79 84 31 4 2 4 23 14 30 10 15 38 0 0 0 0 0 0 0 0 0 0 0 0 0 0 0 0 0 8 14 15 12 6 9 12 0 0 0 0 0 0 0 0 0 0 0 0 0 0 0 0 0 0 0 0 0 0 0 0 0
0 0 0 0 0 0 0 0 0 0 0 1 1 1 1 1 0 0 0 0 0 0 3 4 5 6 5 42 15 13 6 12 6 43 30 92 32 29 117 7 6 23 45 54 52 0 0 0 0 0 0 0 0 0 0 0 0 0 0 0 0 0 0 0 9 12 18 12 17 20 39 0 0 0 0 0 0 0 0 0 0 0 0 0 0 0 0 0 0 0 0 0 0 0 0 0
0 0 0 0 0 0 0 0 0 0 0 1 1 1 1 1 2 0 0 0 0 1 1 1 3 5 6 42 11 25 53 136 166 107 52 27 6 10 97 7 7 36 70 0 0 0 0 0 0 0 0 0 0 0 0 0 0 0 0 0 0 0 0 0 0 9 13 30 0 0 0 0 0 0 0 0 0 0 0 0 0 0 0 0 0 0 0 0 0 0 0 0 0 0 0 0
0 0 0 0 0 0 0 0 0 0 0 1 1 1 1 1 2 1 0 0 1 1 3 3 3 22 29 24 6 8 69 129 333 25 36 15 7 20 50 101 26 729 0 0 0 0 0 0 0 0 0 0 0 0 0 0 0 0 0 0 0 0 0 0 0 0 0 0 0 0 0 0 0 0 0 0 0 0 0 0 0 0 0 0 0 0 0 0 0 0 0 0 0 0 0 0
0 0 0 0 0 0 0 0 0 0 0 1 1 1 1 1 2 1 0 1 1 4 9 6 3 3 29 34 12 9 84 538 845 73 41 15 9 51 57 36 30 0 0 0 0 0 0 0 0 0 0 0 0 0 0 0 0 0 0 0 0 0 0 0 0 0 0 0 0 0 0 0 0 0 0 0 0 0 0 0 0 0 0 0 0 0 0 0 0 0 0 0 0 0 0 0
0 0 0 0 0 0 0 0 0 0 0 0 1 1 1 1 2 1 1 1 1 3 11 9 4 3 9 10 48 57 40 182 99 19 23 14 12 25 52 29 17 12 0 0 0 0 0 0 0 0 0 0 0 0 0 0 0 0 0 0 0 0 0 0 0 0 0 0 0 0 0 0 0 0 0 0 0 0 0 0 0 0 0 0 0 0 0 0 0 0 0 0 0 0 0 0
0 0 0 0 0 0 0 0 0 0 0 0 1 0 0 0 2 2 2 2 3 2 8 11 3 16 9 10 19 22 15 13 11 9 9 13 10 18 54 51 34 0 0 0 0 0 0 0 0 0 0 0 0 0 0 0 0 0 0 0 0 0 0 0 0 0 0 0 0 0 0 0 0 0 0 0 0 0 0 0 0 0 0 0 0 0 0 0 0 0 0 0 0 0 0 0
0 0 0 0 0 0 0 0 0 0 0 0 0 0 0 0 2 2 2 2 3 3 2 3 10 44 8 7 11 84 22 13 10 8 6 15 110 19 16 42 22 0 0 0 0 0 0 0 0 0 0 0 0 0 0 0 0 0 0 0 0 0 0 0 0 0 0 0 0 0 0 0 0 0 0 0 0 0 0 0 0 0 0 0 0 0 0 0 0 0 0 0 0 0 0 0
0 0 0 0 0 0 0 0 0 1 1 0 0 0 0 0 2 2 2 2 3 3 3 4 5 12 3 5 9 71 11 10 17 57 9 28 27 66 33 68 51 0 0 0 0 0 0 0 0 0 0 0 0 0 0 0 0 0 0 0 0 0 0 0 0 0 0 0 0 0 0 0 0 0 0 0 0 0 0 0 0 0 0 0 0 0 0 0 0 0 0 0 0 0 0 0
0 0 0 0 0 0 0 0 0 1 1 1 1 1 0 0 1 2 1 1 1 1 1 3 32 27 3 10 13 8 9 26 56 109 48 28 67 57 62 107 0 0 0 0 0 0 0 0 0 0 0 0 0 0 0 0 0 0 0 0 0 0 0 0 0 0 0 0 0 0 0 0 0 0 0 0 0 0 0 0 0 0 0 0 0 0 0 0 0 0 0 0 0 0 0 0
0 0 0 0 0 0 0 0 0 0 2 2 2 2 1 0 0 0 0 1 1 1 1 3 4 5 3 26 41 98 17 90 76 36 18 28 31 87 100 0 0 0 0 0 0 0 0 0 0 0 0 0 0 0 0 0 0 0 0 0 0 0 0 0 0 0 0 0 0 0 0 0 0 0 0 0 0 0 0 0 0 0 0 0 0 0 0 0 0 0 0 0 0 0 0 0
0 0 0 0 0 0 0 0 0 0 2 2 2 2 1 0 0 0 0 1 2 2 2 2 2 2 2 3 3 5 57 84 52 27 14 49 149 682 0 0 0 0 0 0 0 0 0 0 0 0 0 0 0 0 0 0 0 0 0 0 0 0 0 0 0 0 0 0 0 0 0 0 0 0 0 0 0 0 0 0 0 0 0 0 0 0 0 0 0 0 0 0 0 0 0 0
