dashboard/data/pop/popdens/gpw_pop_density_hd_1990a.asc
ncols 720 
nrows 360
xllcorner -180
yllcorner -90
cellsize .5
NODATA_value -99
[rows 80 to 159 of 360, columns 480 to 575 of 720]
1 1 1 1 1 1 1 1 1 1 1 1 2 2 1 1 1 2 2 2 1 1 1 3 7 227 213 4 3 3 2 2 1 1 1 1 1 1 1 2 3 3 4 6 7 125 9 7 31 4 2 2 2 1 1 1 1 1 1 2 2 2 2 2 2 2 2 2 2 2 1 1 1 1 1 1 1 1 1 1 1 1 1 1 1 1 1 1 1 2 2 2 2 2 2 2
1 1 0 0 0 1 1 1 1 1 1 1 1 0 0 0 1 1 1 1 1 1 1 3 4 4 3 3 2 2 2 2 2 2 1 1 1 1 1 1 2 3 3 3 4 5 5 5 6 7 3 3 3 3 2 2 3 3 3 3 3 2 2 2 2 2 2 2 2 2 2 1 1 1 1 1 1 1 1 1 1 1 1 1 1 1 1 1 1 2 2 2 2 2 2 2
1 0 0 0 0 0 1 1 1 1 1 0 0 0 0 0 0 1 1 1 1 1 1 1 1 2 2 2 2 1 1 2 2 2 2 1 1 1 1 1 2 3 3 4 4 4 5 3 3 3 3 2 2 6 6 6 4 3 3 3 3 3 1 1 1 2 2 1 1 1 1 1 1 1 1 1 1 1 1 1 1 2 2 2 1 1 1 1 3 7 7 7 7 7 5 3
1 1 1 1 0 0 0 0 0 0 0 0 0 0 0 2 0 0 0 1 2 9 1 1 1 1 1 1 1 1 1 1 1 1 1 1 1 1 1 3 4 4 4 3 3 3 0 0 3 2 2 6 8 7 6 14 14 4 3 3 3 3 1 1 1 1 0 1 1 1 1 1 1 1 1 1 1 2 2 2 2 2 2 2 2 1 1 1 5 9 9 9 9 9 9 9
1 1 1 1 1 0 0 0 0 0 0 0 0 0 26 71 0 0 1 1 1 1 1 1 1 1 1 1 1 1 1 0 0 0 1 1 1 1 1 3 4 4 5 3 2 2 4 4 4 4 4 5 6 6 10 15 15 4 3 3 3 3 2 1 0 1 0 1 1 1 1 1 1 1 1 1 1 1 1 1 2 2 2 2 2 2 1 3 7 9 9 9 9 9 9 9
1 1 1 1 1 1 0 0 0 0 0 0 0 0 0 0 0 0 1 1 1 1 2 1 1 1 1 1 1 0 1 0 0 0 1 1 1 1 2 4 3 3 6 7 3 3 14 5 4 4 4 4 4 4 0 5 8 3 3 3 3 3 2 1 1 1 1 1 1 1 1 1 1 1 1 1 1 1 1 1 1 2 2 2 2 2 2 2 9 9 9 9 9 9 9 9
1 1 1 1 1 2 2 1 1 0 0 0 0 0 0 0 0 1 1 1 1 1 1 1 1 1 1 0 2 72 18 1 1 1 2 1 1 1 1 2 4 4 8 6 4 14 33 19 18 11 2 2 2 2 2 2 2 2 3 3 3 3 1 1 1 1 1 1 1 1 1 1 1 1 1 1 1 1 1 1 1 1 1 2 2 2 2 2 6 9 8 7 8 8 9 8
0 0 1 1 2 2 2 1 2 2 2 1 1 1 0 0 0 0 1 1 1 1 1 1 1 1 1 1 0 1 1 1 2 3 3 1 1 1 1 2 5 4 0 0 4 8 9 11 12 12 5 10 2 2 2 2 2 2 3 3 3 3 1 1 1 1 1 1 1 1 1 1 1 1 1 1 1 1 1 1 1 1 1 2 2 2 2 2 2 2 1 1 1 1 2 1
0 0 2 2 2 2 1 1 1 2 2 2 2 2 1 1 1 1 1 1 1 1 1 1 1 1 1 0 0 1 1 1 2 3 3 3 2 4 7 9 8 6 5 4 5 7 4 4 4 6 19 10 2 2 2 2 2 2 3 3 3 2 1 1 1 1 1 1 1 1 1 1 1 1 1 1 1 1 1 1 1 1 2 2 2 2 2 1 1 1 1 1 1 1 1 1
0 0 0 2 2 2 1 1 1 2 2 2 2 2 2 1 1 1 1 1 1 1 1 1 1 1 1 1 2 2 2 1 1 3 3 3 56 8 6 7 9 9 8 12 12 6 4 4 6 19 18 10 10 12 14 2 2 2 3 3 6 10 4 1 1 1 1 1 1 1 1 1 1 1 1 1 1 1 1 1 1 1 1 2 2 2 2 1 1 1 1 1 1 1 1 1
0 0 0 2 2 2 1 2 2 2 32 42 2 3 4 1 1 1 1 1 1 1 1 1 1 1 1 1 1 2 4 2 6 4 6 6 17 27 12 10 16 26 16 22 20 13 10 11 11 46 39 14 14 19 30 37 15 16 15 13 13 12 7 3 3 3 3 2 1 1 1 1 1 1 1 1 1 1 1 1 1 1 1 1 2 2 1 0 0 1 1 1 1 1 1 1
0 0 2 2 2 2 1 2 2 2 2 2 3 4 4 2 1 1 1 1 1 3 2 1 1 1 1 1 4 6 9 4 10 15 13 7 5 6 10 11 20 59 61 55 15 10 10 11 11 42 40 82 184 20 30 35 15 16 16 13 8 7 5 3 3 3 3 3 3 1 1 1 1 1 1 1 1 1 1 1 1 1 1 1 1 1 1 0 0 0 0 0 1 1 1 1
0 1 2 2 2 1 1 1 1 1 2 2 4 4 4 5 14 31 1 25 1 3 3 12 10 7 6 23 5 9 10 7 7 19 47 25 12 12 8 8 9 34 159 55 30 16 20 18 13 12 14 14 17 28 117 471 19 17 15 12 6 6 6 3 3 3 3 2 1 1 1 1 1 1 1 1 1 1 1 0 0 0 0 0 0 0 0 0 0 0 0 0 0 0 0 0
4 3 3 3 2 0 0 0 0 1 1 3 4 4 4 6 43 16 7 4 23 8 15 14 8 8 10 11 31 19 11 8 15 505 126 29 12 9 7 7 7 15 17 19 21 33 32 28 22 5 7 6 9 25 15 12 13 16 16 10 4 4 4 4 4 4 4 3 2 1 1 1 1 1 1 1 1 1 1 0 0 0 0 0 0 0 0 0 0 0 0 0 0 0 0 0
6 6 8 16 2 0 0 0 0 1 1 1 3 3 3 3 3 6 11 32 22 13 154 18 24 8 11 45 64 364 62 17 17 28 26 0 28 12 11 8 9 12 13 14 15 13 7 5 4 4 4 4 4 4 4 5 7 10 16 7 4 4 4 4 4 4 4 4 4 4 4 3 1 0 0 0 0 1 1 0 0 0 0 0 0 0 0 0 0 0 0 0 0 0 0 0
39 7 8 14 0 0 0 11 0 1 1 1 3 4 6 7 8 26 78 195 31 24 14 13 12 10 10 15 18 16 12 9 34 0 0 0 30 7 7 7 10 12 12 12 11 12 23 21 5 5 9 13 18 14 4 4 7 11 16 5 4 4 4 4 4 4 4 4 4 4 4 4 1 0 0 0 0 0 0 0 0 0 0 0 0 0 0 0 0 0 0 0 1 1 3 5
129 137 27 9 0 0 0 0 19 7 1 1 1 5 6 6 17 20 27 54 20 8 8 16 14 20 11 8 7 7 0 6 6 7 7 6 6 7 13 12 13 12 11 13 16 19 23 22 5 5 21 34 35 16 9 4 5 7 14 6 4 4 4 4 4 4 4 4 4 4 3 2 0 0 0 0 0 0 0 0 0 0 0 0 0 0 0 0 0 1 1 2 2 2 2 5
73 100 28 17 12 5 1 2 3 3 1 1 1 5 6 6 26 72 1207 133 66 34 67 264 110 38 57 22 5 5 4 15 12 3 3 4 5 14 19 16 16 13 16 24 18 8 16 21 6 4 11 18 4 1 1 1 2 2 4 3 2 2 2 2 2 3 4 4 4 4 3 2 0 0 0 0 0 0 0 0 0 0 0 0 0 0 0 0 0 2 2 2 2 3 58 67
4 2 2 2 34 14 7 11 19 26 13 7 7 8 8 29 102 168 117 124 53 178 200 321 547 290 83 30 14 4 3 3 3 6 6 3 3 4 8 17 18 19 22 17 5 5 5 7 3 1 1 1 1 1 1 1 1 1 1 1 0 0 0 0 0 0 0 3 5 4 3 3 3 3 7 9 6 2 6 6 2 0 0 0 0 0 0 0 0 1 2 2 11 64 135 56
5 2 2 4 7 15 15 14 25 56 103 61 66 51 25 116 58 108 158 189 106 151 127 287 90 53 47 8 9 5 2 3 10 12 12 8 5 8 9 11 15 15 21 22 6 5 5 5 1 1 1 1 1 1 1 1 0 0 0 0 0 0 0 0 0 1 5 5 5 5 5 3 3 7 14 14 10 8 8 6 1 0 0 0 0 0 0 0 0 0 1 2 2 16 10 7
5 5 5 5 5 10 14 18 135 81 38 61 96 351 177 46 35 62 59 27 13 19 23 17 15 17 15 5 2 2 9 40 43 24 31 33 14 14 14 14 15 15 21 22 5 5 5 3 0 0 0 0 0 0 0 0 0 0 0 0 0 0 0 0 0 2 3 3 4 3 1 1 1 7 8 13 57 68 17 23 12 0 0 0 0 0 0 0 1 1 2 2 2 72 5 6
4 7 13 7 6 7 8 94 19 20 36 59 49 131 113 49 17 21 21 21 17 15 12 10 5 2 1 4 4 3 27 98 117 44 35 17 15 14 14 14 14 14 14 4 5 1 1 0 0 0 0 0 0 0 0 0 0 0 0 0 0 0 0 0 0 0 1 1 1 1 0 0 0 0 1 2 2 21 36 23 65 64 0 1 6 5 8 14 4 2 2 2 61 175 5 5
7 9 14 10 7 6 6 14 10 12 35 159 44 69 57 37 103 336 62 35 11 8 9 8 3 0 0 3 5 6 6 12 45 66 59 20 18 16 9 13 14 14 11 4 5 1 0 0 0 0 0 0 0 0 0 0 0 0 0 0 0 0 0 1 1 1 1 0 1 1 1 1 0 0 1 1 2 3 3 2 66 75 28 15 62 17 17 14 3 2 2 49 169 49 5 5
5 6 11 11 8 7 7 7 7 10 10 26 23 19 20 141 66 95 67 39 16 11 9 6 4 2 0 0 0 1 5 6 6 57 90 15 10 5 5 13 14 14 6 5 5 1 0 0 0 0 0 0 0 0 0 0 0 0 0 0 0 1 1 1 1 1 1 1 1 1 1 1 1 2 2 1 1 1 2 3 3 53 37 32 73 65 40 2 2 2 2 64 172 28 8 5
5 4 9 59 33 7 7 7 9 10 10 13 12 30 63 64 49 158 85 115 25 13 12 6 6 4 0 0 0 0 1 3 19 49 14 9 5 5 6 14 15 12 4 5 5 1 1 0 0 0 0 0 0 0 0 0 0 0 0 0 0 1 1 1 1 1 1 1 1 1 1 1 1 2 2 2 1 1 1 4 5 4 15 9 107 130 80 24 2 6 23 75 146 39 22 27
14 13 10 16 11 7 7 7 10 8 13 34 32 60 108 42 53 89 66 36 15 13 13 17 7 8 10 9 9 4 1 1 7 12 12 6 5 5 9 72 15 8 5 5 4 1 1 0 0 0 0 0 0 0 0 0 0 0 0 0 0 0 1 1 1 1 1 1 1 1 1 1 1 2 2 2 2 3 2 5 0 10 79 71 44 46 49 46 38 60 60 63 40 27 30 37
14 9 11 15 8 7 8 11 11 15 20 38 38 50 41 17 56 87 52 35 15 13 13 11 15 19 16 15 14 14 13 5 4 11 12 6 5 5 13 15 15 5 5 5 5 1 1 0 0 0 0 0 0 0 0 0 0 0 0 0 0 0 1 1 1 1 1 1 1 1 1 1 1 1 1 1 3 6 8 9 0 0 97 403 109 70 76 52 115 75 67 53 50 32 32 31
20 20 13 12 6 5 6 10 13 17 19 37 38 50 36 17 23 40 42 36 29 13 15 20 21 16 14 14 14 14 14 14 1 3 12 8 5 9 15 15 11 4 4 5 5 1 1 1 0 0 0 0 0 0 0 0 0 0 0 0 0 0 1 1 1 1 1 1 1 1 1 1 1 1 1 1 1 1 8 8 9 9 43 96 95 202 291 280 101 80 84 79 111 62 53 66
20 20 15 5 4 4 7 10 18 18 18 32 38 46 27 17 26 34 35 38 38 14 25 21 76 123 45 18 14 14 14 14 11 3 11 10 7 11 12 14 7 4 4 5 4 2 1 1 1 0 0 0 0 0 0 0 0 0 0 0 0 0 0 0 0 0 0 1 1 1 1 1 1 1 1 1 1 1 3 4 7 9 13 25 0 145 223 263 126 107 95 145 128 134 126 170
20 20 23 21 10 7 8 9 10 16 17 23 36 25 15 16 37 56 67 47 49 29 26 92 199 188 103 105 73 46 14 14 14 14 12 12 12 12 12 12 7 0 1 2 0 0 0 0 0 0 0 0 0 0 0 0 0 0 0 0 0 0 0 0 0 0 0 0 0 1 1 1 1 1 1 1 1 0 2 4 7 8 7 9 18 43 135 175 150 151 147 218 190 142 145 194
20 21 24 24 20 12 12 9 11 10 11 11 14 14 15 20 59 166 299 201 55 52 141 276 248 239 269 262 194 62 26 34 26 12 12 12 12 12 12 10 2 0 0 0 0 0 0 0 0 0 0 0 0 0 0 0 0 0 0 0 1 1 1 0 0 0 0 0 0 0 0 0 1 1 1 0 0 1 2 3 4 6 5 7 13 14 25 72 96 159 298 241 157 139 184 191
21 23 24 24 24 24 23 19 17 11 11 13 13 15 15 28 38 72 210 147 103 105 200 658 699 349 310 156 122 398 169 40 41 21 12 12 12 12 11 0 0 0 0 0 0 0 0 0 0 0 0 0 0 0 0 0 0 0 0 1 1 1 1 0 1 0 0 0 0 0 0 0 1 3 2 1 0 1 2 3 3 3 3 4 5 8 13 38 91 107 143 143 93 111 290 370
20 23 24 24 24 19 9 11 11 11 14 15 15 15 15 21 23 38 37 40 127 201 243 493 298 257 408 321 94 358 173 36 35 17 12 12 12 11 0 0 0 0 0 0 0 0 0 0 0 0 0 0 0 0 0 0 0 0 0 0 1 1 1 1 1 1 0 0 1 0 0 0 1 3 3 3 2 2 2 2 2 2 3 3 4 6 7 12 47 91 135 113 60 39 64 99
20 11 6 7 6 5 5 7 7 10 12 15 15 15 21 22 22 24 30 43 82 142 153 156 160 356 611 302 78 65 162 96 34 18 14 12 12 11 4 0 0 0 0 0 0 0 0 0 0 0 0 0 0 0 0 0 0 0 0 0 1 1 1 1 1 1 1 1 1 1 1 1 5 4 3 3 3 2 2 2 2 2 3 4 5 5 5 10 21 58 94 71 90 190 277 124
20 12 5 5 5 5 5 5 6 10 12 15 14 13 16 21 22 24 37 82 100 213 167 163 219 235 256 408 417 262 200 177 75 8 6 6 9 10 10 1 0 0 0 0 0 0 0 0 0 0 0 0 0 0 0 0 0 0 0 0 1 1 1 1 1 2 1 1 1 1 1 2 4 5 4 3 3 3 5 4 4 3 4 5 4 4 7 10 27 46 67 118 113 169 172 106
20 16 5 5 5 5 5 7 10 10 12 14 12 10 10 16 21 27 46 63 84 136 142 215 273 273 416 550 583 782 638 379 173 82 45 9 2 2 1 0 1 0 0 0 0 0 0 0 0 0 0 0 0 0 0 0 0 0 0 0 0 1 1 1 2 2 3 3 3 3 3 4 4 4 4 4 5 5 5 6 4 4 5 8 6 10 13 19 35 68 204 192 195 164 163 120
20 15 3 3 3 3 4 10 10 10 14 14 12 12 11 11 18 21 22 30 84 109 155 221 292 307 545 590 690 707 565 416 260 291 94 37 12 4 0 0 1 0 0 0 0 0 0 0 0 0 0 0 0 0 0 0 0 0 0 0 0 1 2 2 3 4 3 4 4 4 4 4 5 4 4 4 9 6 5 7 7 6 6 12 10 10 15 59 191 339 248 308 409 414 274 194
20 20 10 6 2 2 6 10 10 11 14 14 14 25 29 24 19 19 19 22 64 140 197 230 369 637 695 602 1693 550 360 652 354 235 160 87 26 10 7 0 0 0 0 0 0 0 0 0 0 0 0 0 0 0 0 0 0 0 0 0 0 0 0 4 4 3 3 3 4 4 4 4 5 5 4 4 9 7 4 4 5 8 8 13 13 13 21 383 547 582 470 495 514 508 476 408
14 18 8 5 2 2 8 10 10 11 14 14 24 48 47 26 20 19 20 27 78 148 209 349 559 601 512 510 433 303 319 690 458 617 174 111 87 67 48 8 5 0 1 1 0 0 0 0 0 0 0 1 1 1 1 0 0 0 0 0 0 0 4 4 3 2 2 2 3 3 3 4 4 3 5 6 6 6 4 4 4 5 6 11 12 20 268 673 1529 625 601 605 675 631 493 440
8 10 5 2 2 3 10 10 10 11 14 14 52 119 63 20 27 28 28 33 97 141 321 457 442 439 369 278 243 317 297 325 389 470 488 489 313 159 114 99 41 21 6 5 2 1 1 1 0 0 0 1 1 1 2 2 1 1 4 2 2 7 9 8 4 2 2 2 2 2 2 2 3 3 3 5 6 6 6 4 3 4 6 9 21 54 369 573 627 613 607 581 670 581 497 396
8 8 3 3 0 2 8 10 9 10 12 9 31 29 28 20 19 16 21 62 98 155 400 452 288 198 202 179 219 241 244 272 319 378 549 746 417 131 150 147 131 67 43 23 10 7 1 1 1 1 1 1 1 1 2 3 2 5 7 7 6 16 58 10 6 2 2 3 3 3 2 2 2 3 3 3 5 6 5 3 3 4 6 12 60 108 250 508 536 692 706 577 1050 796 414 255
8 8 7 4 3 3 4 4 4 4 4 4 19 24 26 31 20 14 14 69 98 188 129 97 94 172 137 90 105 118 200 290 315 441 687 743 606 475 251 166 107 89 87 53 32 5 3 3 1 1 1 1 1 2 2 8 7 19 15 13 10 15 21 16 6 3 2 2 2 2 1 1 2 2 1 2 4 6 6 5 4 4 7 8 43 115 132 349 384 735 733 617 584 522 223 138
8 8 8 6 4 4 4 4 4 4 4 4 22 16 24 34 75 21 22 108 175 205 79 79 78 100 53 28 51 74 110 161 342 1022 3133 966 583 823 606 422 170 127 113 103 61 45 35 19 4 19 11 2 2 3 4 6 5 6 12 9 7 4 4 0 6 4 2 2 2 3 5 1 1 1 1 1 2 6 8 7 4 8 8 14 66 80 65 132 248 512 593 364 343 283 202 135
8 0 8 8 8 0 0 4 4 4 4 8 22 10 21 87 208 257 202 160 210 189 79 76 40 58 61 46 60 128 199 291 423 376 953 608 599 559 684 497 283 203 226 134 109 114 154 188 138 88 57 41 10 4 4 3 3 3 4 5 6 5 6 3 4 4 3 3 10 20 15 11 8 3 1 1 3 6 8 11 6 9 9 55 76 72 70 109 201 362 256 173 195 187 177 168
8 8 8 8 8 7 4 4 4 4 4 6 10 10 86 236 255 190 121 121 45 67 31 27 20 22 53 64 93 167 266 261 336 286 360 546 638 500 447 494 382 640 370 349 227 226 249 221 184 139 475 162 89 42 40 42 35 6 23 37 18 16 31 22 6 3 9 15 22 85 202 0 22 6 8 1 4 14 17 11 18 27 22 52 136 73 94 165 173 256 242 218 230 379 228 189
8 8 8 8 8 7 7 9 9 7 4 9 10 10 80 163 197 96 107 50 6 6 7 22 42 43 70 88 116 168 191 308 212 315 358 762 748 426 558 521 485 461 502 468 502 448 515 536 310 314 279 208 115 112 100 105 177 111 40 34 48 27 57 49 17 13 12 58 223 218 299 147 8 5 10 6 3 18 32 25 33 34 36 47 78 89 159 241 156 212 293 239 240 220 202 165
8 8 8 8 9 12 12 13 13 13 11 10 10 10 62 171 258 143 89 30 11 6 6 16 48 66 86 108 111 183 140 706 239 259 258 314 337 407 496 466 503 844 740 577 607 777 869 809 717 747 707 635 441 242 298 267 524 414 345 192 174 224 242 280 414 173 202 210 303 199 53 8 2 2 2 2 1 15 40 48 58 58 67 146 94 102 132 140 155 252 257 269 283 480 163 202
8 8 8 11 20 23 22 19 17 10 10 10 13 14 36 101 301 156 107 103 36 9 16 42 58 162 196 106 205 200 124 162 158 129 142 226 289 230 308 379 1051 552 522 532 628 639 978 656 887 835 923 956 907 567 527 564 485 578 680 546 293 0 459 459 378 464 105 114 100 72 13 4 2 2 4 1 1 32 43 82 102 79 63 139 92 116 149 176 196 192 245 299 297 311 159 159
8 8 8 12 20 20 22 22 16 10 12 11 15 17 168 84 269 275 106 100 54 49 78 56 62 105 105 130 161 140 127 116 136 79 69 161 168 264 220 210 271 420 498 757 799 836 823 716 734 0 1424 1057 790 674 540 653 595 786 954 654 127 84 117 150 72 86 104 95 118 32 5 3 6 6 25 7 19 68 50 63 218 133 78 89 84 104 116 191 197 222 184 178 126 114 101 108
0 0 8 11 12 12 12 0 0 0 0 0 0 0 1565 83 318 331 76 72 72 65 51 56 108 112 122 156 173 190 126 233 164 100 80 102 182 247 215 195 223 252 252 485 826 907 725 488 673 739 738 806 658 740 621 524 570 589 800 737 298 215 163 241 113 70 32 27 47 13 11 10 18 38 28 24 75 122 133 65 140 150 103 110 137 505 197 194 169 195 185 136 81 75 65 72
0 0 0 0 0 0 0 0 0 0 0 0 0 0 852 105 130 156 96 72 72 71 82 117 119 130 117 224 222 132 110 183 144 123 114 103 143 150 153 128 123 192 202 245 204 208 210 217 479 599 524 403 332 317 354 545 731 739 881 937 969 867 391 753 626 432 87 293 140 13 12 20 28 25 25 45 92 102 125 98 112 96 89 61 146 0 152 175 130 140 100 67 52 59 84 105
0 0 0 0 0 0 0 0 0 0 0 0 0 0 0 77 79 116 60 65 72 0 0 179 244 186 111 215 166 163 177 150 134 175 114 133 170 124 106 107 99 178 207 172 123 128 160 263 252 202 272 263 276 353 256 512 830 911 780 1046 796 1120 734 469 240 89 26 93 29 23 23 34 48 24 30 58 83 77 93 102 104 70 56 51 120 254 118 119 83 77 64 47 53 87 100 146
0 0 0 0 0 0 0 0 0 0 0 0 0 0 0 0 0 0 0 0 0 52 0 163 378 329 231 199 276 168 188 148 165 156 156 139 151 204 144 141 186 145 114 65 75 108 83 93 141 142 309 388 657 934 705 568 795 725 918 900 3032 1648 872 220 66 48 15 10 19 14 31 53 36 11 22 43 24 46 67 72 79 42 55 62 76 112 130 107 97 92 82 69 91 115 132 170
0 0 0 0 0 0 0 0 0 0 0 0 0 0 0 0 0 33 57 42 85 76 79 0 271 1251 275 319 268 163 234 282 197 145 411 179 107 139 121 276 250 100 128 159 93 106 110 105 108 208 389 242 378 377 429 616 974 983 799 746 1153 1376 1091 203 58 65 25 25 51 27 56 62 19 19 30 34 36 26 49 61 43 37 47 70 96 140 175 104 125 119 80 84 156 145 158 164
0 0 0 0 0 0 0 0 0 0 0 0 0 0 0 0 0 0 0 0 148 151 111 170 0 864 433 325 284 173 154 392 349 114 103 141 116 138 132 188 82 90 119 139 107 110 112 123 127 130 126 230 532 273 377 1120 2967 1873 707 932 1067 1053 0 564 149 29 15 17 52 47 94 141 59 45 33 35 32 10 18 54 51 47 43 36 48 70 77 68 92 70 49 56 106 113 123 187
0 0 0 0 0 0 0 0 0 0 0 0 0 0 0 0 0 0 116 143 190 296 161 138 150 0 709 233 167 156 174 160 143 88 102 125 112 126 115 120 100 90 116 170 220 177 120 129 159 267 114 175 207 272 495 1103 1867 767 215 317 688 763 0 0 412 25 12 11 43 78 206 164 259 39 28 24 25 9 24 47 52 50 39 13 8 8 37 42 70 78 75 58 49 105 104 106
0 0 0 0 0 0 0 0 0 0 0 0 0 0 0 0 0 0 0 180 217 226 223 182 422 0 255 155 149 177 141 181 172 91 69 101 150 189 128 168 219 100 147 236 268 266 216 207 158 83 86 186 141 253 478 830 684 0 0 0 0 0 0 0 255 10 9 9 46 109 222 0 246 58 18 18 24 8 8 16 49 43 27 18 8 11 39 53 43 148 214 238 93 106 70 104
0 0 0 0 0 0 0 0 0 0 0 0 0 0 0 0 0 0 0 0 264 156 170 259 0 0 279 176 200 207 233 255 188 136 147 255 155 368 562 239 221 160 477 371 186 148 195 291 114 100 124 142 301 430 0 0 0 0 0 0 0 0 0 0 273 45 11 8 41 136 206 168 86 26 31 23 20 14 21 33 12 9 15 16 12 15 44 65 45 88 500 1184 616 162 82 0
0 0 0 0 0 0 0 0 0 0 0 0 0 0 0 0 0 0 0 0 0 0 0 0 0 0 397 124 211 291 222 272 233 225 282 235 152 202 133 203 112 101 200 175 109 132 188 189 95 133 212 289 591 371 0 0 0 0 0 0 0 0 0 0 0 118 79 24 48 150 132 203 114 76 88 23 13 10 11 17 16 11 11 14 15 16 17 23 32 51 147 878 1073 1024 0 0
0 0 0 0 0 0 0 0 0 0 0 0 0 0 0 0 0 0 0 0 0 0 0 0 0 0 244 269 236 184 201 196 187 169 154 163 174 160 149 160 76 72 88 116 87 160 153 83 84 161 285 665 507 0 0 0 0 0 0 0 0 0 0 0 0 0 86 29 31 115 117 87 81 49 59 12 9 6 20 83 53 17 14 15 15 14 8 13 17 28 143 480 1053 0 0 0
0 0 0 0 0 0 0 0 0 0 0 0 0 0 0 0 0 0 0 0 0 0 0 0 0 0 190 281 217 234 251 237 170 161 175 157 126 142 158 100 45 41 37 73 84 173 117 78 108 300 0 0 0 0 0 0 0 0 0 0 0 0 0 0 0 0 0 30 20 49 85 95 107 49 51 8 8 12 52 104 94 19 13 16 33 11 11 14 16 20 142 750 0 0 0 0
0 0 0 0 0 0 0 0 0 0 0 0 0 0 0 0 0 0 0 0 0 0 0 0 0 0 704 190 171 237 176 158 166 229 329 178 140 85 111 83 35 23 38 105 168 158 108 93 147 454 0 0 0 0 0 0 0 0 0 0 0 0 0 0 0 0 0 109 24 37 90 68 69 23 18 8 12 36 48 98 66 55 21 14 14 16 10 11 17 36 179 366 0 0 0 0
0 0 0 0 0 0 0 0 0 0 0 0 0 0 0 0 0 0 0 0 0 0 0 0 0 0 267 815 181 164 135 171 175 194 210 232 322 246 355 107 32 21 46 86 124 118 242 227 268 0 0 0 0 0 0 0 0 0 0 0 0 0 0 0 0 0 0 0 26 49 152 121 101 55 4 10 15 173 159 48 39 49 17 16 20 14 10 8 4 27 263 0 0 0 0 0
0 0 0 0 0 0 0 0 0 0 0 0 0 0 0 0 0 0 0 0 0 0 0 0 0 0 194 414 204 197 155 174 261 231 189 206 240 257 319 268 54 41 38 70 70 104 354 420 0 0 0 0 0 0 0 0 0 0 0 0 0 0 0 0 0 0 0 0 0 55 157 137 78 69 10 14 19 78 90 79 96 24 18 12 35 90 86 76 23 9 54 228 0 0 0 0
0 0 0 0 0 0 0 0 0 0 0 0 0 0 0 0 0 0 0 0 0 0 0 0 0 0 184 201 253 185 208 329 184 194 238 229 274 214 214 378 98 149 54 34 63 315 905 0 0 0 0 0 0 0 0 0 0 0 0 0 0 0 0 0 0 0 0 0 0 58 225 175 131 146 28 11 13 25 40 52 102 22 21 54 77 196 101 84 69 23 8 32 109 0 0 0
0 0 0 0 0 0 0 0 0 0 0 0 0 0 0 0 0 0 0 0 0 0 0 0 0 0 228 175 313 217 131 166 139 198 150 288 1104 488 223 241 280 188 132 231 434 0 0 0 0 0 0 0 0 0 0 0 0 0 0 0 0 0 0 0 0 0 0 0 0 129 205 203 121 183 128 42 18 16 33 113 75 27 30 74 114 175 124 100 118 112 20 9 44 104 0 0
0 0 0 0 0 0 0 0 0 0 0 0 0 0 0 0 0 0 0 0 0 0 0 0 0 0 210 140 561 507 202 167 131 141 152 257 182 131 181 248 267 521 370 904 683 0 0 0 0 0 0 0 0 0 0 0 0 0 0 0 0 0 0 0 0 0 0 0 0 131 211 319 1245 213 0 0 37 38 55 88 158 55 82 50 133 143 136 110 78 93 42 17 14 96 0 0
0 0 0 0 0 0 0 0 0 0 0 0 0 0 0 0 0 0 0 0 0 0 0 0 0 0 0 172 284 312 221 186 143 136 172 187 170 82 86 207 590 525 420 0 0 0 0 0 0 0 0 0 0 0 0 0 0 0 0 0 0 0 0 0 0 0 0 0 0 123 183 223 0 0 0 0 27 8 50 89 128 85 74 48 121 179 178 185 107 93 63 13 11 14 65 217
0 0 0 0 0 0 0 0 0 0 0 0 0 0 0 0 0 0 0 0 0 0 0 0 0 0 0 283 220 355 196 159 152 183 221 196 220 75 121 169 408 232 0 0 0 0 0 0 0 0 0 0 0 0 0 0 0 0 0 0 0 0 0 0 0 0 0 0 0 0 0 0 0 0 0 0 7 4 52 103 145 79 71 92 133 150 146 153 143 120 85 32 25 10 7 54
0 0 0 0 0 0 0 0 0 0 0 0 0 0 0 0 0 0 0 0 0 0 0 0 0 0 0 0 135 223 250 175 226 236 164 144 174 107 90 155 0 0 0 0 0 0 0 0 0 0 0 0 0 0 0 0 0 0 0 0 0 0 0 0 0 0 0 0 0 0 0 0 0 0 0 0 27 5 19 69 156 92 69 92 172 128 144 136 191 154 102 60 16 14 10 14
0 0 0 0 0 0 0 0 0 0 0 0 0 0 0 0 0 0 0 0 0 0 0 0 0 0 0 0 0 98 233 225 149 143 131 200 118 229 105 182 0 0 0 0 0 0 0 0 0 0 0 0 0 0 0 0 0 0 0 0 0 0 0 0 0 0 0 0 0 0 0 0 0 0 0 0 19 5 23 82 242 227 79 105 159 147 165 161 136 116 78 41 8 13 11 21
0 0 0 0 0 0 0 0 0 0 0 0 0 0 0 0 0 0 0 0 0 0 0 0 0 0 0 0 0 156 172 312 255 142 127 156 143 163 128 249 0 0 0 0 0 0 0 0 0 0 0 0 0 0 0 0 0 0 0 0 0 0 0 0 0 0 0 0 0 0 0 0 0 0 0 0 40 16 45 134 191 265 114 48 50 72 52 30 27 24 26 25 11 4 4 41
0 0 0 0 0 0 0 0 0 0 0 0 0 0 0 0 0 0 0 0 0 0 0 0 0 0 0 0 0 198 120 252 159 169 211 238 172 162 201 191 175 0 0 0 0 0 0 0 0 0 0 0 0 0 0 0 0 0 0 0 0 0 0 0 0 0 0 0 0 0 0 0 0 0 0 0 0 27 42 258 871 1795 168 72 67 53 61 43 8 8 8 6 6 5 12 34
0 0 0 0 0 0 0 0 0 0 0 0 0 0 0 0 0 0 0 0 0 0 0 0 0 0 0 0 0 0 150 166 239 225 355 778 316 204 319 450 3096 0 0 0 0 0 0 0 0 0 0 0 0 0 0 0 0 0 0 0 0 0 0 0 0 0 0 0 0 0 0 0 0 0 0 0 0 34 15 148 0 0 164 22 45 37 113 89 50 17 11 6 5 2 3 7
0 0 0 0 0 0 0 0 0 0 0 0 0 0 0 0 0 0 0 0 0 0 0 0 0 0 0 0 0 0 309 169 275 296 545 831 266 438 456 537 0 0 0 0 0 0 0 0 0 0 0 0 0 0 0 0 0 0 0 0 0 0 0 0 0 0 0 0 0 0 0 0 0 0 0 0 0 35 8 66 0 0 156 114 78 12 32 57 48 46 26 15 16 2 2 78
0 0 0 0 0 0 0 0 0 0 0 0 0 0 0 0 0 0 0 0 0 0 0 0 0 0 0 0 0 0 598 212 249 527 208 162 312 305 433 436 0 0 0 0 0 0 0 0 0 0 0 0 0 0 0 0 0 0 0 0 0 0 0 0 0 0 0 0 0 0 0 0 0 0 0 0 65 42 9 59 0 0 0 0 0 0 5 14 28 78 157 81 23 8 17 18
0 0 0 0 0 0 0 0 0 0 0 0 0 0 0 0 0 0 0 0 0 0 0 0 0 0 0 0 0 0 0 686 248 179 156 374 554 292 445 0 0 0 0 0 0 0 0 0 0 0 0 0 0 0 0 0 0 0 0 0 0 0 0 0 0 0 0 0 0 0 0 0 0 0 0 0 65 33 7 0 0 0 0 0 0 0 7 2 27 322 211 130 62 78 45 58
0 0 0 0 0 0 0 0 0 0 0 0 0 0 0 0 0 0 0 0 0 0 0 0 0 0 0 0 0 0 0 0 616 461 372 471 370 278 388 618 0 0 0 0 0 0 0 0 0 0 0 0 0 0 0 0 0 0 0 0 0 0 0 0 0 0 0 0 0 0 0 0 0 0 0 0 0 8 30 0 0 0 0 0 0 0 6 8 43 226 204 172 256 178 187 85
0 0 0 0 0 0 0 0 0 0 0 0 0 0 0 0 0 0 0 0 0 0 0 0 0 0 0 0 0 0 0 0 958 643 352 260 310 572 540 578 0 0 0 0 0 0 0 0 0 0 0 0 0 0 0 0 0 0 0 0 0 0 0 0 0 0 0 0 0 0 0 0 0 0 0 0 0 20 50 0 0 0 0 0 0 0 0 0 71 200 460 195 312 1572 245 109
0 0 0 0 0 0 0 0 0 0 0 0 0 0 0 0 0 0 0 0 0 0 0 0 0 0 0 0 0 0 0 0 1266 339 222 357 380 302 372 292 0 0 0 0 0 0 0 0 0 0 0 0 0 0 0 0 0 0 0 0 0 0 0 0 0 0 0 0 0 0 0 0 0 0 0 0 0 36 0 0 0 0 0 0 0 0 0 0 0 0 418 678 676 0 0 0
