dashboard/data/pop/popdens/gpw_pop_density_hd_1995a.asc
ncols 720 
nrows 360
xllcorner -180
yllcorner -90
cellsize .5
NODATA_value -99
[rows 79 to 157 of 360, columns 480 to 575 of 720]
1 1 1 1 1 1 1 1 1 1 1 2 2 34 2 2 2 2 2 2 2 1 1 3 6 60 68 4 4 4 2 2 2 1 1 1 1 2 3 3 177 3 6 12 11 57 21 35 4 2 1 1 1 1 1 1 1 1 1 1 1 2 2 2 2 0 0 2 2 1 1 1 1 1 1 1 1 1 1 1 1 1 1 1 2 2 2 2 2 3 3 3 5 6 8 6
1 1 1 1 1 1 1 1 1 1 1 1 1 2 1 1 1 2 2 2 1 1 1 3 7 223 210 4 3 3 2 2 1 1 1 1 1 1 1 2 3 3 3 6 7 123 9 7 31 4 2 2 2 1 1 1 1 1 1 2 2 2 2 2 2 2 2 2 2 2 2 1 1 1 1 1 1 1 1 1 1 1 1 1 2 2 2 2 2 3 3 3 3 3 3 3
1 1 0 0 0 1 1 1 1 1 1 1 1 0 0 0 1 1 1 1 1 1 1 3 4 4 3 3 2 2 2 2 2 2 1 1 1 1 1 1 2 3 3 3 4 5 5 5 5 7 3 3 3 3 2 2 3 4 4 4 4 3 2 2 2 2 2 2 2 2 2 1 1 1 1 1 1 1 1 1 1 1 1 2 2 2 2 2 2 3 3 3 3 3 3 3
1 0 0 0 0 0 1 1 1 1 1 0 0 0 0 0 0 1 1 1 1 1 1 1 1 2 2 2 2 1 1 2 2 2 2 1 1 1 1 1 2 3 3 4 4 4 5 3 3 3 3 2 2 6 6 7 4 4 4 4 4 4 2 1 2 2 2 1 1 1 1 1 1 1 1 1 1 1 1 1 2 2 2 2 2 2 2 2 3 7 6 6 7 6 5 4
1 1 1 1 0 0 0 0 0 0 0 0 0 0 0 2 0 0 0 0 2 8 1 1 1 1 1 1 1 1 1 1 1 0 1 1 1 1 1 3 4 4 4 3 3 3 0 0 3 2 2 6 8 8 7 15 16 5 4 4 4 4 2 1 1 1 0 1 1 1 1 1 1 1 1 1 2 2 2 2 2 2 2 2 2 2 2 2 5 8 8 8 8 8 8 8
1 1 1 1 1 0 0 0 0 0 0 0 0 0 25 70 0 0 1 1 1 1 1 1 1 1 1 1 1 1 1 0 0 0 1 1 1 1 1 3 4 4 5 3 2 2 4 4 4 4 4 6 7 6 11 17 16 4 3 3 4 4 2 1 0 1 0 1 1 1 1 1 1 1 1 1 1 1 1 1 2 2 2 2 2 2 2 3 7 8 8 8 8 8 8 8
1 1 1 1 1 1 0 0 0 0 0 0 0 0 0 0 0 0 1 1 1 1 1 1 1 1 1 1 1 0 1 0 0 0 1 1 1 1 2 4 3 3 6 7 3 3 15 6 4 4 4 4 5 5 0 5 9 3 3 3 3 4 2 1 1 1 1 1 1 1 1 1 1 1 1 1 1 1 1 1 1 2 2 2 2 2 2 3 8 8 8 8 8 8 8 8
1 1 1 1 1 2 2 1 1 0 0 0 0 0 0 0 0 1 1 1 1 1 1 1 1 1 1 0 2 71 17 1 1 1 2 1 1 1 1 2 4 4 7 6 4 15 36 21 20 11 2 2 2 2 2 2 2 3 3 3 3 3 2 1 1 1 1 1 1 1 1 1 1 1 1 1 1 1 1 1 1 1 2 2 2 2 2 2 6 8 7 6 7 7 8 7
0 0 1 1 2 2 2 1 2 2 2 1 1 1 0 0 0 0 1 1 1 1 1 1 1 1 1 1 0 1 1 1 2 3 3 1 1 1 1 2 5 4 0 0 4 8 10 12 14 13 6 11 2 2 2 2 2 3 3 3 3 3 2 1 1 1 1 1 1 1 1 1 1 1 1 1 1 1 1 1 1 1 1 2 2 2 2 2 2 2 1 1 1 1 2 1
0 0 2 2 2 2 1 1 1 2 2 2 2 2 1 1 1 1 1 1 1 1 1 1 1 1 1 0 0 1 1 1 2 3 3 3 2 4 7 9 8 6 5 4 5 8 4 4 4 7 20 11 2 2 2 2 2 2 3 3 3 2 1 1 1 1 1 1 1 1 1 1 1 1 1 1 1 1 1 1 1 1 2 2 2 2 2 1 1 1 1 1 1 1 1 1
0 0 0 2 2 2 1 1 1 2 2 2 2 2 2 1 1 1 1 1 1 1 1 1 1 1 1 1 2 2 2 1 1 3 3 3 55 7 6 7 9 9 9 12 13 7 4 4 7 20 20 11 11 13 15 2 2 2 3 3 6 11 5 2 2 2 1 1 1 1 1 1 1 1 1 1 1 1 1 1 1 1 1 2 2 2 2 1 1 1 1 1 1 1 1 1
0 0 0 2 2 2 1 2 2 2 32 42 2 3 3 1 1 1 1 1 1 1 1 1 1 1 1 1 1 2 4 2 6 4 6 6 17 26 12 10 16 28 18 24 21 14 11 11 12 50 42 15 15 21 32 41 17 17 16 14 14 13 8 3 3 3 3 2 1 1 1 1 1 1 1 1 1 1 1 1 1 1 1 1 2 2 2 1 0 1 1 1 1 1 1 1
0 0 2 2 2 2 1 2 2 2 2 2 3 3 4 2 1 1 1 1 1 2 2 1 1 1 1 1 4 6 9 4 10 15 12 6 5 6 10 10 21 64 67 60 16 11 11 12 12 46 43 89 200 22 33 38 17 17 17 14 9 7 5 3 3 3 3 3 3 1 1 1 1 1 1 1 1 1 1 1 1 1 1 1 1 1 1 0 0 0 0 1 1 1 1 1
0 1 3 2 2 1 1 1 1 1 2 2 3 4 4 5 14 31 1 25 1 3 3 12 10 7 6 23 5 9 10 7 7 18 47 25 12 11 8 8 9 37 173 60 32 18 22 19 14 13 15 15 18 30 127 513 20 19 16 13 7 7 6 3 3 3 3 3 1 1 1 1 1 1 1 1 1 1 1 0 0 0 0 0 0 0 0 0 0 0 0 0 0 0 0 0
4 3 3 3 2 0 0 0 0 1 1 3 3 4 4 5 43 16 7 4 22 8 14 14 8 7 10 11 32 19 11 8 15 498 124 28 12 9 7 7 7 16 19 21 23 36 35 30 24 6 7 7 10 27 16 13 14 17 17 11 4 4 4 4 4 4 4 3 2 1 1 1 1 1 1 1 1 1 1 0 0 0 0 0 0 0 0 0 0 0 0 0 0 0 0 0
7 7 8 18 2 0 0 0 0 1 1 1 3 3 3 3 3 6 10 32 22 13 152 19 25 8 11 47 67 378 64 18 18 28 27 0 29 12 11 7 10 13 14 16 16 14 7 6 5 5 5 5 5 5 5 5 8 11 17 8 4 4 4 4 4 4 4 4 4 4 4 3 1 1 0 0 1 1 1 0 0 0 0 0 0 0 0 0 0 0 0 0 0 0 0 0
43 8 9 16 0 0 0 12 0 1 1 1 3 4 6 7 8 26 77 192 31 24 15 13 13 10 10 16 18 17 12 10 36 0 0 0 31 7 7 7 11 13 13 13 12 13 25 23 6 6 10 14 19 15 5 5 7 12 17 6 4 4 4 4 4 4 4 4 4 4 4 4 1 0 0 0 0 0 0 0 0 0 0 0 0 0 0 0 0 0 0 0 1 1 3 5
141 151 29 10 1 0 0 1 21 7 1 1 1 5 6 6 16 20 27 58 22 9 9 17 15 20 11 8 8 7 0 6 6 7 8 6 6 8 14 13 14 14 12 15 17 21 25 24 6 6 23 38 38 18 9 4 6 8 15 7 4 4 4 4 4 4 4 4 4 4 4 2 0 0 0 0 0 0 0 0 0 0 0 0 0 0 0 0 0 1 1 2 2 2 2 6
80 110 31 19 13 5 1 2 3 3 1 1 1 5 6 7 26 77 1322 146 73 37 73 289 118 39 60 23 5 5 5 15 12 3 4 5 5 15 21 18 17 14 17 27 20 9 18 23 6 4 12 20 4 1 1 1 2 2 4 3 2 3 3 2 3 3 4 4 5 4 3 2 0 0 0 0 0 0 0 0 0 0 0 0 0 0 0 0 0 2 2 2 2 3 62 71
4 2 2 3 38 15 8 13 21 29 15 7 8 9 9 31 104 183 128 136 58 195 219 351 600 310 87 31 15 4 3 3 3 7 6 4 3 5 9 18 19 21 24 18 6 6 6 8 3 1 1 1 1 1 1 1 1 1 1 1 0 0 0 0 0 0 0 3 5 5 3 3 3 3 8 9 7 3 6 7 3 0 0 0 0 0 0 0 0 1 2 2 11 68 143 60
5 2 3 4 8 16 17 16 27 61 113 66 72 56 27 127 64 118 172 204 115 165 139 314 95 55 49 8 10 5 2 4 11 13 13 9 6 8 10 12 16 17 23 24 6 6 6 6 1 1 1 1 1 1 1 1 0 0 0 0 0 0 0 0 0 1 5 5 5 5 5 3 3 8 15 15 10 9 9 7 1 0 0 0 0 0 0 0 0 0 2 2 2 17 11 7
6 5 5 5 5 11 15 19 148 89 42 66 105 384 194 51 38 68 63 28 13 20 24 18 15 18 16 5 2 2 9 43 47 26 34 36 15 15 15 15 16 16 23 24 6 6 6 3 0 0 0 0 0 0 0 0 0 0 0 0 0 0 0 0 0 2 3 3 4 3 1 1 1 8 9 14 61 73 18 25 12 0 0 0 0 0 0 0 1 1 2 2 2 76 5 6
4 8 14 8 7 8 9 104 20 22 39 65 54 144 124 53 19 23 23 23 18 17 13 11 5 2 1 5 5 3 29 106 127 48 38 18 16 15 15 15 15 15 16 5 5 1 1 0 0 0 0 0 0 0 0 0 0 0 0 0 0 0 0 0 0 0 1 1 1 1 0 0 0 0 1 2 2 22 39 25 69 68 0 1 7 5 9 15 4 2 2 2 67 190 5 5
8 10 15 11 8 7 7 16 11 14 38 175 49 76 62 41 111 365 67 38 12 9 9 9 3 0 0 3 5 6 6 14 49 72 64 22 19 18 10 14 15 15 12 5 5 1 1 0 0 0 0 0 0 0 0 0 0 0 0 0 0 0 0 1 1 1 1 0 1 1 1 1 0 0 1 1 2 3 3 2 71 80 30 16 67 18 18 15 3 2 2 53 185 54 5 5
6 7 13 12 9 8 8 8 8 11 11 29 25 21 21 155 71 103 73 42 18 14 12 6 5 2 0 0 0 1 5 7 7 63 98 16 11 6 6 14 15 16 7 5 5 1 1 0 0 0 0 0 0 0 0 0 0 0 0 0 0 1 1 1 1 1 1 1 1 1 1 1 1 2 2 1 1 1 2 3 3 56 40 35 78 70 42 2 2 2 2 70 189 30 9 5
6 4 10 66 36 8 8 8 10 11 12 15 14 33 69 70 54 171 92 126 29 17 16 7 7 4 0 0 0 1 1 3 20 53 15 10 6 6 6 15 16 13 5 5 5 1 1 1 0 0 0 0 0 0 0 0 0 0 0 0 0 1 1 1 1 1 1 1 1 1 1 1 1 2 2 2 1 1 1 4 5 4 16 10 114 139 86 25 2 6 25 82 160 43 24 28
16 14 11 17 13 8 8 8 11 9 15 51 47 73 123 46 59 106 76 47 19 17 16 18 8 9 13 11 12 5 1 1 7 13 13 7 6 6 10 78 16 9 5 5 4 1 1 0 0 0 0 0 0 0 0 0 0 0 0 0 0 0 1 1 1 1 1 1 1 1 1 1 1 2 2 2 2 3 2 6 0 11 84 76 47 50 53 49 41 65 65 69 44 29 32 39
15 10 12 17 9 8 9 12 12 16 23 58 58 65 53 22 72 113 67 46 20 17 17 13 17 22 19 17 16 16 14 6 5 12 13 6 6 6 14 17 16 5 5 5 5 1 1 1 0 0 0 0 0 0 0 0 0 0 0 0 0 0 1 1 1 1 1 1 1 1 1 1 1 1 1 1 3 6 9 10 0 0 104 432 117 75 82 56 123 80 72 58 55 34 34 33
23 23 14 13 6 5 7 12 14 19 22 56 58 65 47 22 29 52 55 47 37 17 18 23 23 18 16 16 16 16 16 16 1 3 13 9 6 10 17 17 12 5 5 5 5 1 1 1 1 0 0 0 0 0 0 0 0 0 0 0 0 0 1 1 1 1 1 1 1 1 1 1 1 1 1 1 1 1 9 9 9 10 46 103 102 216 312 300 109 85 91 86 122 67 57 70
23 23 17 5 5 5 8 11 19 19 19 47 58 63 35 22 34 44 45 49 48 18 32 24 86 139 51 20 16 16 16 16 13 3 12 11 8 12 13 15 7 5 5 5 5 2 1 1 1 0 0 0 0 0 0 0 0 0 0 0 0 0 0 0 0 0 1 1 1 1 1 1 1 1 1 1 1 1 3 4 7 9 14 27 0 156 238 282 135 115 102 158 141 145 135 183
23 23 30 30 13 8 10 11 12 17 20 33 55 35 20 20 47 73 86 60 63 37 34 105 226 213 116 119 82 52 16 16 16 16 14 13 13 13 13 13 8 0 1 2 0 0 0 0 0 0 0 0 0 0 0 0 0 0 0 0 0 0 0 0 0 0 0 1 1 1 1 1 1 1 1 1 1 0 2 4 7 9 8 10 19 46 145 188 161 162 158 234 204 152 155 207
23 24 33 34 28 15 16 12 13 13 14 14 19 19 19 26 76 232 433 289 71 67 174 324 281 271 304 295 217 70 29 38 30 14 13 13 13 13 13 12 2 0 0 0 0 0 0 0 0 0 0 0 0 0 0 0 0 0 0 0 1 1 1 0 0 0 0 1 0 0 1 1 1 1 1 0 0 1 2 3 4 7 5 7 14 15 27 77 103 170 319 258 168 146 193 201
23 30 34 34 34 34 32 27 24 14 14 17 17 19 19 36 48 98 303 205 133 136 241 748 792 396 351 174 137 444 188 45 46 24 13 13 13 13 13 0 0 0 0 0 0 0 0 0 0 0 0 0 0 0 0 0 0 0 0 1 1 1 1 0 1 0 0 0 0 0 0 0 1 3 3 1 0 1 2 3 3 3 4 4 6 8 14 40 98 114 153 154 100 117 305 389
23 32 34 34 33 26 12 14 14 14 17 19 19 19 19 27 30 49 48 50 157 247 292 566 339 293 462 362 105 399 193 40 40 19 14 13 13 12 1 0 0 0 0 0 0 0 0 0 0 0 0 0 0 0 0 0 0 0 0 0 1 1 1 1 1 1 0 0 1 1 0 0 1 3 3 3 3 2 2 2 3 2 3 3 4 6 8 13 50 98 145 121 64 41 68 104
23 12 8 9 7 6 7 9 9 13 15 19 19 20 27 28 28 31 39 54 102 164 174 178 182 406 697 341 87 72 181 108 38 20 15 13 13 13 5 0 0 0 0 0 0 0 0 0 0 0 0 0 0 0 0 0 0 0 0 0 1 1 1 1 1 1 1 1 1 1 1 1 5 5 3 3 3 3 2 2 2 2 3 4 5 5 6 10 23 62 101 75 95 200 291 130
23 14 6 6 6 6 6 6 8 12 16 19 18 16 21 28 28 31 47 101 120 241 190 186 250 269 293 466 475 297 223 197 83 8 6 6 10 11 12 1 0 0 0 0 0 0 0 0 0 0 0 0 0 0 0 0 0 0 0 0 1 1 1 1 2 2 1 1 1 1 1 2 5 5 5 3 3 3 5 4 4 4 5 5 5 5 7 11 29 49 71 124 119 178 181 112
23 19 6 6 6 6 6 9 12 12 15 18 16 13 13 20 27 34 58 78 98 155 162 246 312 312 475 628 666 892 715 406 185 87 50 10 2 2 1 0 1 0 0 0 0 0 0 0 0 0 0 0 0 0 0 0 0 0 0 0 0 1 1 1 2 3 3 3 3 4 3 4 4 4 5 4 5 5 6 6 4 5 5 8 6 11 14 20 36 71 214 202 205 173 171 126
23 16 3 3 3 3 5 12 12 13 18 18 16 15 14 14 22 25 27 36 98 124 177 252 333 350 622 674 788 769 597 441 276 311 102 40 13 4 0 0 1 1 0 0 0 0 0 0 0 0 0 0 0 0 0 0 0 0 0 0 0 1 2 2 3 4 4 5 5 5 5 5 5 5 4 4 10 6 5 7 7 7 7 12 11 11 15 62 200 356 260 323 430 435 287 204
23 23 12 7 3 3 7 12 12 15 18 18 18 30 34 28 21 21 21 25 74 160 225 262 422 727 794 687 1933 608 383 694 378 254 173 94 28 10 7 0 0 1 0 0 0 0 0 0 0 0 0 0 0 0 0 0 0 0 0 0 0 0 0 4 4 3 3 4 4 4 4 5 6 6 4 4 10 8 4 5 5 8 9 13 14 13 22 402 575 611 493 520 540 533 500 429
16 21 10 6 3 3 10 12 12 15 18 18 29 55 54 30 23 22 23 30 89 169 238 398 638 687 585 582 487 328 347 777 511 699 194 123 95 71 52 8 5 1 1 1 1 0 0 0 0 0 0 1 1 1 1 0 0 0 0 0 0 0 4 4 3 2 2 2 3 3 3 4 4 3 5 6 7 6 4 4 5 5 7 12 13 21 281 707 1606 656 631 636 709 663 517 462
10 11 7 3 3 3 12 12 12 15 18 18 61 135 71 23 31 32 32 38 110 161 367 522 504 501 422 315 264 341 320 351 422 525 558 547 350 165 122 105 43 23 7 8 2 1 1 1 0 0 0 1 2 1 2 2 2 1 4 2 2 7 10 8 4 2 2 2 2 2 2 2 3 3 3 6 7 6 6 4 3 4 6 9 22 56 388 602 658 644 637 610 703 610 522 416
10 9 4 3 0 3 10 12 12 13 15 12 36 33 32 23 22 18 24 71 111 177 457 516 329 226 229 200 244 267 266 294 343 422 613 831 460 135 155 152 137 70 45 26 11 6 1 1 1 1 1 1 2 2 2 3 3 5 8 8 7 17 63 11 6 3 2 3 4 3 2 2 2 3 3 4 6 6 6 3 3 4 7 13 63 113 262 533 563 727 742 606 1102 836 435 268
10 10 9 4 4 4 4 5 5 4 4 4 21 28 29 35 23 16 16 79 112 215 147 111 107 196 154 100 118 132 220 316 326 485 761 821 670 531 289 190 117 94 88 52 32 6 3 3 1 1 1 1 1 2 2 8 7 21 16 15 11 17 23 18 6 4 2 2 2 2 1 1 2 2 2 3 4 6 6 5 4 4 8 9 45 121 138 367 403 772 770 648 613 548 234 146
10 10 10 7 4 4 4 4 4 4 4 4 25 18 27 39 86 24 26 123 199 234 90 90 90 115 61 33 58 83 124 175 377 1203 3755 1103 657 923 671 473 208 173 145 113 65 48 34 20 4 19 11 2 2 4 4 7 6 7 13 9 7 5 5 0 7 4 2 2 3 4 5 1 1 1 1 1 2 7 8 8 4 9 8 14 69 84 69 139 261 537 623 383 361 299 216 146
10 0 10 10 9 0 0 4 4 4 4 9 25 11 24 99 238 293 230 183 240 216 90 86 47 68 72 53 67 144 223 329 525 446 1129 662 654 617 750 545 308 222 262 166 124 117 157 200 150 88 61 43 10 4 4 4 3 4 5 6 7 6 6 3 4 4 3 4 11 22 18 12 10 4 2 1 4 7 9 12 7 9 9 58 80 75 73 117 214 380 269 183 209 202 190 181
10 10 10 10 10 8 4 4 4 4 4 7 11 11 99 270 292 217 139 138 52 76 36 31 24 25 62 74 104 189 300 296 391 321 403 602 707 541 486 534 415 697 404 385 255 260 293 249 220 157 596 172 94 43 40 39 36 7 25 40 19 17 34 24 6 4 10 17 24 94 221 0 26 6 8 1 5 15 18 12 19 29 23 55 143 77 99 177 186 273 259 232 246 409 245 203
10 10 10 10 10 9 8 11 10 8 5 11 11 11 91 186 225 109 122 57 7 7 8 26 47 48 80 100 131 190 218 355 241 354 397 793 838 520 656 568 523 505 546 515 554 493 572 594 336 358 325 227 121 109 99 107 198 123 44 37 52 29 63 53 19 15 13 65 244 239 327 162 9 6 11 6 3 19 35 27 36 37 38 50 82 94 171 259 168 228 316 258 258 237 218 178
10 10 10 10 11 14 14 15 15 15 12 11 11 11 70 195 295 163 101 35 13 7 7 19 54 73 96 122 125 200 160 815 276 291 284 342 367 448 542 509 546 953 822 633 668 854 953 894 786 815 783 702 493 275 346 303 587 457 380 210 190 244 264 306 453 190 221 229 332 227 63 9 2 2 2 2 1 16 43 52 62 62 72 153 98 107 142 151 167 272 277 290 304 517 175 217
10 10 10 13 23 26 25 22 20 12 11 11 15 16 41 116 344 179 122 117 41 11 18 47 64 180 217 115 221 215 135 178 175 143 159 253 321 253 337 414 1149 599 569 585 691 707 1086 721 967 914 1014 1048 988 623 582 622 530 617 732 599 321 0 501 502 413 508 115 125 114 88 15 5 2 2 4 1 1 34 46 89 109 85 68 146 98 124 161 189 210 206 264 322 320 335 172 171
10 10 10 14 23 23 25 25 19 12 14 12 17 19 192 96 307 314 121 114 61 54 87 62 69 115 112 139 174 151 138 129 152 89 77 180 188 292 241 229 295 454 544 836 883 929 915 782 782 0 1564 1175 870 740 594 724 650 820 1007 728 142 95 129 168 80 95 114 112 144 39 5 4 6 6 27 8 20 74 54 68 234 143 83 96 91 111 124 205 212 239 199 192 136 123 109 117
0 0 10 12 13 13 14 0 0 0 0 0 0 0 1787 94 363 378 87 82 82 74 57 62 119 122 130 169 188 206 138 262 184 112 90 115 203 273 237 214 245 275 279 543 928 1023 814 531 728 800 800 876 718 804 677 582 637 643 841 797 338 240 180 220 133 77 35 31 53 14 12 11 19 40 29 26 81 131 143 70 150 161 111 119 147 543 212 209 182 210 199 146 88 81 69 78
0 0 0 0 0 0 0 0 0 0 0 0 0 0 973 120 149 178 110 82 82 81 91 130 132 141 126 244 241 142 120 203 159 138 129 116 160 167 171 144 136 213 225 273 231 237 237 237 524 653 571 442 361 345 386 601 789 775 942 977 1158 991 428 828 704 472 96 325 156 14 13 21 29 27 27 48 99 110 134 105 121 103 96 66 157 0 163 188 140 151 108 72 56 63 90 112
0 0 0 0 0 0 0 0 0 0 0 0 0 0 0 88 90 132 68 74 82 0 0 201 271 205 120 234 181 177 193 163 146 191 128 147 188 138 117 118 110 197 231 199 143 147 182 293 280 224 304 294 308 385 279 559 921 986 844 1100 873 1197 787 485 261 99 29 103 32 25 25 36 51 25 31 63 89 83 100 110 112 75 60 54 129 273 127 128 89 83 68 50 56 94 108 157
0 0 0 0 0 0 0 0 0 0 0 0 0 0 0 0 0 0 0 0 0 56 0 176 399 349 246 220 308 185 205 162 180 170 176 154 166 223 158 154 201 158 128 73 85 121 93 103 157 157 340 433 731 1028 769 619 883 794 986 949 3345 1838 974 251 73 56 18 10 20 14 32 56 38 12 23 44 24 49 72 77 85 45 59 66 81 121 140 115 104 98 88 74 97 123 142 183
0 0 0 0 0 0 0 0 0 0 0 0 0 0 0 0 0 35 61 45 91 81 84 0 288 1371 292 352 300 183 257 310 217 159 488 206 117 152 132 299 270 111 143 178 103 118 122 115 116 223 417 261 408 404 459 671 1071 1087 896 815 1235 1483 1277 229 61 74 28 26 54 28 59 66 20 20 31 35 37 27 53 66 46 40 50 75 103 151 188 112 135 129 88 90 167 155 169 175
0 0 0 0 0 0 0 0 0 0 0 0 0 0 0 0 0 0 0 0 154 162 118 181 0 924 461 360 319 200 172 440 391 127 114 156 128 151 144 204 90 98 131 155 120 123 123 133 137 140 136 247 571 294 410 1223 3259 2059 737 985 1274 1124 0 565 159 33 17 18 55 50 99 149 63 47 34 36 34 10 19 58 55 50 46 39 51 75 84 74 102 77 54 60 113 121 132 201
0 0 0 0 0 0 0 0 0 0 0 0 0 0 0 0 0 0 120 148 198 319 173 149 162 0 764 253 190 176 194 177 158 97 113 139 125 140 127 131 108 97 128 189 245 197 130 139 169 285 122 187 222 295 542 1209 2046 830 219 353 721 820 0 0 429 29 13 11 46 83 218 173 278 40 28 25 26 10 25 51 56 54 42 14 9 9 42 49 82 88 83 64 54 113 111 114
0 0 0 0 0 0 0 0 0 0 0 0 0 0 0 0 0 0 0 188 231 242 237 197 459 0 274 167 164 194 155 198 188 100 75 113 166 209 141 181 234 108 162 261 298 296 235 221 169 88 92 199 151 273 523 909 740 0 0 0 0 0 0 0 276 11 9 10 49 115 235 0 264 61 18 18 25 8 8 17 53 46 29 19 10 13 45 61 49 166 236 264 103 117 75 111
0 0 0 0 0 0 0 0 0 0 0 0 0 0 0 0 0 0 0 0 277 164 181 281 0 0 319 197 220 226 253 277 205 148 158 274 166 407 622 252 233 174 527 411 207 162 211 310 121 107 134 152 326 471 0 0 0 0 0 0 0 0 0 0 298 47 12 9 44 145 221 180 92 27 32 24 21 15 21 34 13 10 17 18 14 17 51 74 51 99 545 1312 670 173 86 0
0 0 0 0 0 0 0 0 0 0 0 0 0 0 0 0 0 0 0 0 0 0 0 0 0 0 437 138 234 320 242 299 256 245 305 253 162 214 147 218 120 110 221 194 120 141 200 201 102 143 228 311 635 401 0 0 0 0 0 0 0 0 0 0 0 125 83 25 51 159 141 217 123 79 91 23 14 10 11 18 17 13 12 16 18 18 19 26 35 58 161 956 1153 1102 0 0
0 0 0 0 0 0 0 0 0 0 0 0 0 0 0 0 0 0 0 0 0 0 0 0 0 0 273 300 263 208 237 232 207 184 167 176 186 171 163 176 83 79 96 127 95 172 163 90 90 173 308 719 545 0 0 0 0 0 0 0 0 0 0 0 0 0 90 31 33 123 124 93 87 51 61 12 9 6 22 98 63 21 16 19 17 16 8 14 18 30 157 527 1141 0 0 0
0 0 0 0 0 0 0 0 0 0 0 0 0 0 0 0 0 0 0 0 0 0 0 0 0 0 231 315 239 263 297 282 199 171 187 170 139 155 173 110 49 45 40 79 91 186 126 84 116 320 0 0 0 0 0 0 0 0 0 0 0 0 0 0 0 0 0 32 21 52 91 101 114 51 58 8 9 13 59 125 109 23 16 18 37 13 12 15 17 22 155 822 0 0 0 0
0 0 0 0 0 0 0 0 0 0 0 0 0 0 0 0 0 0 0 0 0 0 0 0 0 0 855 220 189 260 193 176 183 243 364 201 156 94 123 92 39 25 41 115 182 170 117 100 157 484 0 0 0 0 0 0 0 0 0 0 0 0 0 0 0 0 0 114 25 40 96 72 72 24 21 10 14 41 56 104 68 57 23 16 16 19 11 12 19 40 198 404 0 0 0 0
0 0 0 0 0 0 0 0 0 0 0 0 0 0 0 0 0 0 0 0 0 0 0 0 0 0 291 922 204 180 147 188 192 213 237 257 350 270 390 118 35 22 50 94 134 127 258 243 286 0 0 0 0 0 0 0 0 0 0 0 0 0 0 0 0 0 0 0 28 51 159 127 106 57 5 12 17 193 171 49 40 51 19 18 23 16 12 9 5 30 291 0 0 0 0 0
0 0 0 0 0 0 0 0 0 0 0 0 0 0 0 0 0 0 0 0 0 0 0 0 0 0 210 466 228 221 171 193 295 261 212 225 261 283 350 292 58 45 42 76 77 114 378 448 0 0 0 0 0 0 0 0 0 0 0 0 0 0 0 0 0 0 0 0 0 58 165 144 82 72 11 17 22 79 92 81 96 25 21 14 39 104 89 77 24 10 60 251 0 0 0 0
0 0 0 0 0 0 0 0 0 0 0 0 0 0 0 0 0 0 0 0 0 0 0 0 0 0 193 215 273 201 227 361 205 215 262 256 307 242 233 412 108 165 59 37 70 350 999 0 0 0 0 0 0 0 0 0 0 0 0 0 0 0 0 0 0 0 0 0 0 61 237 184 138 153 30 12 15 26 41 53 104 23 24 60 81 206 105 90 75 26 9 36 122 0 0 0
0 0 0 0 0 0 0 0 0 0 0 0 0 0 0 0 0 0 0 0 0 0 0 0 0 0 238 186 337 234 142 181 151 217 167 352 1291 573 245 264 309 206 144 252 473 0 0 0 0 0 0 0 0 0 0 0 0 0 0 0 0 0 0 0 0 0 0 0 0 136 216 215 128 193 139 39 20 20 37 117 79 29 34 84 122 185 132 108 128 123 23 10 49 117 0 0
0 0 0 0 0 0 0 0 0 0 0 0 0 0 0 0 0 0 0 0 0 0 0 0 0 0 218 147 602 545 217 181 142 154 166 288 201 146 198 271 290 565 402 984 746 0 0 0 0 0 0 0 0 0 0 0 0 0 0 0 0 0 0 0 0 0 0 0 0 138 222 338 1333 227 0 0 35 48 66 94 169 59 88 52 133 143 140 117 85 103 47 19 16 108 0 0
0 0 0 0 0 0 0 0 0 0 0 0 0 0 0 0 0 0 0 0 0 0 0 0 0 0 0 180 304 334 238 202 156 151 192 207 188 90 93 222 636 566 455 0 0 0 0 0 0 0 0 0 0 0 0 0 0 0 0 0 0 0 0 0 0 0 0 0 0 129 192 235 0 0 0 0 27 10 56 98 135 91 79 50 123 176 182 195 113 100 69 15 13 17 73 241
0 0 0 0 0 0 0 0 0 0 0 0 0 0 0 0 0 0 0 0 0 0 0 0 0 0 0 298 234 380 210 172 169 204 243 215 241 82 130 181 437 250 0 0 0 0 0 0 0 0 0 0 0 0 0 0 0 0 0 0 0 0 0 0 0 0 0 0 0 0 0 0 0 0 0 0 6 5 54 108 149 83 75 94 136 150 148 161 148 128 91 38 31 12 7 60
0 0 0 0 0 0 0 0 0 0 0 0 0 0 0 0 0 0 0 0 0 0 0 0 0 0 0 0 143 238 268 190 251 261 180 158 190 115 96 166 0 0 0 0 0 0 0 0 0 0 0 0 0 0 0 0 0 0 0 0 0 0 0 0 0 0 0 0 0 0 0 0 0 0 0 0 29 5 20 71 156 92 70 95 178 132 147 142 199 163 108 68 19 17 12 16
0 0 0 0 0 0 0 0 0 0 0 0 0 0 0 0 0 0 0 0 0 0 0 0 0 0 0 0 0 103 249 244 165 157 144 219 127 244 112 194 0 0 0 0 0 0 0 0 0 0 0 0 0 0 0 0 0 0 0 0 0 0 0 0 0 0 0 0 0 0 0 0 0 0 0 0 20 5 24 83 243 232 82 108 164 148 169 168 142 122 83 47 10 15 13 25
0 0 0 0 0 0 0 0 0 0 0 0 0 0 0 0 0 0 0 0 0 0 0 0 0 0 0 0 0 164 182 334 277 155 137 171 156 174 136 267 0 0 0 0 0 0 0 0 0 0 0 0 0 0 0 0 0 0 0 0 0 0 0 0 0 0 0 0 0 0 0 0 0 0 0 0 44 18 48 140 201 286 119 51 53 74 54 32 29 25 28 28 13 4 4 48
0 0 0 0 0 0 0 0 0 0 0 0 0 0 0 0 0 0 0 0 0 0 0 0 0 0 0 0 0 208 126 264 170 181 226 257 185 173 215 205 188 0 0 0 0 0 0 0 0 0 0 0 0 0 0 0 0 0 0 0 0 0 0 0 0 0 0 0 0 0 0 0 0 0 0 0 0 30 45 283 908 1838 179 77 71 60 71 50 9 10 9 7 7 5 14 40
0 0 0 0 0 0 0 0 0 0 0 0 0 0 0 0 0 0 0 0 0 0 0 0 0 0 0 0 0 0 157 174 253 239 387 893 335 217 343 492 3816 0 0 0 0 0 0 0 0 0 0 0 0 0 0 0 0 0 0 0 0 0 0 0 0 0 0 0 0 0 0 0 0 0 0 0 0 37 16 159 0 0 177 24 49 42 130 102 58 19 12 7 5 3 3 9
0 0 0 0 0 0 0 0 0 0 0 0 0 0 0 0 0 0 0 0 0 0 0 0 0 0 0 0 0 0 326 176 292 314 612 967 284 459 477 589 0 0 0 0 0 0 0 0 0 0 0 0 0 0 0 0 0 0 0 0 0 0 0 0 0 0 0 0 0 0 0 0 0 0 0 0 0 38 9 69 0 0 165 121 84 13 36 66 56 53 29 17 19 2 2 94
0 0 0 0 0 0 0 0 0 0 0 0 0 0 0 0 0 0 0 0 0 0 0 0 0 0 0 0 0 0 640 221 269 568 223 174 336 322 456 471 0 0 0 0 0 0 0 0 0 0 0 0 0 0 0 0 0 0 0 0 0 0 0 0 0 0 0 0 0 0 0 0 0 0 0 0 71 46 10 64 0 0 0 0 0 0 5 16 33 90 181 94 27 10 19 22
0 0 0 0 0 0 0 0 0 0 0 0 0 0 0 0 0 0 0 0 0 0 0 0 0 0 0 0 0 0 0 731 267 191 166 393 583 309 471 0 0 0 0 0 0 0 0 0 0 0 0 0 0 0 0 0 0 0 0 0 0 0 0 0 0 0 0 0 0 0 0 0 0 0 0 0 71 35 8 0 0 0 0 0 0 0 8 3 31 371 243 150 70 86 50 66
0 0 0 0 0 0 0 0 0 0 0 0 0 0 0 0 0 0 0 0 0 0 0 0 0 0 0 0 0 0 0 0 677 485 391 492 388 292 407 646 0 0 0 0 0 0 0 0 0 0 0 0 0 0 0 0 0 0 0 0 0 0 0 0 0 0 0 0 0 0 0 0 0 0 0 0 0 8 32 0 0 0 0 0 0 0 7 9 49 261 236 198 288 198 208 96
