dashboard/data/pop/popdens/gpw_pop_density_hd_1990.asc
ncols 720 
nrows 360
xllcorner -180
yllcorner -90
cellsize .5
NODATA_value -99
[rows 80 to 159 of 360, columns 480 to 575 of 720]
1 1 1 1 1 1 1 1 1 1 1 1 1 2 1 1 1 2 1 2 1 1 1 3 7 221 208 4 3 3 2 2 1 1 1 1 1 1 1 2 3 3 3 6 6 122 8 7 30 4 2 2 2 1 1 1 1 1 1 2 2 2 2 2 2 2 2 2 2 2 1 1 1 1 1 1 1 1 1 1 1 1 1 1 1 1 1 1 1 2 2 2 2 2 2 2
1 0 0 0 0 1 1 1 1 1 1 1 1 0 0 0 1 1 1 1 1 1 1 3 4 4 3 3 2 2 2 2 2 2 1 1 1 1 1 1 2 3 3 3 4 5 5 5 5 7 3 3 3 3 2 2 3 3 3 3 3 2 2 2 2 2 2 2 2 2 2 1 1 1 1 1 1 1 1 1 1 1 1 1 1 1 1 1 1 2 2 2 2 2 2 2
1 0 0 0 0 0 1 1 1 1 1 0 0 0 0 0 0 1 1 1 1 1 1 1 1 1 2 2 2 1 1 2 2 2 2 1 1 1 1 1 2 3 3 4 4 4 5 3 3 3 3 2 2 6 6 6 4 3 3 3 3 3 1 1 1 2 2 1 1 1 1 1 1 1 1 1 1 1 1 1 1 2 2 2 1 1 1 1 3 7 7 7 7 7 5 3
1 1 1 1 0 0 0 0 0 0 0 0 0 0 0 2 0 0 0 0 2 8 1 1 1 1 1 1 1 1 1 1 0 0 1 1 1 1 1 3 4 4 4 3 3 3 0 0 3 2 2 6 8 7 6 14 14 4 3 3 3 3 1 1 1 1 0 1 1 1 1 1 1 1 1 1 1 1 2 2 2 2 2 2 2 1 1 1 5 9 9 9 9 9 9 9
1 1 1 1 1 0 0 0 0 0 0 0 0 0 25 69 0 0 1 1 1 1 1 1 1 1 1 1 1 1 1 0 0 0 1 1 1 1 1 3 4 4 4 3 2 2 4 4 4 4 4 5 6 6 10 15 15 4 3 3 3 3 2 1 0 1 0 1 1 1 1 1 1 1 1 1 1 1 1 1 2 2 2 2 2 2 1 3 7 9 9 9 9 9 9 9
1 1 1 1 1 1 0 0 0 0 0 0 0 0 0 0 0 0 1 1 1 1 1 1 1 1 1 1 1 0 1 0 0 0 1 1 1 1 2 4 3 3 6 7 3 3 14 5 4 4 4 4 4 4 0 5 8 3 3 3 3 3 2 1 1 1 1 1 1 1 1 1 1 1 1 1 1 1 1 1 1 2 2 2 2 2 2 2 9 9 9 9 9 9 9 9
1 1 1 1 1 2 2 1 1 0 0 0 0 0 0 0 0 1 1 1 1 1 1 1 1 1 1 0 1 70 17 1 1 1 2 1 1 1 1 2 4 4 7 6 4 14 33 19 18 10 2 2 2 2 2 2 2 2 3 3 3 3 1 1 1 1 1 1 1 1 1 1 1 1 1 1 1 1 1 1 1 1 1 2 2 2 2 2 6 9 8 7 8 8 9 8
0 0 1 1 2 2 2 1 2 2 2 1 1 1 0 0 0 0 1 1 1 1 1 1 1 1 1 1 0 1 1 1 2 3 2 1 1 1 1 2 5 4 0 0 4 8 9 11 12 12 5 10 2 2 2 2 2 2 3 3 3 3 1 1 1 1 1 1 1 1 1 1 1 1 1 1 1 1 1 1 1 1 1 2 2 2 2 2 2 2 1 1 1 1 2 1
0 0 2 2 2 2 1 1 1 2 2 2 2 2 1 1 1 1 1 1 1 1 1 1 1 1 1 0 0 1 1 1 2 3 3 3 1 4 7 9 8 6 5 4 5 7 4 4 4 6 19 10 2 2 2 2 2 2 3 3 3 2 1 1 1 1 1 1 1 1 1 1 1 1 1 1 1 1 1 1 1 1 2 2 2 2 2 1 1 1 1 1 1 1 1 1
0 0 0 2 2 2 1 1 1 2 2 2 2 2 2 1 1 1 1 1 1 1 1 1 1 1 1 1 2 2 2 1 1 3 3 3 54 7 6 7 9 9 8 12 12 6 4 4 6 19 18 10 10 12 14 2 2 2 3 3 6 10 4 1 1 1 1 1 1 1 1 1 1 1 1 1 1 1 1 1 1 1 1 2 2 2 2 1 1 1 1 1 1 1 1 1
0 0 0 2 2 2 1 2 2 2 32 41 2 3 3 1 1 1 1 1 1 1 1 1 1 1 1 1 1 2 4 2 6 4 6 6 17 26 11 10 15 26 16 22 20 13 10 10 11 45 39 14 14 19 30 37 15 16 15 13 13 11 7 3 3 3 3 2 1 1 1 1 1 1 1 1 1 1 1 1 1 1 1 1 2 2 1 0 0 1 1 1 1 1 1 1
0 0 2 2 2 1 1 2 2 2 2 2 3 3 4 2 1 1 1 1 1 2 2 1 1 1 1 1 4 6 9 3 10 15 12 6 5 6 10 10 20 58 61 55 14 10 10 11 11 42 40 82 183 20 30 35 15 16 16 13 8 7 5 3 3 3 3 3 3 1 1 1 1 1 1 1 1 1 1 1 1 1 1 1 1 1 1 0 0 0 0 0 1 1 1 1
0 1 2 2 2 1 1 1 1 1 2 2 3 4 4 5 14 31 1 25 1 3 3 12 10 7 6 23 5 9 10 7 7 18 46 25 12 11 8 8 9 34 158 55 30 16 20 18 13 12 14 14 17 27 117 469 19 17 15 12 6 6 6 3 3 3 3 2 1 1 1 1 1 1 1 1 1 1 1 0 0 0 0 0 0 0 0 0 0 0 0 0 0 0 0 0
4 3 3 3 2 0 0 0 0 1 1 3 3 4 4 5 42 16 6 4 22 8 14 13 8 7 10 11 30 18 11 8 15 492 123 28 12 9 7 7 7 15 17 19 21 33 32 28 22 5 7 6 9 24 15 12 12 16 16 10 4 4 4 4 4 4 4 3 2 1 1 1 1 1 1 1 1 1 1 0 0 0 0 0 0 0 0 0 0 0 0 0 0 0 0 0
6 6 8 16 2 0 0 0 0 1 1 1 3 3 3 3 3 6 10 31 22 13 150 18 24 8 11 45 63 358 61 17 17 27 26 0 27 12 11 7 9 12 13 14 15 13 7 5 4 4 4 4 4 4 4 5 7 10 16 7 4 4 4 4 4 4 4 4 4 4 3 3 1 0 0 0 0 1 1 0 0 0 0 0 0 0 0 0 0 0 0 0 0 0 0 0
39 7 8 14 0 0 0 11 0 1 1 1 3 4 6 7 8 25 76 190 30 23 14 13 12 9 10 15 17 16 11 9 34 0 0 0 29 7 7 7 10 12 12 12 11 12 23 21 5 5 9 13 18 14 4 4 7 11 16 5 4 4 4 4 4 4 4 4 4 4 4 4 1 0 0 0 0 0 0 0 0 0 0 0 0 0 0 0 0 0 0 0 1 1 3 5
127 136 27 9 0 0 0 0 19 7 1 1 1 5 6 6 16 20 26 54 20 8 8 16 14 19 10 8 7 7 0 6 6 7 7 6 6 7 13 12 13 12 11 13 16 19 23 22 5 5 21 34 35 16 9 4 5 7 14 6 4 4 4 4 4 4 4 4 4 4 3 2 0 0 0 0 0 0 0 0 0 0 0 0 0 0 0 0 0 1 1 2 2 2 2 5
72 99 28 17 12 5 1 2 3 3 1 1 1 5 6 6 26 71 1192 132 65 34 66 261 109 37 56 22 5 5 4 15 12 3 3 4 4 14 19 16 15 13 16 24 18 8 16 21 6 4 11 18 4 1 1 1 2 2 4 3 2 2 2 2 2 3 4 4 4 4 3 2 0 0 0 0 0 0 0 0 0 0 0 0 0 0 0 0 0 2 2 2 2 3 58 67
3 2 2 2 34 14 7 11 19 26 13 7 7 8 8 28 99 166 115 123 53 176 197 317 541 286 82 30 14 4 3 2 3 6 6 3 3 4 8 17 18 19 22 17 5 5 5 7 3 1 1 1 1 1 1 1 1 1 1 1 0 0 0 0 0 0 0 3 5 4 3 3 3 3 7 9 6 2 6 6 2 0 0 0 0 0 0 0 0 1 2 2 11 64 135 56
4 2 2 3 7 15 15 14 24 55 102 60 65 51 25 114 58 106 155 185 104 149 126 284 89 52 46 7 9 5 2 3 10 12 12 8 5 8 9 11 15 15 21 22 5 5 5 5 1 1 1 1 1 1 1 1 0 0 0 0 0 0 0 0 0 1 5 5 5 5 4 3 3 7 14 14 10 8 8 6 1 0 0 0 0 0 0 0 0 0 1 2 2 16 10 7
4 4 4 4 4 9 14 17 133 80 38 60 94 346 175 46 34 61 57 26 12 19 22 17 15 17 15 5 2 2 8 40 43 24 31 33 14 14 14 14 15 15 21 22 5 5 5 3 0 0 0 0 0 0 0 0 0 0 0 0 0 0 0 0 0 2 3 3 4 2 1 1 1 7 8 13 57 67 17 23 11 0 0 0 0 0 0 0 1 1 2 2 2 72 5 6
3 6 11 6 5 6 7 83 18 20 35 59 49 130 112 48 17 21 21 20 16 15 11 10 5 2 1 4 4 3 26 97 116 44 35 17 15 14 14 14 14 14 14 4 5 1 1 0 0 0 0 0 0 0 0 0 0 0 0 0 0 0 0 0 0 0 1 1 1 1 0 0 0 0 1 2 2 21 36 23 64 63 0 1 6 5 8 14 4 2 2 2 61 174 5 5
6 8 12 8 6 6 6 12 9 12 34 157 44 68 56 37 101 329 60 34 11 8 9 8 3 0 0 3 5 6 6 12 45 65 59 20 17 16 9 13 14 14 11 4 5 1 0 0 0 0 0 0 0 0 0 0 0 0 0 0 0 0 0 1 1 1 1 0 1 1 1 1 0 0 1 1 2 3 3 2 66 74 28 15 62 17 17 14 3 2 2 48 168 49 5 5
4 5 10 9 7 6 6 6 6 8 9 25 22 19 19 140 65 93 66 38 16 11 9 6 4 2 0 0 0 1 5 6 6 57 89 15 10 5 5 13 14 14 6 5 5 1 0 0 0 0 0 0 0 0 0 0 0 0 0 0 0 1 1 1 1 1 1 1 1 1 1 1 1 2 2 1 1 1 2 3 3 52 37 32 73 65 39 2 2 2 2 64 171 27 8 5
5 4 8 52 29 6 6 6 8 8 9 11 11 29 62 63 49 155 83 113 25 13 12 6 6 3 0 0 0 0 1 3 19 48 13 9 5 5 6 14 15 12 4 5 5 1 1 0 0 0 0 0 0 0 0 0 0 0 0 0 0 1 1 1 1 1 1 1 1 1 1 1 1 2 2 2 1 1 1 4 5 4 15 9 106 130 80 23 2 6 23 75 146 39 22 27
12 11 8 14 10 6 6 6 9 8 12 33 32 59 107 41 52 88 65 36 15 13 13 16 7 8 10 9 9 4 1 1 7 12 12 6 5 5 9 72 15 8 5 5 4 1 1 0 0 0 0 0 0 0 0 0 0 0 0 0 0 0 1 1 1 1 1 1 1 1 1 1 1 2 2 2 2 3 2 5 0 10 78 71 43 46 49 46 38 60 59 63 40 27 30 36
13 8 9 13 7 6 7 10 9 15 20 38 38 50 41 17 56 87 52 35 15 13 13 11 15 19 16 15 14 14 13 5 4 11 12 6 5 5 13 15 15 5 4 5 5 1 1 0 0 0 0 0 0 0 0 0 0 0 0 0 0 0 1 1 1 1 1 1 1 1 1 1 1 1 1 1 3 6 8 9 0 0 96 401 109 70 76 52 114 75 66 53 50 32 31 31
20 20 12 10 5 4 6 9 12 17 19 37 38 50 36 17 23 40 42 36 29 13 15 20 21 16 14 14 14 14 14 14 1 3 11 8 5 9 15 15 11 4 4 5 5 1 1 1 0 0 0 0 0 0 0 0 0 0 0 0 0 0 1 1 1 1 1 1 1 1 1 1 1 1 1 1 1 1 8 8 9 9 43 96 94 201 290 279 101 79 84 79 111 62 53 66
20 20 14 4 4 4 6 10 18 18 18 32 38 46 27 17 26 34 35 38 38 14 25 21 76 123 45 18 14 14 14 14 11 3 11 10 7 11 12 14 7 4 4 5 4 2 1 1 1 0 0 0 0 0 0 0 0 0 0 0 0 0 0 0 0 0 0 1 1 1 1 1 1 1 1 1 1 1 3 4 7 9 13 25 0 145 222 262 125 107 95 145 128 134 126 170
20 20 23 21 10 7 8 9 10 16 17 23 36 25 15 16 37 56 67 47 49 29 26 92 199 188 103 104 72 45 14 14 14 14 12 11 11 11 11 12 7 0 1 2 0 0 0 0 0 0 0 0 0 0 0 0 0 0 0 0 0 0 0 0 0 0 0 0 0 1 1 1 1 1 1 1 1 0 2 4 7 8 7 9 18 43 135 174 150 150 147 217 189 142 144 193
20 20 24 24 20 12 12 9 11 10 11 11 14 14 15 20 59 166 299 201 55 52 141 276 248 239 268 259 190 61 26 33 26 12 11 11 11 11 11 10 2 0 0 0 0 0 0 0 0 0 0 0 0 0 0 0 0 0 0 0 1 1 1 0 0 0 0 0 0 0 0 0 1 1 1 0 0 1 2 3 4 6 5 7 13 13 25 72 96 158 296 240 156 138 183 191
20 22 24 24 24 24 23 19 17 11 11 13 13 15 15 28 38 72 210 147 103 105 200 658 699 349 310 152 120 389 165 39 40 21 11 11 11 11 11 0 0 0 0 0 0 0 0 0 0 0 0 0 0 0 0 0 0 0 0 1 1 1 1 0 1 0 0 0 0 0 0 0 1 3 2 1 0 1 2 3 3 3 3 4 5 8 13 37 91 106 143 143 93 111 288 368
20 23 24 24 24 19 9 11 11 11 14 15 15 15 15 21 23 38 37 40 127 201 243 493 298 257 408 317 92 349 169 35 35 17 12 11 11 10 0 0 0 0 0 0 0 0 0 0 0 0 0 0 0 0 0 0 0 0 0 0 1 1 1 1 1 1 0 0 1 0 0 0 1 3 3 3 2 2 2 2 2 2 3 3 4 6 7 12 47 91 135 113 59 38 64 99
20 10 6 7 6 5 5 7 7 10 12 15 15 15 21 22 22 24 30 43 82 142 153 156 160 356 611 298 76 63 159 94 33 18 13 12 11 11 4 0 0 0 0 0 0 0 0 0 0 0 0 0 0 0 0 0 0 0 0 0 1 1 1 1 1 1 1 1 1 1 1 1 5 4 3 3 3 2 2 2 2 2 3 4 5 5 5 10 21 58 94 71 90 190 276 123
20 12 5 5 5 5 5 5 6 10 12 15 14 13 16 21 22 24 37 82 100 213 167 163 219 235 256 408 416 260 195 173 73 7 6 5 9 10 10 1 0 0 0 0 0 0 0 0 0 0 0 0 0 0 0 0 0 0 0 0 1 1 1 1 1 1 1 1 1 1 1 2 4 5 4 3 3 3 5 4 3 3 4 5 4 4 7 10 27 45 67 117 112 168 172 106
20 16 5 5 5 5 5 7 10 10 12 14 12 10 10 16 21 27 46 63 84 136 142 215 273 273 416 550 583 782 632 371 169 80 44 9 2 2 1 0 1 0 0 0 0 0 0 0 0 0 0 0 0 0 0 0 0 0 0 0 0 1 1 1 2 2 3 3 3 3 3 4 4 4 4 4 5 5 5 6 4 4 5 8 6 10 13 19 34 67 203 191 195 164 162 120
20 14 3 3 3 3 4 10 10 10 14 14 12 12 11 11 18 21 22 30 84 109 155 221 292 307 545 590 690 697 552 407 254 285 92 36 12 4 0 0 1 0 0 0 0 0 0 0 0 0 0 0 0 0 0 0 0 0 0 0 0 1 2 2 3 4 3 4 4 4 4 4 5 4 4 4 9 6 5 7 7 6 6 12 10 10 15 59 190 337 247 306 408 412 273 193
20 20 10 5 2 2 6 10 10 11 14 14 14 25 29 24 19 19 19 22 64 140 197 230 369 637 695 602 1693 544 351 637 346 229 157 85 25 9 7 0 0 0 0 0 0 0 0 0 0 0 0 0 0 0 0 0 0 0 0 0 0 0 0 4 4 3 3 3 4 4 4 4 5 5 4 4 9 7 4 4 5 8 8 13 13 13 21 382 545 580 468 493 512 506 474 407
14 18 8 5 2 2 8 10 10 11 14 14 24 48 47 26 20 19 20 27 78 148 209 349 559 601 512 510 430 296 311 674 447 603 170 109 85 65 47 8 5 0 1 1 0 0 0 0 0 0 0 1 1 1 1 0 0 0 0 0 0 0 4 4 3 2 2 2 3 3 3 4 4 3 5 6 6 6 4 4 4 5 6 11 12 20 266 670 1523 623 598 603 672 629 491 438
8 9 5 2 2 3 10 10 10 11 14 14 52 119 63 20 27 28 28 33 97 141 321 457 442 439 369 277 238 310 290 317 380 459 477 477 306 155 112 97 40 21 6 5 2 1 1 1 0 0 0 1 1 1 2 2 1 1 4 2 2 7 9 8 4 2 2 2 2 2 2 2 3 3 3 5 6 6 6 4 3 4 6 9 21 53 368 571 624 611 604 579 667 579 495 394
8 8 3 3 0 2 8 10 9 10 12 9 31 29 28 20 19 16 21 62 98 155 400 452 288 198 200 175 214 236 239 266 311 369 537 729 407 128 146 144 128 65 42 22 10 7 1 1 1 1 1 1 1 1 2 3 2 5 7 7 6 16 58 10 6 2 2 3 3 3 2 2 2 3 3 3 5 6 5 3 3 4 6 12 60 108 249 506 534 690 703 575 1046 793 412 254
8 8 7 4 3 3 4 4 4 4 4 4 19 24 26 31 20 14 14 69 98 188 129 97 94 172 135 87 103 115 195 283 307 431 671 726 592 464 245 162 103 85 84 51 30 5 3 2 1 1 1 1 1 2 2 8 7 19 15 13 10 15 21 16 6 3 2 2 2 2 1 1 2 2 1 2 4 6 6 5 4 4 7 8 43 115 131 348 382 732 730 615 581 520 222 138
8 8 8 6 4 4 4 4 4 4 4 4 22 16 24 34 75 21 22 108 175 205 79 79 78 99 52 27 50 72 108 157 334 999 3061 943 570 804 592 413 165 122 109 99 58 43 33 18 4 18 10 2 2 3 4 6 5 6 12 9 7 4 4 0 6 4 2 2 2 3 4 1 1 1 1 1 2 6 8 7 4 8 8 14 66 79 65 131 247 510 591 363 342 282 201 135
8 0 8 8 8 0 0 4 4 4 4 8 22 10 21 87 208 257 202 160 210 189 79 76 39 57 60 45 59 125 195 284 413 368 931 594 585 546 668 485 276 198 220 129 105 110 148 181 133 85 55 39 10 4 4 3 3 3 4 5 6 5 6 3 4 4 3 3 10 20 15 10 8 3 1 1 3 6 8 11 6 9 9 55 76 71 69 109 200 360 255 172 194 187 176 168
8 8 8 8 8 7 4 4 4 4 4 6 10 10 86 236 255 190 121 121 45 67 31 26 20 21 52 63 91 163 260 255 328 279 351 533 623 488 437 483 373 625 361 340 221 219 240 212 177 133 456 156 86 40 38 40 34 6 23 37 18 16 31 21 6 3 8 15 21 84 197 0 21 5 8 1 4 14 17 11 18 27 22 52 136 73 93 164 173 255 241 217 229 378 227 188
8 8 8 8 8 7 7 9 9 7 4 9 10 10 80 163 197 96 107 50 6 6 6 22 41 42 68 86 113 164 187 301 207 308 350 744 730 416 545 509 473 451 490 457 490 437 502 523 303 304 268 200 111 107 96 101 173 109 40 34 48 27 57 49 17 13 11 57 218 213 292 144 8 5 10 6 3 18 32 25 33 34 36 47 78 89 159 240 155 211 292 238 239 219 201 164
8 8 8 8 9 12 12 13 13 13 11 10 10 10 62 171 258 143 89 30 11 6 6 16 47 64 84 106 108 178 136 689 234 253 252 307 329 398 484 456 492 825 723 564 593 759 849 790 701 729 688 616 426 233 287 257 510 405 338 188 171 219 237 274 404 169 198 205 296 195 52 8 2 2 2 2 1 15 40 48 58 58 67 145 93 102 132 139 154 251 256 268 281 478 162 201
8 8 8 11 20 23 22 19 17 10 10 10 13 14 36 101 301 156 107 103 36 9 16 41 56 158 191 103 201 195 121 158 154 126 139 220 282 224 301 370 1027 539 509 520 613 624 955 641 867 816 901 934 886 553 513 550 468 553 660 531 286 0 448 448 369 454 103 112 98 70 13 4 2 2 4 1 1 32 42 82 101 79 63 138 92 116 149 175 195 191 245 297 296 309 159 158
8 8 8 12 20 20 22 22 16 10 12 11 15 17 168 84 269 275 106 100 54 48 76 55 60 102 103 127 157 137 124 113 133 77 67 158 165 258 215 205 265 410 486 740 780 817 804 699 717 0 1391 1033 772 658 528 638 575 747 906 625 124 82 114 146 70 84 101 93 115 31 5 3 6 6 25 7 18 68 50 63 217 132 77 89 84 103 115 190 196 221 184 177 125 113 100 108
0 0 8 11 12 12 12 0 0 0 0 0 0 0 1565 83 318 331 76 72 72 65 50 54 105 109 120 153 169 186 123 228 160 97 79 100 178 241 210 191 218 246 246 474 807 886 708 476 657 722 721 788 642 723 607 512 556 567 760 701 284 206 155 231 109 68 31 26 46 12 11 10 18 38 27 24 75 121 132 64 139 149 103 110 136 503 196 193 168 195 184 135 81 75 64 72
0 0 0 0 0 0 0 0 0 0 0 0 0 0 852 105 130 156 96 72 72 71 80 114 117 127 114 219 217 129 108 179 140 120 112 100 140 147 149 125 120 188 198 239 200 203 205 212 468 585 512 393 324 310 346 532 702 702 837 891 921 824 372 715 600 422 85 286 137 13 12 20 27 25 25 45 92 102 124 97 112 95 89 61 145 0 151 174 130 139 100 67 52 58 84 104
0 0 0 0 0 0 0 0 0 0 0 0 0 0 0 77 79 116 60 65 72 0 0 175 239 181 109 210 162 159 173 147 131 171 112 130 166 122 104 104 97 174 202 168 120 125 157 257 246 197 266 257 270 345 250 500 809 872 741 994 756 1064 698 448 233 87 25 90 29 23 23 34 48 23 29 58 82 77 93 102 104 70 56 50 119 253 117 119 83 77 63 47 52 87 100 146
0 0 0 0 0 0 0 0 0 0 0 0 0 0 0 0 0 0 0 0 0 51 0 159 369 322 225 194 269 164 183 145 161 152 152 136 148 199 141 138 182 141 112 64 74 105 81 91 138 139 302 379 642 913 689 555 776 694 872 855 2881 1566 836 215 65 47 15 10 19 13 30 52 35 11 22 42 23 46 67 71 79 42 55 61 75 112 130 106 96 91 82 69 90 114 132 170
0 0 0 0 0 0 0 0 0 0 0 0 0 0 0 0 0 32 56 41 83 74 77 0 264 1222 269 311 262 159 228 276 192 141 402 175 105 136 118 270 244 98 125 155 91 104 107 102 105 203 380 237 369 368 420 602 951 954 759 709 1096 1308 1039 196 55 63 25 25 51 27 55 62 19 19 30 34 36 26 49 61 42 37 47 70 95 140 174 104 125 119 79 83 155 144 157 163
0 0 0 0 0 0 0 0 0 0 0 0 0 0 0 0 0 0 0 0 144 147 108 166 0 844 423 317 277 169 150 383 341 111 101 138 113 135 129 183 80 88 116 136 105 108 109 120 125 127 123 225 520 267 369 1094 2898 1827 672 885 1014 1000 0 536 142 29 15 17 51 46 93 140 59 44 33 35 32 10 18 54 51 47 43 36 47 70 77 67 91 69 48 55 104 112 122 186
0 0 0 0 0 0 0 0 0 0 0 0 0 0 0 0 0 0 113 140 186 290 158 135 147 0 693 228 163 153 170 156 140 86 100 122 110 124 113 117 98 88 114 166 215 172 117 126 155 261 111 171 203 266 484 1078 1824 749 205 301 654 725 0 0 391 24 12 11 43 78 205 162 258 38 27 24 25 9 24 47 52 50 39 13 8 8 36 41 69 76 73 57 48 104 103 106
0 0 0 0 0 0 0 0 0 0 0 0 0 0 0 0 0 0 0 176 212 221 218 178 413 0 249 151 145 173 138 177 168 89 67 99 147 184 125 164 214 98 144 230 262 260 211 202 155 81 84 182 138 247 467 811 668 0 0 0 0 0 0 0 242 10 9 9 45 108 220 0 245 57 17 17 24 8 8 16 49 43 27 17 8 11 38 52 43 145 210 233 91 104 69 103
0 0 0 0 0 0 0 0 0 0 0 0 0 0 0 0 0 0 0 0 258 153 166 253 0 0 272 172 196 202 228 249 184 133 144 249 152 360 549 234 216 156 466 362 182 144 190 284 111 97 121 138 295 420 0 0 0 0 0 0 0 0 0 0 263 44 11 8 41 135 205 167 86 26 31 23 20 14 20 33 12 9 15 16 12 15 43 63 44 87 490 1160 603 158 80 0
0 0 0 0 0 0 0 0 0 0 0 0 0 0 0 0 0 0 0 0 0 0 0 0 0 0 388 121 206 285 217 265 228 220 276 230 149 197 130 199 109 99 195 171 106 129 184 185 93 130 207 282 577 362 0 0 0 0 0 0 0 0 0 0 0 118 78 24 47 149 131 201 114 76 87 22 13 10 11 17 15 11 11 14 15 16 16 22 31 50 144 860 1051 1003 0 0
0 0 0 0 0 0 0 0 0 0 0 0 0 0 0 0 0 0 0 0 0 0 0 0 0 0 238 262 230 180 196 191 183 165 151 159 169 156 146 157 74 71 86 113 85 157 149 82 82 157 278 650 496 0 0 0 0 0 0 0 0 0 0 0 0 0 85 29 31 114 116 86 81 49 58 11 9 6 20 84 53 17 14 15 15 14 7 13 17 27 140 470 1031 0 0 0
0 0 0 0 0 0 0 0 0 0 0 0 0 0 0 0 0 0 0 0 0 0 0 0 0 0 186 275 212 229 245 231 167 157 171 153 123 138 154 98 44 40 36 71 82 169 114 76 106 293 0 0 0 0 0 0 0 0 0 0 0 0 0 0 0 0 0 30 20 48 85 94 106 48 50 8 8 12 53 105 95 19 13 16 33 11 10 14 15 20 139 734 0 0 0 0
0 0 0 0 0 0 0 0 0 0 0 0 0 0 0 0 0 0 0 0 0 0 0 0 0 0 688 186 167 232 172 154 162 224 321 174 137 83 109 81 34 22 37 103 164 154 106 91 143 443 0 0 0 0 0 0 0 0 0 0 0 0 0 0 0 0 0 108 24 37 89 68 68 23 17 8 12 36 49 99 67 55 21 14 14 16 10 11 17 35 175 359 0 0 0 0
0 0 0 0 0 0 0 0 0 0 0 0 0 0 0 0 0 0 0 0 0 0 0 0 0 0 261 796 177 160 132 167 171 190 205 226 315 240 347 105 32 20 45 84 121 115 236 222 261 0 0 0 0 0 0 0 0 0 0 0 0 0 0 0 0 0 0 0 26 48 151 120 101 55 4 10 15 175 161 48 40 49 17 16 20 13 10 8 4 26 257 0 0 0 0 0
0 0 0 0 0 0 0 0 0 0 0 0 0 0 0 0 0 0 0 0 0 0 0 0 0 0 189 405 199 193 152 170 255 226 185 201 234 252 312 262 52 40 37 68 69 101 346 410 0 0 0 0 0 0 0 0 0 0 0 0 0 0 0 0 0 0 0 0 0 55 156 136 78 68 10 14 20 78 91 80 97 24 18 12 35 90 87 76 23 9 53 224 0 0 0 0
0 0 0 0 0 0 0 0 0 0 0 0 0 0 0 0 0 0 0 0 0 0 0 0 0 0 180 196 247 181 203 322 180 189 233 224 268 209 209 370 95 146 53 33 62 308 884 0 0 0 0 0 0 0 0 0 0 0 0 0 0 0 0 0 0 0 0 0 0 58 223 173 130 145 28 11 13 25 41 53 103 22 21 54 78 198 102 85 70 23 8 31 106 0 0 0
0 0 0 0 0 0 0 0 0 0 0 0 0 0 0 0 0 0 0 0 0 0 0 0 0 0 223 171 305 212 128 163 136 194 146 281 1078 477 218 235 273 183 129 226 424 0 0 0 0 0 0 0 0 0 0 0 0 0 0 0 0 0 0 0 0 0 0 0 0 128 204 201 120 182 127 41 18 16 33 115 76 27 31 75 116 177 125 101 120 113 20 9 43 102 0 0
0 0 0 0 0 0 0 0 0 0 0 0 0 0 0 0 0 0 0 0 0 0 0 0 0 0 205 137 548 496 197 163 128 138 148 251 178 128 177 242 261 509 361 883 667 0 0 0 0 0 0 0 0 0 0 0 0 0 0 0 0 0 0 0 0 0 0 0 0 131 210 317 1237 211 0 0 37 38 56 89 160 56 83 50 135 145 138 111 79 93 42 17 14 94 0 0
0 0 0 0 0 0 0 0 0 0 0 0 0 0 0 0 0 0 0 0 0 0 0 0 0 0 0 168 277 305 216 182 140 132 168 183 166 80 84 202 577 512 410 0 0 0 0 0 0 0 0 0 0 0 0 0 0 0 0 0 0 0 0 0 0 0 0 0 0 122 181 222 0 0 0 0 27 8 51 90 130 86 75 49 122 181 180 187 109 94 63 13 11 14 64 213
0 0 0 0 0 0 0 0 0 0 0 0 0 0 0 0 0 0 0 0 0 0 0 0 0 0 0 276 215 347 192 155 148 179 216 192 215 73 119 165 399 227 0 0 0 0 0 0 0 0 0 0 0 0 0 0 0 0 0 0 0 0 0 0 0 0 0 0 0 0 0 0 0 0 0 0 7 4 52 104 147 80 72 93 135 151 148 155 145 122 86 32 25 10 7 53
0 0 0 0 0 0 0 0 0 0 0 0 0 0 0 0 0 0 0 0 0 0 0 0 0 0 0 0 132 218 245 171 221 230 160 141 170 104 88 152 0 0 0 0 0 0 0 0 0 0 0 0 0 0 0 0 0 0 0 0 0 0 0 0 0 0 0 0 0 0 0 0 0 0 0 0 27 5 19 69 158 93 70 93 174 130 146 138 193 156 103 60 16 14 10 14
0 0 0 0 0 0 0 0 0 0 0 0 0 0 0 0 0 0 0 0 0 0 0 0 0 0 0 0 0 96 228 220 146 140 128 195 115 223 103 177 0 0 0 0 0 0 0 0 0 0 0 0 0 0 0 0 0 0 0 0 0 0 0 0 0 0 0 0 0 0 0 0 0 0 0 0 19 5 23 83 245 230 80 106 161 148 167 163 138 118 79 41 8 13 11 21
0 0 0 0 0 0 0 0 0 0 0 0 0 0 0 0 0 0 0 0 0 0 0 0 0 0 0 0 0 153 168 304 249 139 124 152 140 159 125 243 0 0 0 0 0 0 0 0 0 0 0 0 0 0 0 0 0 0 0 0 0 0 0 0 0 0 0 0 0 0 0 0 0 0 0 0 40 16 46 136 194 268 115 49 51 73 52 31 28 24 26 24 11 4 4 40
0 0 0 0 0 0 0 0 0 0 0 0 0 0 0 0 0 0 0 0 0 0 0 0 0 0 0 0 0 194 117 246 156 165 206 233 168 158 196 186 171 0 0 0 0 0 0 0 0 0 0 0 0 0 0 0 0 0 0 0 0 0 0 0 0 0 0 0 0 0 0 0 0 0 0 0 0 27 42 261 882 1817 170 73 68 53 61 42 8 8 8 6 6 5 12 33
0 0 0 0 0 0 0 0 0 0 0 0 0 0 0 0 0 0 0 0 0 0 0 0 0 0 0 0 0 0 147 162 234 220 346 760 309 199 311 440 3024 0 0 0 0 0 0 0 0 0 0 0 0 0 0 0 0 0 0 0 0 0 0 0 0 0 0 0 0 0 0 0 0 0 0 0 0 34 15 150 0 0 166 22 45 36 112 88 49 17 11 6 5 2 3 7
0 0 0 0 0 0 0 0 0 0 0 0 0 0 0 0 0 0 0 0 0 0 0 0 0 0 0 0 0 0 302 165 269 289 533 812 260 427 445 524 0 0 0 0 0 0 0 0 0 0 0 0 0 0 0 0 0 0 0 0 0 0 0 0 0 0 0 0 0 0 0 0 0 0 0 0 0 34 8 66 0 0 158 115 79 12 31 56 48 45 25 15 16 2 2 76
0 0 0 0 0 0 0 0 0 0 0 0 0 0 0 0 0 0 0 0 0 0 0 0 0 0 0 0 0 0 585 207 244 515 203 158 305 298 423 426 0 0 0 0 0 0 0 0 0 0 0 0 0 0 0 0 0 0 0 0 0 0 0 0 0 0 0 0 0 0 0 0 0 0 0 0 65 42 9 59 0 0 0 0 0 0 5 14 28 77 155 80 23 8 17 18
0 0 0 0 0 0 0 0 0 0 0 0 0 0 0 0 0 0 0 0 0 0 0 0 0 0 0 0 0 0 0 670 242 175 153 365 541 285 435 0 0 0 0 0 0 0 0 0 0 0 0 0 0 0 0 0 0 0 0 0 0 0 0 0 0 0 0 0 0 0 0 0 0 0 0 0 65 32 7 0 0 0 0 0 0 0 7 2 27 318 208 129 61 76 44 57
0 0 0 0 0 0 0 0 0 0 0 0 0 0 0 0 0 0 0 0 0 0 0 0 0 0 0 0 0 0 0 0 601 450 364 460 361 272 379 604 0 0 0 0 0 0 0 0 0 0 0 0 0 0 0 0 0 0 0 0 0 0 0 0 0 0 0 0 0 0 0 0 0 0 0 0 0 8 30 0 0 0 0 0 0 0 6 8 42 224 202 170 251 174 183 83
0 0 0 0 0 0 0 0 0 0 0 0 0 0 0 0 0 0 0 0 0 0 0 0 0 0 0 0 0 0 0 0 936 628 343 254 303 559 528 564 0 0 0 0 0 0 0 0 0 0 0 0 0 0 0 0 0 0 0 0 0 0 0 0 0 0 0 0 0 0 0 0 0 0 0 0 0 20 51 0 0 0 0 0 0 0 0 0 71 198 451 191 306 1539 240 107
0 0 0 0 0 0 0 0 0 0 0 0 0 0 0 0 0 0 0 0 0 0 0 0 0 0 0 0 0 0 0 0 1237 331 217 349 372 296 363 285 0 0 0 0 0 0 0 0 0 0 0 0 0 0 0 0 0 0 0 0 0 0 0 0 0 0 0 0 0 0 0 0 0 0 0 0 0 36 0 0 0 0 0 0 0 0 0 0 0 0 409 664 662 0 0 0
