dashboard/data/pop/popdens/gpw_pop_density_qd_1995.asc
ncols 1440 
nrows 720
xllcorner -180
yllcorner -90
cellsize .25
NODATA_value -99
[rows 240 to 319 of 720, columns 864 to 959 of 1440]
4 4 4 3 3 3 3 3 3 3 3 3 3 3 3 3 3 3 3 3 3 3 3 3 3 3 3 3 3 3 14 10 6 6 6 6 6 6 6 6 6 6 28 103 100 98 98 98 98 0 0 0 0 0 0 0 0 31 31 31 31 30 30 30 30 30 30 30 30 30 30 30 30 22 12 12 12 12 12 12 12 12 12 12 12 12 12 12 12 12 12 12 12 10 10 10
4 4 3 3 3 3 3 3 3 3 3 3 3 3 3 3 3 3 3 3 3 3 3 3 3 3 3 3 3 3 7 6 6 6 6 6 6 6 6 6 6 6 32 102 98 98 98 0 0 0 0 0 0 0 0 0 0 0 0 31 31 31 30 30 30 30 30 30 30 30 30 30 30 30 17 12 12 12 12 12 12 12 12 12 12 12 12 12 12 12 12 12 12 11 10 10
4 3 3 3 3 3 3 3 3 3 3 3 3 3 3 3 3 3 3 3 3 3 3 3 3 3 3 3 3 3 3 4 4 5 6 6 4 1 2 4 6 6 72 99 98 98 98 0 0 0 0 0 0 0 0 0 0 0 0 31 31 31 31 30 30 30 30 30 30 30 30 30 30 30 30 28 14 12 12 12 12 12 12 12 12 12 12 12 12 12 12 12 12 11 10 10
3 3 3 3 3 3 3 3 3 3 3 3 3 3 3 3 3 3 3 3 3 3 3 3 3 3 3 3 3 3 3 3 3 3 4 2 0 0 0 0 0 2 56 81 83 94 98 98 98 0 0 0 0 0 0 0 0 0 0 31 31 31 31 31 30 30 30 30 30 30 30 30 30 30 30 30 21 12 12 12 12 12 12 12 12 12 12 12 12 12 12 12 12 11 10 10
4 3 3 3 3 3 3 3 3 3 3 3 3 3 3 3 3 3 3 4 4 4 4 4 4 3 3 3 3 3 3 3 3 3 3 3 3 1 1 1 2 2 2 2 2 3 77 98 98 0 0 0 0 0 0 0 0 0 0 31 31 31 31 31 30 30 30 30 30 30 30 30 30 30 30 30 28 15 13 14 13 12 12 12 12 12 12 12 12 12 12 12 12 10 10 10
5 4 3 4 4 3 5 3 3 3 3 3 3 3 3 4 5 5 5 5 5 5 5 5 5 5 4 4 3 3 3 3 3 3 3 3 3 3 3 2 2 2 2 2 2 2 41 87 86 80 0 0 0 0 0 0 0 0 0 0 0 31 31 31 31 30 30 30 30 30 30 30 30 30 30 30 30 22 16 15 14 12 12 12 12 12 12 12 12 12 12 12 11 10 10 10
5 5 5 5 5 5 5 4 3 3 3 3 3 4 5 5 5 5 5 5 5 5 5 5 5 5 5 5 5 4 4 4 3 3 3 3 3 3 2 2 2 2 2 2 2 2 2 2 2 2 0 0 0 0 0 0 0 0 0 0 0 31 31 31 31 30 30 30 30 30 30 30 30 30 30 30 30 30 18 15 14 12 12 13 12 12 12 12 12 12 12 11 10 10 10 10
5 5 5 5 5 5 5 5 5 5 4 4 5 5 5 5 5 5 5 5 5 5 5 5 5 5 5 5 5 5 5 5 3 3 3 3 3 2 2 2 2 2 2 2 2 2 2 2 2 2 0 0 0 0 0 0 0 0 0 0 0 31 31 31 31 31 30 30 30 30 30 30 30 30 30 30 30 30 16 15 15 15 15 15 13 12 12 12 12 12 12 11 10 10 10 10
5 5 5 5 5 5 5 5 5 5 5 5 5 5 5 5 5 5 5 5 5 5 5 5 5 5 5 5 5 5 5 5 4 4 3 3 3 2 2 2 2 2 2 2 2 2 2 2 2 2 0 0 0 0 0 0 0 0 0 0 0 0 0 0 31 31 31 30 30 30 30 30 30 30 30 30 30 27 19 15 15 15 15 15 15 12 12 12 12 12 12 11 10 10 10 10
5 5 5 5 5 5 5 5 5 5 5 5 5 5 5 5 5 5 5 5 5 5 5 5 5 5 5 5 5 5 5 5 5 5 5 3 2 2 2 2 2 2 2 2 2 2 2 2 2 2 2 0 0 0 0 0 0 0 0 0 0 0 0 0 31 31 31 31 30 30 30 30 30 29 29 29 25 15 15 15 15 15 15 15 15 13 12 12 12 12 12 11 10 10 10 10
5 5 5 5 7 7 7 6 5 5 5 5 5 5 5 5 5 5 5 5 5 5 5 5 5 5 5 5 5 5 5 5 5 5 8 10 7 2 2 2 2 2 2 2 2 2 2 2 2 2 2 2 2 2 0 0 0 0 0 0 0 0 0 0 0 0 28 23 29 30 30 30 17 15 15 15 15 15 15 15 15 15 15 15 15 14 12 12 12 12 12 10 10 10 10 10
5 5 5 6 10 10 10 8 6 5 5 5 5 5 5 5 5 5 5 5 5 5 5 5 5 5 5 5 5 5 4 4 5 5 5 10 11 8 4 2 2 2 2 2 2 2 2 2 2 2 2 2 2 2 2 0 0 0 0 0 0 0 0 0 0 0 0 0 0 0 19 20 16 15 15 15 15 15 15 15 15 0 0 0 15 15 12 12 12 12 12 10 10 10 10 10
5 5 5 5 10 10 10 10 10 7 7 6 5 5 5 5 5 5 5 5 5 5 5 5 5 5 5 5 5 4 4 4 4 4 6 10 11 11 11 7 5 3 2 2 2 2 2 2 2 2 2 2 2 2 2 0 0 0 0 0 0 0 0 0 0 0 0 0 0 0 0 15 15 15 15 15 15 15 15 15 15 0 0 0 15 15 15 15 14 12 12 11 10 10 10 10
0 5 5 5 7 10 10 10 10 10 10 10 9 8 9 6 5 5 5 5 5 5 5 5 5 5 5 4 4 4 4 4 4 6 11 11 11 11 11 11 11 10 6 5 2 2 2 2 2 2 2 2 2 2 2 0 0 0 0 0 0 0 0 0 0 0 0 0 0 0 0 0 0 0 15 15 0 0 0 0 0 0 0 0 15 15 15 15 14 12 12 11 10 10 10 10
0 5 5 5 6 10 10 10 10 10 10 10 10 10 10 7 5 5 5 5 5 5 5 5 5 5 4 4 4 4 4 4 4 7 11 11 11 11 11 11 11 11 11 11 7 4 2 2 2 2 2 2 2 2 2 0 0 0 0 0 0 0 0 0 0 0 0 0 0 0 0 0 0 0 15 15 0 0 0 0 0 0 0 0 15 15 15 15 13 12 12 11 10 10 10 10
0 0 0 5 5 8 10 10 10 10 10 10 10 10 10 9 5 5 5 5 5 5 5 5 5 4 4 4 4 4 4 4 4 4 9 11 11 11 11 11 11 11 11 11 11 10 2 2 2 2 2 2 2 2 2 0 0 895 895 0 0 50 0 0 0 0 0 0 0 0 0 0 0 0 0 0 0 0 0 0 0 0 0 0 15 15 15 15 15 15 13 11 10 10 10 10
0 0 0 5 5 5 7 10 10 10 10 10 10 10 10 8 5 5 5 5 5 5 5 5 4 4 4 4 4 4 4 4 4 4 6 11 11 11 11 11 11 11 11 11 11 10 2 2 2 2 2 2 2 2 2 2 2 0 0 50 50 50 0 0 0 0 0 0 0 0 0 0 0 0 0 0 0 0 0 0 37 0 0 0 0 0 0 15 15 15 15 14 10 10 10 10
0 0 0 5 5 5 5 8 10 10 10 10 10 10 10 9 5 5 5 7 7 6 5 4 4 4 4 4 4 4 4 4 6 6 6 11 11 11 11 11 11 11 11 11 11 10 2 2 2 2 2 2 2 2 2 2 2 0 0 50 50 50 0 0 0 0 0 0 0 0 0 0 0 0 0 0 0 0 0 52 41 0 0 0 0 0 0 0 15 15 15 15 13 10 10 10
0 0 0 0 5 5 5 5 10 10 10 10 10 10 10 9 7 8 9 10 10 10 7 4 4 4 4 4 4 4 4 8 11 11 11 11 11 11 11 11 11 11 11 11 11 10 2 2 2 2 2 2 2 2 2 2 2 2 2 50 50 50 0 0 0 0 0 0 0 0 0 0 0 0 0 0 0 0 220 92 55 0 0 0 0 0 0 0 0 0 0 0 0 0 0 0
0 0 0 0 0 5 5 5 10 10 10 10 10 10 10 10 10 10 10 10 10 10 8 4 4 4 4 4 5 9 11 11 11 11 11 11 11 11 11 11 11 11 11 11 11 10 2 2 2 2 2 2 2 2 2 2 2 2 2 50 50 50 0 0 0 0 0 0 0 0 0 0 0 0 0 0 0 176 167 144 54 0 0 0 0 0 0 0 0 0 0 0 0 0 0 0
0 0 0 0 0 5 5 6 10 10 10 10 10 10 10 10 10 10 10 10 10 10 10 8 4 4 4 4 8 11 11 11 11 11 11 11 11 11 11 11 11 11 11 11 11 10 2 2 2 2 2 2 2 2 2 2 2 2 2 49 50 50 0 0 0 0 0 0 0 0 0 0 0 0 15 15 145 176 169 71 56 0 0 0 0 0 0 0 0 0 0 0 0 0 0 0
0 0 0 0 0 0 9 10 10 10 10 10 10 10 10 10 10 10 10 10 10 10 10 10 9 10 9 9 10 11 11 11 11 11 11 11 11 11 11 11 11 11 11 11 11 11 8 3 2 2 2 2 2 2 2 2 2 2 2 20 41 0 0 0 0 0 0 0 0 0 0 0 0 0 15 15 65 109 58 15 21 0 0 0 0 0 0 0 0 0 0 0 0 0 0 0
0 0 0 0 0 0 10 10 10 10 10 10 10 10 10 10 10 10 10 10 10 10 10 10 11 11 11 11 11 11 11 11 11 11 11 11 11 11 11 11 11 11 11 11 11 11 11 10 4 2 2 2 2 2 2 2 2 2 2 2 9 0 0 0 0 0 0 0 0 0 0 0 0 0 15 15 15 15 15 9 3 34 79 0 0 0 0 0 0 0 0 0 0 0 0 0
0 0 0 0 0 0 0 0 10 10 10 10 10 10 10 10 10 10 10 10 10 10 10 10 11 11 11 11 11 11 11 11 11 11 11 11 11 11 11 11 11 11 11 11 11 11 11 11 10 3 2 2 2 2 2 2 2 2 2 2 3 9 15 15 0 0 15 15 15 15 15 15 15 15 15 15 15 15 16 18 11 42 59 50 0 0 0 0 0 0 0 0 0 0 0 0
0 0 0 0 0 0 0 0 10 10 10 10 10 10 10 10 10 10 10 10 10 10 10 23 11 11 11 11 11 11 11 11 11 11 11 11 11 11 11 11 11 11 11 11 11 11 11 11 11 4 2 2 2 2 2 2 2 2 2 2 2 2 5 15 0 0 15 15 15 15 15 15 15 15 15 15 15 15 26 19 5 5 16 24 0 0 0 0 0 0 0 0 0 0 0 0
0 0 0 0 0 0 0 0 0 0 10 10 10 10 10 10 10 10 10 10 10 10 16 26 18 11 11 11 11 11 11 11 11 11 11 11 11 11 11 11 11 11 11 11 11 11 11 11 11 4 2 2 2 2 2 2 2 2 2 2 2 2 2 12 15 15 15 15 15 15 15 15 15 15 15 15 15 14 8 2 2 4 5 13 17 68 93 97 216 712 795 0 0 0 0 0
0 0 0 0 0 0 0 0 0 0 20 22 11 10 10 10 10 10 10 10 10 21 27 27 24 11 11 11 11 11 11 11 11 11 11 11 11 11 11 11 11 11 11 11 11 11 11 11 11 3 2 2 2 2 2 2 2 2 2 2 2 2 2 8 15 15 15 15 15 15 15 15 15 15 15 15 15 9 2 2 4 5 5 5 6 30 26 16 39 71 125 0 0 0 0 0
0 0 0 0 0 0 0 0 0 0 0 27 24 20 16 18 10 10 10 10 12 21 27 27 27 14 11 11 11 11 11 11 11 11 11 11 11 11 11 11 11 11 11 11 11 11 11 11 10 2 2 2 2 2 2 2 2 2 2 2 2 2 2 3 15 15 15 15 15 15 15 15 15 15 15 15 14 3 4 5 5 5 5 4 4 22 37 18 22 15 13 13 13 0 0 0
0 0 0 0 0 0 0 0 0 0 0 27 27 27 27 21 10 10 10 14 25 27 27 27 27 25 22 20 11 11 11 11 11 11 11 11 11 11 11 11 11 11 11 11 11 11 11 11 9 2 2 2 2 2 2 2 2 2 2 2 2 2 2 2 3 5 7 9 12 14 15 15 15 15 15 15 13 5 5 5 5 5 5 6 12 29 26 16 15 9 8 10 15 0 0 0
0 0 0 0 0 0 0 0 0 0 0 27 27 27 27 27 15 15 17 26 27 27 27 27 27 27 27 26 13 13 11 11 11 11 11 11 11 11 11 11 11 11 11 11 11 11 11 11 8 2 2 2 2 2 2 2 2 2 2 2 2 2 2 2 2 2 2 2 2 2 3 5 7 10 12 14 9 5 5 5 5 5 9 14 13 6 5 8 9 8 6 1 8 0 0 0
1 1 1 0 0 0 0 0 0 0 0 0 0 27 27 27 26 27 27 27 27 27 27 27 27 27 27 27 27 24 11 11 11 11 11 11 11 11 11 11 11 11 11 11 11 11 11 11 7 2 2 2 2 2 2 2 2 2 2 2 2 2 2 2 2 2 2 2 2 2 2 2 2 2 2 2 2 3 5 5 5 5 9 5 1 1 1 5 9 8 3 1 4 8 0 0
1 1 1 0 0 0 0 0 0 0 0 0 0 27 27 27 27 27 27 27 27 27 27 27 27 27 27 27 27 26 11 11 11 11 11 11 11 11 11 11 11 11 11 11 11 11 11 11 5 2 2 2 2 2 2 2 2 2 2 2 2 2 2 2 2 2 2 2 2 2 2 2 2 2 2 2 2 2 4 5 5 4 1 1 1 1 1 3 9 7 1 1 7 21 0 0
1 1 1 0 0 0 0 0 0 0 0 27 27 27 27 27 27 27 27 27 27 27 27 27 27 27 27 27 27 24 11 11 11 11 11 11 11 11 11 11 11 11 11 11 11 11 11 11 4 2 2 2 2 2 2 2 2 2 2 2 2 2 2 2 2 2 2 2 2 2 2 2 2 2 2 2 2 2 3 3 1 0 1 1 1 1 1 1 8 6 1 1 12 15 0 0
1 1 1 1 0 0 0 0 0 0 0 0 0 27 27 27 27 27 27 27 27 27 27 27 27 27 27 27 27 22 11 11 11 11 11 11 11 11 11 11 11 11 11 11 11 11 11 11 3 2 2 2 2 2 2 2 2 2 2 2 2 2 2 2 2 2 2 2 2 2 2 2 2 2 2 2 2 2 1 0 0 0 0 0 1 1 1 1 7 5 1 2 15 0 0 0
1 1 1 1 1 0 0 0 0 0 0 0 0 27 27 27 27 27 27 27 27 27 27 27 27 27 27 27 27 21 11 11 11 11 11 11 11 11 11 11 11 11 11 11 11 11 11 11 2 2 2 2 2 2 2 2 2 2 2 2 2 2 2 2 2 2 2 2 2 2 2 2 2 2 2 2 2 2 0 0 0 0 0 0 0 0 1 1 2 3 1 2 8 0 0 0
1 1 1 1 1 0 0 0 0 0 0 0 0 27 27 27 27 27 27 27 27 27 27 27 27 27 27 27 27 27 15 11 11 11 11 11 11 11 11 11 11 11 11 11 11 11 11 9 2 2 2 2 2 2 2 2 2 2 2 2 2 2 2 2 2 2 2 2 2 2 2 2 2 2 2 2 2 1 0 0 0 0 0 0 0 0 0 0 1 2 1 0 0 0 0 0
1 1 1 1 1 0 0 0 0 0 0 0 0 27 27 27 27 27 27 27 27 31 27 27 27 27 27 26 26 26 24 14 11 11 11 11 11 11 11 11 11 11 11 11 11 11 11 8 2 2 2 2 2 2 2 2 2 2 2 2 2 2 2 2 2 2 2 2 2 2 2 2 2 2 2 2 2 0 0 0 0 0 0 0 0 0 0 0 0 0 1 0 0 0 0 0
1 1 1 1 1 0 0 0 0 0 0 0 0 0 0 27 27 27 27 27 35 192 105 147 33 27 26 25 25 25 25 24 12 11 11 11 11 11 11 11 11 11 11 11 11 11 11 7 2 2 2 2 2 2 2 2 2 2 2 2 2 2 2 2 2 2 2 2 2 2 2 2 2 2 2 2 2 0 0 0 0 0 0 0 0 0 0 0 0 0 0 0 0 0 0 0
1 1 1 1 1 0 0 0 0 0 0 0 0 0 0 0 27 27 27 27 69 227 228 218 37 26 25 25 25 25 25 24 12 11 11 11 11 11 11 11 11 11 11 11 11 11 11 6 2 2 2 2 2 2 2 2 2 2 2 2 2 2 2 2 2 2 2 2 2 2 2 2 2 2 2 2 1 0 0 0 0 0 0 0 0 0 0 0 0 0 0 0 0 0 0 0
1 1 1 1 1 0 0 0 0 0 0 0 0 0 0 0 27 27 27 132 219 228 228 97 25 25 25 25 25 25 25 22 11 11 11 11 11 11 11 11 11 11 11 11 11 11 11 5 2 2 2 2 2 2 2 2 2 2 2 2 2 2 2 2 2 2 2 2 2 2 2 2 2 2 2 2 0 0 0 0 0 0 0 0 0 0 0 0 0 0 0 0 0 0 0 0
1 1 1 1 1 0 0 0 0 0 0 0 0 0 0 0 0 0 0 0 228 227 191 33 25 25 25 25 25 25 25 25 17 11 11 11 11 11 11 11 11 11 11 11 11 11 11 3 2 2 2 2 2 2 2 2 2 2 2 2 2 2 2 2 2 2 2 2 2 2 2 2 2 2 1 0 0 0 0 0 0 0 0 0 0 0 0 0 0 0 0 0 0 0 0 0
1 1 1 1 13 0 0 0 0 0 0 0 0 0 0 0 0 0 0 0 222 167 27 26 25 25 25 25 25 25 25 25 25 18 11 11 11 11 11 11 11 11 11 11 11 11 11 2 2 2 2 2 2 2 2 2 2 2 2 2 2 2 2 2 2 2 2 2 2 2 2 1 0 0 0 0 0 0 0 0 0 0 0 0 0 0 0 0 0 0 0 0 0 0 0 0
1 1 1 1 87 0 0 0 0 0 0 0 0 0 0 0 0 0 0 0 74 75 27 26 25 25 25 25 25 25 25 25 25 23 6 9 10 11 10 9 9 8 7 7 6 5 3 2 2 2 2 2 2 2 2 2 2 2 2 2 2 2 2 2 2 2 2 2 1 0 0 0 0 0 0 0 0 0 0 0 0 0 0 0 0 0 0 0 0 0 0 0 0 0 0 0
4 9 13 13 131 0 0 0 0 0 0 0 0 0 0 0 0 0 0 0 27 26 25 25 25 25 25 25 25 25 25 25 25 14 3 3 3 3 3 3 3 3 3 3 3 3 3 2 2 2 2 2 2 2 2 2 2 2 2 2 2 2 2 2 2 1 0 0 0 0 0 0 0 0 0 0 0 0 0 0 0 0 0 0 0 0 0 0 0 0 0 0 0 0 0 0
22 24 24 24 80 98 0 0 0 0 0 0 0 0 0 0 0 0 0 0 0 0 25 25 25 25 25 25 25 25 25 25 25 13 3 3 3 3 3 3 3 3 3 3 3 3 3 2 2 2 2 2 2 2 2 2 2 2 2 2 2 1 1 1 0 0 0 0 0 0 0 0 0 0 0 0 0 0 0 0 0 0 0 0 0 0 0 0 0 0 0 0 0 0 0 0
11 21 22 24 15 12 12 12 0 0 0 0 0 0 0 0 0 0 0 0 0 0 27 25 25 25 25 25 25 25 25 24 6 3 3 3 3 3 3 3 3 3 3 3 3 3 3 2 2 2 2 2 2 2 2 2 2 1 1 0 0 0 0 0 0 0 0 0 0 0 0 0 0 0 0 0 0 0 0 0 0 0 0 0 0 0 0 0 0 0 0 0 0 0 0 0
2 2 2 17 14 12 12 13 0 0 0 0 0 0 0 0 0 0 0 0 0 0 27 36 25 25 25 25 25 25 23 7 3 3 3 3 3 3 3 3 3 3 3 3 3 3 2 2 2 2 2 2 1 1 1 0 0 0 0 0 0 0 1 1 0 0 0 0 0 0 0 0 0 0 0 0 0 0 0 0 0 0 0 0 0 0 0 0 0 0 0 0 0 0 0 0
2 2 2 2 10 12 13 15 15 15 0 0 0 0 0 0 0 0 0 0 0 0 0 64 30 25 25 25 25 25 17 3 3 3 3 3 3 3 3 3 3 3 3 3 3 3 2 2 2 2 1 0 0 0 0 0 0 0 0 0 0 0 1 1 0 0 0 0 0 0 0 0 0 0 0 0 1 0 0 0 0 0 0 0 0 0 0 0 0 0 0 0 0 0 0 0
4 2 3 4 11 12 14 15 15 16 0 0 0 0 0 0 0 0 0 0 0 0 0 77 69 52 29 65 29 25 17 3 3 3 3 3 3 3 3 3 3 3 3 3 3 3 2 2 2 1 0 0 0 0 0 0 0 0 0 0 0 0 1 1 1 0 0 0 0 0 0 0 0 0 0 1 1 1 0 0 0 0 0 0 0 0 0 0 0 0 0 0 0 0 0 0
4 4 4 4 12 12 14 15 16 20 21 0 0 0 0 0 0 0 0 0 0 0 0 0 0 77 67 77 66 25 17 3 3 3 3 3 3 3 3 3 3 3 3 3 3 3 2 2 1 0 0 0 0 0 0 0 0 0 0 0 0 0 1 1 1 1 0 0 0 0 0 0 0 1 4 1 1 1 0 0 0 0 0 0 0 0 0 0 0 0 0 0 0 0 0 0
4 4 4 5 12 12 11 11 21 21 21 0 0 0 0 0 0 0 0 0 0 0 0 0 0 77 77 77 75 66 19 8 6 6 3 3 3 3 3 3 3 3 3 3 3 3 2 2 0 0 0 0 0 0 0 0 0 0 0 0 0 0 1 1 1 1 0 1 2 4 5 7 7 6 6 2 1 1 0 0 0 0 0 0 0 0 0 0 0 0 0 0 0 0 0 0
19 15 11 8 10 10 7 9 21 21 21 0 0 0 0 0 0 0 0 0 0 0 0 0 0 77 77 77 73 42 51 26 8 10 10 9 3 3 3 3 3 3 3 3 3 3 2 0 0 0 0 0 0 0 0 0 0 0 0 0 0 1 1 1 1 1 2 17 17 17 17 17 14 6 6 5 1 1 0 0 0 0 0 0 0 0 0 0 0 0 0 0 0 0 0 0
30 30 30 30 7 7 7 7 11 21 21 21 21 0 0 0 0 0 0 0 0 0 0 0 0 0 0 77 86 96 98 52 12 23 23 13 7 5 3 3 3 3 3 3 3 2 0 0 0 0 0 0 0 0 0 0 0 0 0 0 1 1 1 1 1 1 1 9 17 17 17 0 0 0 0 0 0 0 0 0 0 0 0 0 0 0 0 0 0 0 0 0 0 0 0 0
30 30 30 22 7 7 7 7 15 21 21 21 21 0 0 0 0 0 0 0 0 0 0 0 0 0 0 77 72 56 66 25 37 67 72 7 7 7 6 4 3 3 3 3 3 0 0 0 0 0 0 0 0 0 0 1 6 2 0 1 1 1 1 1 1 1 2 2 14 17 0 0 0 0 0 0 0 0 0 0 0 0 0 0 0 0 0 0 0 0 0 0 0 0 0 0
30 30 30 24 6 7 9 24 63 21 21 21 23 0 0 35 0 0 0 0 0 0 0 0 0 0 0 49 63 92 47 46 21 51 44 6 7 7 7 7 6 4 3 3 1 0 0 0 1 4 3 1 6 10 12 12 12 5 1 1 1 1 1 1 1 1 0 0 0 0 0 0 0 0 0 0 0 0 0 0 0 0 0 0 0 0 0 0 0 0 0 0 0 0 0 0
30 30 30 16 5 8 11 24 67 39 27 29 35 0 0 16 0 0 0 0 0 0 0 0 0 0 0 36 58 287 177 146 78 39 35 28 5 5 7 7 6 4 3 1 0 0 0 0 4 10 11 12 12 12 12 12 12 3 1 1 1 1 1 1 0 0 0 0 0 0 0 0 0 0 0 0 0 0 0 0 0 0 0 0 0 0 0 0 0 0 0 0 0 0 0 0
30 30 30 8 5 6 11 11 17 60 59 50 35 0 0 16 0 0 0 0 0 0 0 0 0 0 0 67 90 235 209 152 127 48 16 8 6 5 5 6 6 4 1 0 0 0 0 1 9 10 10 12 12 12 12 12 11 2 2 2 2 2 2 1 0 0 0 0 0 0 0 0 0 0 0 0 0 0 0 0 0 0 0 0 0 0 0 0 0 0 0 0 0 0 0 0
30 30 24 7 5 5 11 11 11 47 64 145 35 35 16 16 0 0 0 0 0 0 0 0 0 0 0 64 103 86 310 213 154 75 22 11 8 6 6 6 6 3 2 2 2 2 2 7 10 10 10 12 12 11 11 12 11 3 2 2 2 2 2 2 0 0 0 0 0 0 0 0 0 0 0 0 0 0 0 0 0 0 0 0 0 0 0 0 0 0 0 0 0 0 0 0
30 30 18 11 6 11 15 11 27 46 256 293 117 25 28 6 0 0 0 0 0 0 0 0 0 0 0 72 127 175 134 172 104 1457 57 74 22 9 7 8 13 10 3 3 3 3 5 10 11 11 11 10 10 10 10 11 10 6 5 2 2 2 2 2 0 0 0 0 0 0 0 0 0 0 0 0 0 0 0 0 0 0 0 0 0 0 0 0 0 0 0 0 0 0 0 0
30 27 12 11 11 27 32 28 34 69 254 270 170 87 49 14 0 0 0 0 0 0 0 0 0 0 0 0 79 75 106 88 73 74 49 48 36 14 16 16 16 16 6 3 3 3 4 11 11 11 11 11 10 11 10 10 10 10 10 0 0 0 0 0 0 0 0 0 0 0 0 0 0 0 0 0 0 0 0 0 0 0 0 0 0 0 0 0 0 0 0 0 0 0 0 0
32 28 12 12 11 26 27 32 58 56 53 91 37 57 52 35 6 0 0 0 0 0 0 0 0 0 0 0 294 125 88 89 96 96 60 53 15 15 20 16 16 16 15 10 3 3 3 10 10 10 16 32 30 33 12 10 10 10 0 0 0 0 0 0 0 0 0 0 0 0 0 0 0 0 0 0 0 0 0 0 0 0 0 0 0 0 0 0 0 0 0 0 0 0 0 0
22 30 12 12 12 14 21 47 46 52 53 64 70 32 36 32 16 6 6 7 0 0 0 0 0 0 0 0 64 108 172 170 158 132 115 73 39 30 42 14 14 15 15 21 14 6 6 6 8 9 18 34 34 34 0 0 0 0 0 0 0 0 0 0 0 0 0 0 0 0 0 0 0 0 0 0 0 0 0 0 0 0 0 0 0 0 0 0 0 0 0 0 0 0 0 0
11 13 11 11 10 15 28 49 44 51 101 181 173 74 78 83 87 19 6 7 7 0 0 0 0 0 0 0 91 106 110 207 170 177 155 65 59 53 30 20 16 15 15 21 19 11 6 6 7 8 14 33 0 0 0 0 0 0 0 0 0 0 0 0 0 0 0 0 0 0 0 0 0 0 0 0 0 0 0 0 0 0 0 0 0 0 0 0 0 0 0 0 0 0 0 0
11 11 9 9 9 11 40 50 45 46 115 156 195 103 78 82 59 24 20 13 7 6 0 0 0 0 0 0 125 124 102 109 358 320 195 63 36 38 95 42 19 14 14 16 16 11 6 6 6 6 7 10 0 0 0 0 0 0 0 0 0 0 0 0 0 0 0 0 0 0 0 0 0 0 0 0 0 0 0 0 0 0 0 0 0 0 0 0 0 0 0 0 0 0 0 0
11 10 9 10 15 16 24 46 44 76 120 146 139 48 25 23 24 24 24 24 11 6 6 6 6 0 0 0 112 94 185 381 544 229 103 80 87 121 49 38 22 14 15 15 12 6 6 0 0 0 0 0 0 0 0 0 0 0 0 0 0 0 0 0 0 0 0 0 0 0 0 0 0 0 0 0 0 0 0 0 0 0 0 0 0 0 0 0 0 0 0 0 0 0 0 0
11 12 15 17 16 16 16 44 89 92 80 85 77 25 24 24 24 24 24 24 21 8 6 6 6 0 0 0 0 37 118 551 397 110 75 75 91 59 36 35 24 17 17 17 16 6 6 0 0 0 0 0 0 0 0 0 0 0 0 0 0 0 0 0 0 0 0 0 0 0 0 0 0 0 0 0 0 0 0 0 0 0 0 0 0 0 0 0 0 0 0 0 0 0 0 0
11 13 19 20 20 20 32 23 25 29 40 84 70 25 25 25 25 25 25 25 25 25 13 6 6 0 0 0 34 34 57 349 384 165 27 48 56 29 0 0 0 0 0 0 0 0 0 0 0 0 0 0 0 0 0 0 0 0 0 0 0 0 0 0 0 0 0 0 0 0 0 0 0 0 0 0 0 0 0 0 0 0 0 0 0 0 0 0 0 0 0 0 0 0 0 0
11 14 16 29 28 32 55 32 27 35 43 80 49 23 21 25 25 26 26 26 26 26 26 12 6 6 0 0 0 0 27 131 159 57 26 26 28 0 0 0 0 0 0 0 0 0 0 0 0 0 0 0 0 0 0 0 0 0 0 0 0 0 0 0 0 0 0 0 0 0 0 0 0 0 0 0 0 0 0 0 0 0 0 0 0 0 0 0 0 0 0 0 0 0 0 0
10 12 18 41 42 31 76 75 39 35 29 29 21 19 19 20 21 22 23 25 26 21 12 4 6 6 7 0 0 0 15 15 15 19 134 256 799 0 0 0 0 0 0 0 0 0 0 0 0 0 0 0 0 0 0 0 0 0 0 0 0 0 0 0 0 0 0 0 0 0 0 0 0 0 0 0 0 0 0 0 0 0 0 0 0 0 0 0 0 0 0 0 0 0 0 0
6 6 19 74 79 90 105 78 57 41 28 25 39 59 23 19 19 19 19 20 8 4 4 4 4 6 7 6 0 0 0 0 0 0 0 0 0 0 0 0 0 0 0 0 0 0 0 0 0 0 0 0 0 0 0 0 0 0 0 0 0 0 0 0 0 0 0 0 0 10 10 10 10 10 0 0 0 0 0 0 0 0 0 0 0 0 0 0 0 0 0 0 0 0 0 0
6 6 6 43 126 161 122 89 64 60 29 26 37 84 25 21 25 26 28 30 4 4 4 4 4 6 7 4 0 0 0 0 0 0 0 0 0 0 0 0 0 0 0 0 0 0 0 0 0 0 0 0 0 0 0 0 0 0 0 0 0 0 0 0 0 0 0 0 0 10 10 10 10 10 0 0 0 0 0 0 0 0 0 0 0 0 0 0 0 0 0 0 0 0 0 0
6 7 17 28 80 0 140 130 80 84 60 51 64 144 36 35 37 37 32 15 4 4 4 4 5 7 7 5 4 4 0 0 0 0 0 0 0 0 0 0 0 0 0 0 0 0 0 0 0 0 0 0 0 0 0 0 0 0 0 0 0 0 0 0 0 0 0 0 0 0 0 0 0 0 0 0 0 0 0 0 0 0 0 0 0 0 0 0 0 0 0 0 0 0 0 0
6 26 41 51 120 0 143 180 215 138 95 72 85 158 117 57 38 38 33 15 4 11 10 4 6 0 0 0 0 0 0 0 0 0 0 0 0 0 0 0 0 0 0 0 0 0 0 0 0 0 0 0 0 0 0 0 0 0 10 10 0 0 0 0 0 0 0 0 0 0 0 0 0 0 0 0 0 0 0 0 0 0 0 0 0 0 0 0 0 0 0 0 0 0 0 0
16 41 61 83 132 0 111 139 137 109 101 134 153 108 61 60 52 27 12 3 4 9 18 9 5 0 0 0 0 0 0 0 0 0 0 0 0 0 0 0 0 0 0 0 0 0 0 0 0 0 0 0 0 0 0 0 0 9 10 10 10 0 0 0 0 0 0 0 0 0 0 0 0 0 0 0 0 0 0 0 0 0 0 0 0 0 0 0 0 0 0 0 0 0 0 0
4 44 81 87 136 165 147 125 118 101 106 131 139 168 180 142 47 2 2 2 3 5 19 9 5 5 8 143 186 12 0 0 0 0 0 0 0 0 0 0 0 0 0 0 0 0 0 0 0 9 9 9 9 9 6 4 4 7 9 9 8 0 0 0 0 0 0 0 0 0 0 0 0 0 0 0 0 0 0 0 0 0 0 0 0 0 0 0 0 0 0 0 0 0 0 0
6 44 79 110 137 163 166 131 113 104 111 101 109 226 273 168 60 3 6 5 2 4 14 5 5 5 12 26 14 12 0 0 0 0 0 0 0 0 0 0 0 0 0 0 0 0 0 0 0 9 9 9 9 9 9 4 4 6 7 7 7 0 0 0 0 0 0 0 0 0 0 0 0 0 0 0 0 0 0 0 0 0 0 0 0 0 0 0 0 0 0 0 0 0 0 0
17 38 89 164 162 150 168 127 115 121 120 137 145 178 203 146 45 16 12 12 12 13 11 9 9 10 10 12 12 12 15 17 0 0 0 0 0 0 0 14 0 0 0 0 6 6 6 6 8 9 9 9 9 9 9 7 4 4 7 7 7 0 0 0 0 0 0 0 0 0 0 0 0 0 0 0 0 0 0 0 0 0 0 0 0 0 0 0 0 0 0 0 0 0 0 0
20 50 102 98 154 137 123 153 167 152 137 111 107 127 113 171 33 22 12 12 12 12 6 10 10 10 11 12 13 17 17 19 0 0 0 0 0 0 14 14 10 0 0 8 6 6 6 6 6 7 9 9 9 9 8 5 5 5 7 7 7 0 0 0 0 0 0 0 0 0 0 0 0 0 0 0 0 0 0 0 0 0 0 0 0 0 0 0 0 0 0 0 0 0 0 0
22 30 56 82 139 93 124 130 155 112 127 96 107 100 119 125 73 10 11 12 12 10 6 6 7 9 10 29 55 48 27 31 27 0 0 14 14 14 14 14 9 9 9 9 8 6 6 6 6 6 8 9 7 5 7 7 7 7 7 7 7 7 0 0 0 0 0 0 0 0 0 0 0 0 0 0 0 0 0 0 0 0 0 0 0 0 0 0 0 0 0 0 0 0 0 0
24 20 33 27 46 100 101 110 155 112 116 91 111 87 86 139 71 13 11 12 13 10 6 6 6 6 8 23 70 49 36 42 37 27 16 15 17 17 17 17 10 9 9 9 9 7 6 6 6 6 8 9 6 5 6 7 7 7 7 0 0 0 0 0 0 0 0 0 0 0 0 0 0 0 0 0 0 0 0 0 0 0 0 0 0 0 0 0 0 0 0 0 0 0 0 0
