dashboard/data/pop/popdens/gpw_pop_density_hd_1995a.asc
ncols 720 
nrows 360
xllcorner -180
yllcorner -90
cellsize .5
NODATA_value -99
[rows 158 to 236 of 360, columns 192 to 287 of 720]
16 0 0 0 0 0 0 0 0 0 0 0 0 0 0 0 0 265 508 66 62 41 37 30 694 36 10 7 16 30 26 57 0 0 0 0 0 0 0 0 0 0 0 0 0 315 0 0 0 0 0 0 0 0 0 0 0 0 0 0 0 0 0 0 0 0 0 0 0 0 0 0 0 0 0 0 0 0 0 0 0 0 0 0 0 0 0 0 0 0 0 0 0 0 0 0
58 44 0 0 0 0 0 0 0 0 0 0 0 0 0 0 0 165 54 32 49 38 17 20 31 165 33 23 81 217 81 249 547 456 738 56 0 0 0 171 44 40 17 0 0 0 0 0 0 0 0 0 0 0 0 0 0 0 0 0 0 0 0 0 0 0 0 0 0 0 0 0 0 0 0 0 0 0 0 0 0 0 0 0 0 0 0 0 0 0 0 0 0 0 0 0
151 36 19 0 0 0 0 0 0 0 0 0 0 0 0 0 0 71 33 22 31 22 11 11 0 0 38 33 53 133 45 77 118 37 17 15 16 16 50 20 21 23 19 5 4 5 0 0 0 0 0 0 0 0 0 0 0 0 0 0 0 0 0 0 0 0 0 0 0 0 0 0 0 0 0 0 0 0 0 0 0 0 0 0 0 0 0 0 0 0 0 0 0 0 0 0
48 18 13 9 0 0 0 29 0 195 0 0 0 0 0 0 101 141 71 43 0 17 7 7 0 0 99 55 55 28 32 11 4 8 9 6 12 12 14 24 14 19 17 6 5 5 0 0 0 0 0 0 0 0 0 0 0 0 0 0 0 0 0 0 0 0 0 0 0 0 0 0 0 0 0 0 0 0 0 0 0 0 0 0 0 0 0 0 0 0 0 0 0 0 0 0
16 22 54 18 10 9 11 34 164 0 0 4 5 0 0 63 101 0 34 43 33 17 10 14 54 59 28 35 20 7 8 4 7 7 6 6 7 6 6 42 20 10 9 7 5 2 1 0 0 0 0 0 0 0 0 0 0 0 0 0 0 0 0 0 0 0 0 0 0 0 0 0 0 0 0 0 0 0 0 0 0 0 0 0 0 0 0 0 0 0 0 0 0 0 0 0
0 0 0 61 26 23 39 0 0 0 0 3 3 8 0 36 51 28 26 17 36 57 77 133 47 46 28 23 37 5 5 3 5 6 5 6 8 2 1 4 10 0 223 8 4 1 1 1 1 0 0 0 0 0 0 0 0 0 0 0 0 0 0 0 0 0 0 0 0 0 0 0 0 0 0 0 0 0 0 0 0 0 0 0 0 0 0 0 0 0 0 0 0 0 0 0
0 0 0 0 0 22 31 0 0 0 0 0 3 6 57 16 17 18 27 15 19 25 98 215 24 8 8 7 7 3 4 4 19 14 12 6 5 0 1 13 42 11 5 4 4 2 2 1 1 1 5 0 0 0 0 0 0 0 0 0 0 0 0 0 0 0 0 0 0 0 0 0 0 0 0 0 0 0 0 0 0 0 0 0 0 0 0 0 0 0 0 0 0 0 0 0
0 0 0 0 0 0 0 9 0 0 0 0 0 4 6 13 19 19 20 21 54 277 40 17 11 8 7 6 4 3 4 4 1 8 11 1 1 1 0 0 3 0 2 4 3 2 2 1 1 3 8 0 0 0 0 0 0 0 0 0 0 0 0 0 0 0 0 0 0 0 0 0 0 0 0 0 0 0 0 0 0 0 0 0 0 0 0 0 0 0 0 0 0 0 0 0
0 0 0 0 0 0 0 0 0 0 0 0 0 4 4 22 37 35 19 10 31 62 40 9 16 6 7 6 3 2 3 4 2 1 1 1 1 1 1 0 0 0 2 4 4 2 1 0 0 1 16 84 0 0 0 0 0 0 0 0 0 0 0 0 0 0 0 0 0 0 0 0 0 0 0 0 0 0 0 0 0 0 0 0 0 0 0 0 0 0 0 0 0 0 0 0
0 0 0 0 0 0 0 0 0 0 0 0 0 9 14 18 924 140 30 13 28 41 40 12 5 3 1 1 1 1 0 1 1 1 1 1 1 1 1 0 0 0 1 3 2 1 0 0 0 0 1 60 16 5 0 0 0 0 0 0 0 0 0 0 0 0 0 0 0 0 0 0 0 0 0 0 0 0 0 0 0 0 0 0 0 0 0 0 0 0 0 0 0 0 0 0
0 0 0 0 0 0 0 0 0 0 0 0 0 11 18 27 91 60 38 33 72 103 76 8 3 2 2 1 0 0 0 1 1 1 1 1 1 1 0 0 0 0 1 1 1 1 0 0 0 0 1 3 5 5 6 1 3 92 6 5 2 0 0 0 0 0 0 0 0 0 0 0 0 0 0 0 0 0 0 0 0 0 0 0 0 0 0 0 0 0 0 0 0 0 0 0
0 0 0 0 0 0 0 0 0 0 0 0 0 7 34 25 194 107 56 68 75 66 11 15 2 2 1 0 0 0 0 0 1 1 1 1 1 1 0 0 0 0 1 1 1 1 1 1 0 0 2 3 4 4 3 1 2 3 2 3 2 1 0 0 0 0 0 0 0 0 0 0 0 0 0 0 0 0 0 0 0 0 0 0 0 0 0 0 0 0 0 0 0 0 0 0
0 0 0 0 0 0 0 0 0 0 0 0 0 5 11 59 364 100 48 855 50 20 7 4 1 1 0 0 0 0 0 0 1 1 1 1 0 0 0 0 0 0 0 1 1 1 3 2 0 0 1 3 2 0 0 0 0 2 1 2 2 0 4 0 0 0 0 0 0 0 0 0 0 0 0 0 0 0 0 0 0 0 0 0 0 0 0 0 0 0 0 0 0 0 0 0
0 0 0 0 0 0 0 0 0 0 0 0 0 14 7 91 130 122 108 886 69 43 6 3 1 1 0 0 0 0 0 0 1 1 1 0 0 0 1 2 0 0 1 2 3 5 5 2 1 0 0 3 1 0 0 0 0 2 1 1 1 0 0 0 0 0 0 0 0 0 0 0 0 0 0 0 0 0 0 0 0 0 0 0 0 0 0 0 0 0 0 0 0 0 0 0
0 0 0 0 0 0 0 0 0 0 0 0 0 0 99 145 42 37 27 410 20 18 4 2 1 1 0 0 0 0 0 0 0 0 0 0 0 0 0 2 4 3 3 5 5 5 5 2 1 0 0 2 2 0 0 0 0 0 0 0 0 0 0 0 0 0 0 0 0 0 0 0 0 0 0 0 0 0 0 0 0 0 0 0 0 0 0 0 0 0 0 0 0 0 0 0
0 0 0 0 0 0 0 0 0 0 0 0 0 29 620 128 40 42 7 5 17 5 2 1 1 1 0 0 0 0 0 0 0 0 0 0 0 0 0 0 1 1 3 3 2 1 5 2 0 0 0 1 4 2 0 0 0 0 0 0 0 0 0 0 0 0 0 0 0 0 0 0 0 0 0 0 0 0 0 0 0 0 0 0 0 0 0 0 0 0 0 0 0 0 0 0
0 0 0 0 0 0 0 0 0 0 0 0 13 13 80 42 18 63 6 3 4 4 5 1 1 1 1 0 0 0 0 0 0 0 0 0 0 0 0 0 1 1 1 1 1 1 3 1 0 0 0 0 4 4 0 0 0 0 0 0 0 0 0 0 0 0 0 0 0 0 0 0 0 0 0 0 0 0 0 0 0 0 0 0 0 0 0 0 0 0 0 0 0 0 0 0
0 0 0 0 0 0 0 0 0 0 0 18 11 29 81 32 41 14 2 1 1 2 1 1 1 1 1 1 0 0 0 0 0 0 0 0 0 0 0 0 0 0 1 1 1 1 1 1 1 0 0 2 5 5 2 0 1 1 1 0 1 0 1 3 0 0 1 0 0 0 0 0 0 0 0 0 0 0 0 0 0 0 0 0 0 0 0 0 0 0 0 0 0 0 0 0
0 0 0 0 0 0 0 0 0 0 0 12 16 71 30 41 46 17 4 2 1 1 1 1 1 1 0 0 0 0 0 0 0 0 0 0 0 0 0 0 0 0 0 0 0 0 0 0 0 0 0 3 3 1 1 0 1 1 1 1 1 1 6 6 1 1 1 0 0 0 0 0 0 0 0 0 0 0 0 0 0 0 0 0 0 0 0 0 0 0 0 0 0 0 0 0
0 0 0 0 0 0 0 0 0 0 0 12 83 121 17 10 22 11 3 2 2 1 1 1 1 0 0 1 0 0 0 0 0 0 0 0 0 0 0 0 0 0 0 0 0 0 0 0 1 1 0 1 0 0 0 0 1 1 1 1 1 1 6 7 1 1 1 3 0 0 0 0 0 0 0 0 0 0 0 0 0 0 0 0 0 0 0 0 0 0 0 0 0 0 0 0
0 0 0 0 0 0 0 0 46 35 9 45 55 72 16 9 8 1 3 3 1 0 0 0 0 0 1 1 0 0 0 0 0 0 0 0 0 0 0 0 0 0 0 0 0 0 0 0 1 1 0 0 0 0 0 0 1 2 1 1 1 1 2 7 6 2 6 5 0 0 0 0 0 0 0 0 0 0 0 0 0 0 0 0 0 0 0 0 0 0 0 0 0 0 0 0
0 0 0 0 0 0 0 0 24 23 154 131 16 20 23 7 3 2 1 0 0 0 0 0 0 0 0 0 0 0 0 0 0 0 0 0 0 0 0 0 0 0 0 0 0 0 0 1 1 1 1 0 0 0 0 1 2 2 2 1 1 1 1 1 5 17 5 2 0 0 0 0 0 0 0 0 0 0 0 0 0 0 0 0 0 0 0 0 0 0 0 0 0 0 0 0
0 0 0 0 0 0 0 40 38 68 164 224 4 5 13 9 6 4 2 1 0 0 0 0 0 0 0 0 0 0 0 0 0 0 0 0 0 0 0 0 0 0 0 0 0 0 0 0 0 0 1 0 0 0 0 1 2 2 3 1 0 1 1 1 1 6 3 2 0 2 0 0 0 0 0 0 0 0 0 0 0 0 0 0 0 0 0 0 0 0 0 0 0 0 0 0
0 0 0 0 0 0 0 73 53 72 49 37 6 7 4 2 1 3 4 1 0 0 0 0 0 0 0 0 0 0 0 0 0 0 0 0 0 0 0 0 0 0 0 0 0 0 0 0 0 0 1 1 1 0 0 1 2 2 2 2 1 1 1 1 1 4 7 3 2 5 7 25 31 0 0 0 0 0 0 0 0 0 0 0 0 0 0 0 0 0 0 0 0 0 0 0
0 0 0 0 0 0 105 92 62 57 140 27 5 2 2 1 1 3 4 3 2 0 0 0 0 0 0 0 0 0 0 0 0 0 0 0 0 0 0 0 0 0 0 0 0 0 0 0 0 0 0 1 1 1 0 1 2 2 2 3 2 1 1 1 2 3 7 8 6 6 140 410 58 37 33 11 0 0 0 0 0 0 0 0 0 0 0 0 0 0 0 0 0 0 0 0
0 0 0 0 0 0 38 49 103 66 85 17 2 1 1 1 2 4 4 4 4 1 0 0 0 0 0 0 0 0 0 0 0 0 0 0 1 0 0 0 0 0 0 0 0 0 0 3 0 0 0 1 1 1 1 1 1 2 2 3 2 1 1 1 2 2 3 5 8 0 42 20 20 24 10 6 10 17 24 0 0 0 0 0 0 0 0 0 0 0 0 0 0 0 0 0
0 0 0 0 0 0 84 272 215 74 32 6 4 3 1 1 1 3 4 4 4 3 1 1 2 1 1 0 0 0 0 0 0 1 1 1 1 1 1 1 0 0 0 0 0 0 42 92 1 1 1 0 1 3 4 3 5 6 0 3 2 2 1 1 1 1 1 4 20 24 7 10 8 17 8 8 11 15 23 0 37 0 0 0 0 0 0 0 0 0 0 0 0 0 0 0
0 0 0 0 0 0 0 405 121 97 70 7 5 4 2 1 1 1 4 4 4 4 2 3 3 4 4 3 1 1 1 2 1 1 1 1 1 1 1 1 1 1 0 1 1 4 51 101 38 5 3 2 5 6 0 4 9 9 9 7 2 2 2 1 2 1 1 2 9 7 5 9 5 5 3 5 14 28 25 305 17 9 15 21 0 0 0 0 0 0 0 0 0 0 0 0
0 0 0 0 0 0 0 0 129 43 21 4 2 2 2 1 1 1 3 4 4 4 3 2 1 2 2 2 2 1 1 1 1 0 0 0 1 1 2 1 1 1 0 1 1 5 10 29 0 14 7 6 0 3 5 4 5 5 9 7 3 3 3 1 2 2 1 2 0 4 4 5 3 3 3 11 15 32 27 30 13 13 12 18 43 22 20 33 43 48 0 0 0 0 0 0
0 0 0 0 0 0 0 48 36 42 11 4 2 2 2 1 1 1 1 3 4 4 4 2 1 1 1 4 6 2 1 1 0 0 0 0 1 2 3 2 1 1 1 1 2 4 5 6 4 2 4 2 1 1 1 1 1 3 8 7 3 2 1 1 2 2 2 2 0 4 3 4 3 3 4 7 18 50 29 23 17 19 21 28 12 27 48 47 28 36 705 0 0 0 0 0
0 0 0 0 0 0 38 26 30 42 6 2 2 2 2 2 1 1 1 1 3 3 3 1 1 1 0 1 7 1 0 0 0 0 0 1 2 3 1 1 1 1 1 1 1 1 2 2 1 0 1 2 1 1 1 1 2 3 5 4 1 1 1 1 2 2 3 9 0 6 3 4 5 6 7 9 11 30 46 28 22 24 22 19 27 15 55 18 19 24 82 55 0 0 0 0
0 0 0 0 0 45 50 43 28 14 15 6 2 2 2 2 1 1 1 1 1 1 1 1 0 0 0 1 1 1 0 0 1 1 1 2 3 1 1 1 1 1 1 1 1 1 0 0 0 0 0 1 1 1 1 1 1 1 1 1 1 1 1 1 2 2 2 7 7 6 4 11 16 12 8 8 11 17 36 27 22 21 74 20 17 8 30 16 16 22 26 26 35 0 0 0
0 0 0 0 0 42 47 45 39 30 25 12 4 2 2 2 2 1 1 1 1 1 0 0 0 0 0 1 1 0 0 0 1 1 2 2 2 1 1 1 0 0 0 0 1 1 0 0 0 0 1 1 1 1 1 1 1 1 1 1 1 1 0 0 1 1 4 6 6 0 9 28 40 24 7 7 7 9 16 24 19 28 157 13 7 5 22 13 22 20 16 29 26 67 25 18
0 0 0 0 0 0 48 43 30 38 34 23 20 18 4 3 2 1 1 0 1 1 0 0 0 0 0 1 0 0 0 1 1 1 0 0 0 1 1 0 0 0 0 1 1 1 1 0 0 0 1 1 1 1 1 1 1 1 1 1 1 0 0 0 0 2 8 8 9 9 8 9 15 25 5 4 5 8 9 20 13 9 50 9 5 4 16 13 23 21 14 20 26 15 19 14
0 0 0 0 0 0 0 26 28 50 50 22 15 19 19 19 15 2 1 1 1 1 0 0 0 0 1 1 0 0 0 0 0 0 0 0 0 0 0 0 0 0 1 1 1 1 1 0 0 0 1 1 1 1 1 1 1 1 1 1 1 0 0 0 0 3 3 3 6 8 7 7 6 8 7 4 6 6 4 10 14 6 14 12 8 3 10 11 20 44 34 47 43 24 28 37
0 0 0 0 0 0 0 0 135 118 49 42 10 4 9 15 13 2 1 1 1 0 0 0 0 1 1 1 1 1 0 0 0 0 0 0 0 0 0 0 0 0 1 1 1 1 1 0 0 0 1 1 1 1 1 1 1 1 1 1 1 0 0 0 3 9 3 3 8 10 10 7 6 7 6 5 4 3 4 7 9 10 10 11 16 12 10 12 23 34 42 50 30 35 28 25
0 0 0 0 0 0 0 0 0 43 42 61 15 5 5 5 2 2 1 2 1 1 1 1 1 1 1 1 1 0 0 0 0 0 0 0 0 0 1 0 0 1 1 1 1 1 0 0 0 0 0 1 1 1 1 1 1 1 1 1 1 0 0 0 1 1 1 6 8 10 12 10 4 4 4 4 4 3 3 3 4 8 8 8 17 22 18 21 33 118 37 33 24 45 19 93
0 0 0 0 0 0 0 0 0 0 58 41 33 6 6 5 2 2 2 6 4 2 3 2 1 1 1 1 1 0 0 0 0 0 0 1 1 1 1 0 1 2 1 1 1 1 0 0 0 0 0 0 1 1 1 1 1 1 1 1 1 0 0 0 1 1 1 10 8 5 5 5 2 3 4 4 2 1 2 2 3 5 5 6 8 9 15 27 17 30 28 35 42 27 15 37
0 0 0 0 0 0 0 0 0 0 125 25 16 16 12 9 3 4 8 8 7 4 3 2 1 1 1 1 1 0 1 1 1 0 1 1 1 1 1 0 5 7 6 2 1 0 0 0 0 0 0 0 1 1 1 1 1 1 1 1 1 1 0 0 1 1 1 7 7 5 7 4 2 2 2 3 2 1 2 2 5 3 3 4 4 6 14 16 11 20 17 18 16 26 44 99
0 0 0 0 0 0 0 0 0 0 0 81 25 20 7 11 6 4 5 8 8 6 3 3 1 1 1 1 1 1 1 1 1 1 1 1 1 1 1 2 0 7 7 3 1 0 0 0 0 0 0 0 0 1 1 1 1 1 1 1 1 1 0 0 1 1 1 1 3 3 6 6 2 2 3 2 1 1 2 3 4 4 6 5 3 7 24 15 8 8 8 14 16 26 59 88
0 0 0 0 0 0 0 0 0 0 0 57 44 32 18 23 16 5 5 8 8 7 3 3 1 1 1 0 1 1 1 6 3 1 1 1 1 2 7 7 7 7 8 3 2 0 0 0 0 0 1 3 1 1 2 1 1 1 1 1 1 1 0 0 0 1 2 2 2 2 6 4 2 1 2 1 1 2 3 3 3 6 8 8 6 6 20 24 8 4 4 34 37 50 66 77
0 0 0 0 0 0 0 0 0 0 0 12 35 23 24 48 27 4 4 5 3 4 1 1 1 1 0 0 1 1 5 13 13 8 3 5 4 6 7 7 7 8 8 3 8 0 0 0 0 0 1 2 3 2 4 4 3 3 3 2 2 2 1 1 1 1 1 1 1 2 6 4 2 1 1 1 2 3 3 3 4 6 7 9 4 4 17 20 9 7 7 27 24 41 125 95
0 0 0 0 0 0 0 0 0 0 0 0 13 10 21 37 11 4 4 2 1 1 1 0 0 0 0 1 1 4 10 10 9 4 1 0 0 1 1 3 7 8 8 11 17 0 0 0 0 0 0 3 4 3 2 3 4 6 4 2 3 3 1 1 1 1 1 1 1 2 14 9 4 1 1 1 1 4 3 3 4 3 3 4 3 5 10 27 16 13 13 24 24 35 67 70
0 0 0 0 0 0 0 0 0 0 0 0 61 21 17 27 20 11 9 2 2 1 1 0 0 0 1 1 2 4 3 2 3 0 0 0 4 3 2 1 5 8 11 18 19 1 0 1 1 1 2 1 2 2 1 2 6 6 2 1 1 1 0 1 2 1 1 1 1 1 7 6 1 1 1 1 1 3 5 4 4 4 0 6 8 8 13 42 21 21 27 42 60 193 0 0
0 0 0 0 0 0 0 0 0 0 0 0 0 36 32 22 34 28 11 5 0 2 2 2 1 1 1 0 0 2 2 2 1 1 1 3 6 3 2 2 2 5 10 15 24 22 7 3 2 2 2 1 1 3 1 1 1 2 1 1 1 0 0 1 1 0 1 1 1 2 5 4 3 2 2 1 1 2 4 4 4 6 5 17 39 12 22 37 24 36 28 29 59 182 0 0
0 0 0 0 0 0 0 0 0 0 0 0 0 0 518 16 33 45 35 6 6 6 6 2 1 1 1 1 1 1 0 0 1 1 3 5 5 4 2 2 1 2 2 13 21 7 6 4 2 2 2 1 1 1 1 1 4 7 2 1 1 0 0 0 0 0 1 1 1 7 10 2 2 3 3 5 6 6 5 4 4 8 6 10 28 11 18 26 28 52 41 34 24 0 0 0
0 0 0 0 0 0 0 0 0 0 0 0 0 0 991 11 29 75 45 15 7 6 6 7 1 1 1 1 1 1 1 0 0 0 1 1 1 1 1 1 1 1 2 4 7 6 5 4 2 1 1 1 1 1 1 1 2 3 2 1 1 0 0 0 1 1 1 1 2 6 2 2 1 2 4 7 7 7 7 9 4 0 7 9 17 16 16 21 22 122 128 72 24 0 0 0
0 0 0 0 0 0 0 0 0 0 0 0 0 0 0 26 10 30 34 24 11 6 6 10 4 1 1 1 1 1 1 0 0 1 2 1 1 1 1 1 0 1 2 4 3 8 6 3 0 0 0 0 1 1 1 2 2 1 1 1 1 1 1 1 1 1 1 2 2 4 2 3 1 2 5 5 1 1 2 7 9 8 12 14 13 10 7 16 20 96 507 643 0 0 0 0
0 0 0 0 0 0 0 0 0 0 0 0 0 0 0 54 35 6 23 50 22 10 15 29 12 7 10 4 2 3 1 0 0 1 2 1 1 1 1 0 0 0 1 1 3 4 7 3 0 0 0 0 0 1 1 1 2 2 1 1 1 1 1 1 1 1 1 3 4 6 5 6 1 2 5 4 2 2 6 18 13 13 13 16 12 9 12 18 39 61 0 0 0 0 0 0
0 0 0 0 0 0 0 0 0 0 0 0 0 0 0 0 30 7 7 12 25 29 27 47 78 17 9 4 4 4 0 0 0 1 2 1 1 1 1 0 0 0 1 1 1 1 2 1 1 0 0 0 0 1 1 1 1 2 1 1 1 1 2 1 1 0 1 3 6 7 6 7 1 2 4 3 2 2 3 6 12 11 16 18 17 12 11 41 56 0 0 0 0 0 0 0
0 0 0 0 0 0 0 0 0 0 0 0 0 0 0 0 30 21 4 4 11 12 9 14 18 26 13 11 4 4 1 1 0 2 2 1 1 1 5 4 3 1 1 2 1 1 1 1 1 2 4 3 3 6 6 2 2 3 1 1 1 2 3 2 1 0 2 3 13 9 7 4 2 2 8 9 1 2 3 7 9 9 36 19 24 14 15 25 51 47 0 0 0 0 0 0
0 0 0 0 0 0 0 0 0 0 0 0 0 0 0 0 0 13 7 4 4 5 4 10 11 14 14 27 17 7 2 1 1 2 2 1 1 1 5 5 3 1 1 2 1 1 1 1 1 3 4 4 4 5 6 3 3 2 2 2 1 2 3 4 1 1 4 4 8 11 5 4 3 6 3 4 2 4 7 9 8 10 17 17 15 25 50 30 48 168 0 0 0 0 0 0
0 0 0 0 0 0 0 0 0 0 0 0 0 0 0 0 0 0 5 4 4 4 4 6 4 6 8 23 33 26 8 7 8 6 2 1 1 1 1 1 1 1 1 1 1 1 1 1 1 3 9 10 7 4 5 70 37 2 2 3 2 2 5 6 2 4 3 7 27 19 7 6 15 10 5 3 4 7 6 8 9 14 13 11 13 33 31 23 27 43 0 0 0 0 0 0
0 0 0 0 0 0 0 0 0 0 0 0 0 0 0 0 0 0 0 0 2 3 4 5 4 7 30 51 0 0 19 23 137 13 2 1 1 3 3 1 1 1 1 2 2 1 1 1 3 3 5 16 4 3 2 65 60 16 6 4 2 2 3 6 4 5 6 10 21 14 8 155 309 96 6 4 5 8 7 12 16 18 12 11 13 13 13 13 16 23 0 0 0 0 0 0
0 0 0 0 0 0 0 0 0 0 0 0 0 0 0 0 0 0 0 0 0 6 8 16 64 72 23 32 20 54 0 151 51 9 7 4 3 10 7 8 8 1 1 2 1 1 1 1 1 1 2 3 4 3 2 2 1 5 22 12 3 3 2 5 5 12 7 18 27 83 54 50 61 17 7 5 5 6 12 20 34 9 7 13 15 11 12 12 28 13 0 0 0 0 0 0
0 0 0 0 0 0 0 0 0 0 0 0 0 0 0 0 0 0 0 0 0 0 0 37 48 23 6 8 12 22 18 75 95 9 8 9 10 10 6 5 9 10 2 2 1 1 1 1 1 0 0 3 3 2 2 1 1 2 21 7 3 3 3 3 3 5 5 13 27 423 10 19 17 6 8 5 3 3 10 22 42 5 9 16 15 11 13 14 22 17 0 0 0 0 0 0
0 0 0 0 0 0 0 0 0 0 0 0 0 0 0 0 0 0 0 0 0 0 0 0 0 14 7 5 10 3 4 9 14 12 10 217 23 12 7 5 5 22 9 2 1 1 1 1 1 0 0 2 3 2 2 1 1 1 2 1 2 3 4 3 5 3 7 8 9 10 9 11 4 7 8 5 4 4 22 13 9 7 13 19 20 25 14 18 38 0 0 0 0 0 0 0
0 0 0 0 0 0 0 0 0 0 0 0 0 0 0 0 0 0 0 0 0 0 0 0 0 30 14 20 14 3 3 3 17 33 28 42 36 8 7 5 30 159 69 1 1 1 1 1 1 0 0 0 1 2 2 1 1 2 2 2 2 3 4 5 9 11 18 10 11 13 13 6 8 8 8 4 4 4 10 4 9 9 14 20 25 30 14 19 20 0 0 0 0 0 0 0
0 0 0 0 0 0 0 0 0 0 0 0 0 0 0 0 0 0 0 0 0 0 0 0 0 0 0 32 23 1 1 1 3 0 24 19 14 9 5 5 18 41 1 1 1 1 1 1 1 1 1 1 1 1 1 1 1 2 3 3 3 3 2 2 5 8 10 11 18 19 10 14 11 9 15 5 3 7 9 8 12 15 24 19 14 16 14 23 19 0 0 0 0 0 0 0
0 0 0 0 0 0 0 0 0 0 0 0 0 0 0 0 0 0 0 0 0 0 0 0 0 0 0 0 12 0 1 1 2 0 11 20 20 42 8 6 4 1 1 1 1 1 1 1 1 1 1 1 1 1 1 1 2 2 2 2 2 3 2 3 2 4 9 8 24 22 16 66 15 18 26 26 9 7 12 14 10 15 26 55 53 30 35 33 31 0 0 0 0 0 0 0
0 0 0 0 0 0 0 0 0 0 0 0 0 0 0 0 0 0 0 0 0 0 0 0 0 0 0 0 0 0 1 1 1 1 5 23 35 34 13 10 2 1 1 1 1 1 1 1 1 1 1 1 6 2 2 2 2 2 3 2 1 1 2 5 5 4 8 7 11 11 24 70 27 11 10 12 10 12 15 60 12 16 107 38 23 17 39 31 29 0 0 0 0 0 0 0
0 0 0 0 0 0 0 0 0 0 0 0 0 0 0 0 0 0 0 0 0 0 0 0 0 0 0 0 0 0 0 1 1 1 3 7 17 14 10 9 2 1 1 1 1 0 0 0 0 0 0 1 1 2 3 3 3 2 2 2 1 1 2 4 3 6 10 11 7 8 8 20 35 15 18 8 14 26 48 434 717 71 52 45 35 24 36 42 0 0 0 0 0 0 0 0
0 0 0 0 0 0 0 0 0 0 0 0 0 0 0 0 0 0 0 0 0 0 0 0 0 0 0 0 8 0 0 1 1 1 3 3 4 8 9 7 3 1 1 1 0 0 0 0 0 0 0 0 1 1 4 4 3 3 26 6 1 1 3 6 3 14 44 51 26 20 0 0 40 37 7 10 26 36 80 118 82 33 47 52 47 36 58 696 0 0 0 0 0 0 0 0
0 0 0 0 0 0 0 0 0 0 0 0 0 0 0 0 0 0 0 0 0 0 0 0 0 0 0 0 2 0 0 1 1 1 2 4 4 7 7 6 3 1 1 1 0 0 0 0 0 0 0 0 1 1 3 4 6 4 32 55 2 1 2 6 9 38 43 32 39 139 61 42 56 85 48 22 24 35 30 21 70 33 62 47 43 86 57 0 0 0 0 0 0 0 0 0
0 0 0 0 0 0 0 0 0 0 0 0 0 0 0 0 0 0 0 0 0 0 0 0 0 0 0 0 11 1 5 1 1 1 1 6 6 6 23 10 4 5 5 2 0 0 0 0 0 0 0 0 1 1 3 5 4 4 3 36 45 1 1 2 23 28 33 68 28 49 74 110 179 35 52 35 46 57 26 40 67 43 77 57 55 48 0 0 0 0 0 0 0 0 0 0
0 0 0 0 0 0 0 0 0 0 0 0 0 0 0 0 0 0 0 0 0 0 0 0 0 0 0 0 3 1 6 3 0 0 0 3 10 9 28 8 5 5 5 0 0 0 0 0 0 0 0 0 1 1 4 7 7 10 6 7 11 5 3 0 37 60 49 36 45 22 45 94 81 59 103 37 40 69 20 14 77 107 42 39 55 78 0 0 0 0 0 0 0 0 0 0
0 0 0 0 0 0 0 0 0 0 0 0 0 0 0 0 0 0 0 0 0 0 0 0 0 0 0 0 3 2 9 9 1 0 0 1 6 6 6 9 7 6 1 0 0 0 2 2 2 1 0 0 4 2 4 5 10 20 28 28 10 5 0 16 20 56 24 40 62 112 72 37 80 132 98 45 61 71 39 117 54 150 101 69 0 0 0 0 0 0 0 0 0 0 0 0
0 0 0 0 0 0 0 0 0 0 0 0 0 0 0 0 0 0 0 0 0 0 0 0 0 0 0 2 1 2 8 2 0 0 1 1 2 3 3 8 7 6 1 1 0 0 1 2 1 1 1 0 5 7 6 11 14 8 8 7 8 15 29 28 28 33 41 45 45 24 59 45 138 541 227 61 85 130 45 98 1119 2537 323 104 0 0 0 0 0 0 0 0 0 0 0 0
0 0 0 0 0 0 0 0 0 0 0 0 0 0 0 0 0 0 0 0 0 0 0 0 0 0 0 5 0 0 1 0 0 0 0 1 4 5 9 9 8 4 1 2 1 0 0 0 1 1 1 1 2 16 17 11 7 8 6 7 15 24 25 62 113 122 53 52 52 33 27 26 102 284 1148 509 185 43 0 0 0 0 0 0 0 0 0 0 0 0 0 0 0 0 0 0
0 0 0 0 0 0 0 0 0 0 0 0 0 0 0 0 0 0 0 0 0 0 0 0 0 0 0 9 6 5 1 0 0 0 0 0 3 10 21 6 9 2 1 2 1 1 1 1 1 1 1 1 1 8 7 11 4 9 10 16 34 31 33 41 53 108 39 27 33 27 24 40 59 141 3615 1445 127 0 0 0 0 0 0 0 0 0 0 0 0 0 0 0 0 0 0 0
0 0 0 0 0 0 0 0 0 0 0 0 0 0 0 0 0 0 0 0 0 0 0 0 0 0 0 9 9 9 9 4 0 0 0 2 12 73 37 4 4 1 1 2 1 1 1 2 2 1 1 1 1 4 27 23 8 9 9 33 33 38 36 37 40 19 23 18 16 26 31 19 24 27 167 0 0 0 0 0 0 0 0 0 0 0 0 0 0 0 0 0 0 0 0 0
0 0 0 0 0 0 0 0 0 0 0 0 0 0 0 0 0 0 0 0 0 0 0 0 0 0 0 1 2 5 9 1 0 0 0 2 19 113 21 2 2 2 1 2 2 2 2 2 2 2 3 2 3 6 13 29 16 14 0 0 56 46 22 20 20 17 12 24 20 12 10 19 29 0 0 0 0 0 0 0 0 0 0 0 0 0 0 0 0 0 0 0 0 0 0 0
0 0 0 0 0 0 0 0 0 0 0 0 0 0 0 0 0 0 0 0 0 0 0 0 0 0 0 1 1 3 6 1 0 0 0 2 7 0 5 5 2 2 1 2 2 2 2 2 2 4 6 12 399 223 30 49 39 27 90 48 24 53 20 17 27 26 26 56 62 430 28 12 0 0 0 0 0 0 0 0 0 0 0 0 0 0 0 0 0 0 0 0 0 0 0 0
0 0 0 0 0 0 0 0 0 0 0 0 0 0 0 0 0 0 0 0 0 0 0 0 0 0 0 1 1 1 1 0 0 0 1 1 2 3 6 5 2 1 1 1 1 2 2 3 4 7 17 25 18 57 33 57 22 18 97 51 34 45 32 25 17 17 26 20 26 257 45 0 0 0 0 0 0 0 0 0 0 0 0 0 0 0 0 0 0 0 0 0 0 0 0 0
0 0 0 0 0 0 0 0 0 0 0 0 0 0 0 0 0 0 0 0 0 0 0 0 0 0 0 2 1 1 1 0 0 0 2 3 5 5 7 3 2 1 1 1 1 1 5 9 8 7 11 19 3 8 13 23 17 18 23 22 22 44 45 19 11 26 19 22 32 104 129 0 0 0 0 0 0 0 0 0 0 0 0 0 0 0 0 0 0 0 0 0 0 0 0 0
0 0 0 0 0 0 0 0 0 0 0 0 0 0 0 0 0 0 0 0 0 0 0 0 0 0 0 3 3 4 4 1 0 1 2 3 27 255 27 3 2 1 1 1 5 8 19 29 8 7 8 12 4 10 16 17 20 36 23 13 27 49 52 29 12 29 19 16 20 123 122 0 0 0 0 0 0 0 0 0 0 0 0 0 0 0 0 0 0 0 0 0 0 0 0 0
0 0 0 0 0 0 0 0 0 0 0 0 0 0 0 0 0 0 0 0 0 0 0 0 0 0 3 6 7 5 3 1 1 1 2 7 53 33 23 22 5 2 1 1 4 11 13 8 4 17 56 10 5 8 12 25 83 38 26 25 39 53 61 40 45 32 26 19 52 45 127 0 0 0 0 0 0 0 0 0 0 0 0 0 0 0 0 0 0 0 0 0 0 0 0 0
0 0 0 0 0 0 0 0 0 0 0 0 0 0 0 0 0 0 0 0 0 0 0 0 0 0 5 4 3 1 1 1 1 1 2 3 17 9 31 55 11 2 1 1 3 6 13 6 1 74 95 6 5 4 4 5 72 35 45 50 31 32 31 48 27 13 15 28 19 13 162 0 0 0 0 0 0 0 0 0 0 0 0 0 0 0 0 0 0 0 0 0 0 0 0 0
0 0 0 0 0 0 0 0 0 0 0 0 0 0 0 0 0 0 0 0 0 0 0 0 0 0 5 6 1 0 0 0 1 1 3 2 48 4 13 19 5 3 3 3 2 2 2 2 9 14 12 6 3 3 4 6 12 16 32 47 41 22 47 54 20 13 20 22 11 54 78 0 0 0 0 0 0 0 0 0 0 0 0 0 0 0 0 0 0 0 0 0 0 0 0 0
