dashboard/data/pop/popdens/gpw_pop_density_hd_1990.asc
ncols 720 
nrows 360
xllcorner -180
yllcorner -90
cellsize .5
NODATA_value -99
[rows 0 to 79 of 360, columns 384 to 479 of 720]
-99 -99 -99 -99 -99 -99 -99 -99 -99 -99 -99 -99 -99 -99 -99 -99 -99 -99 -99 -99 -99 -99 -99 -99 -99 -99 -99 -99 -99 -99 -99 -99 -99 -99 -99 -99 -99 -99 -99 -99 -99 -99 -99 -99 -99 -99 -99 -99 -99 -99 -99 -99 -99 -99 -99 -99 -99 -99 -99 -99 -99 -99 -99 -99 -99 -99 -99 -99 -99 -99 -99 -99 -99 -99 -99 -99 -99 -99 -99 -99 -99 -99 -99 -99 -99 -99 -99 -99 -99 -99 -99 -99 -99 -99 -99 -99
-99 -99 -99 -99 -99 -99 -99 -99 -99 -99 -99 -99 -99 -99 -99 -99 -99 -99 -99 -99 -99 -99 -99 -99 -99 -99 -99 -99 -99 -99 -99 -99 -99 -99 -99 -99 -99 -99 -99 -99 -99 -99 -99 -99 -99 -99 -99 -99 -99 -99 -99 -99 -99 -99 -99 -99 -99 -99 -99 -99 -99 -99 -99 -99 -99 -99 -99 -99 -99 -99 -99 -99 -99 -99 -99 -99 -99 -99 -99 -99 -99 -99 -99 -99 -99 -99 -99 -99 -99 -99 -99 -99 -99 -99 -99 -99
-99 -99 -99 -99 -99 -99 -99 -99 -99 -99 -99 -99 -99 -99 -99 -99 -99 -99 -99 -99 -99 -99 -99 -99 -99 -99 -99 -99 -99 -99 -99 -99 -99 -99 -99 -99 -99 -99 -99 -99 -99 -99 -99 -99 -99 -99 -99 -99 -99 -99 -99 -99 -99 -99 -99 -99 -99 -99 -99 -99 -99 -99 -99 -99 -99 -99 -99 -99 -99 -99 -99 -99 -99 -99 -99 -99 -99 -99 -99 -99 -99 -99 -99 -99 -99 -99 -99 -99 -99 -99 -99 -99 -99 -99 -99 -99
-99 -99 -99 -99 -99 -99 -99 -99 -99 -99 -99 -99 -99 -99 -99 -99 -99 -99 -99 -99 -99 -99 -99 -99 -99 -99 -99 -99 -99 -99 -99 -99 -99 -99 -99 -99 -99 -99 -99 -99 -99 -99 -99 -99 -99 -99 -99 -99 -99 -99 -99 -99 -99 -99 -99 -99 -99 -99 -99 -99 -99 -99 -99 -99 -99 -99 -99 -99 -99 -99 -99 -99 -99 -99 -99 -99 -99 -99 -99 -99 -99 -99 -99 -99 -99 -99 -99 -99 -99 -99 -99 -99 -99 -99 -99 -99
-99 -99 -99 -99 -99 -99 -99 -99 -99 -99 -99 -99 -99 -99 -99 -99 -99 -99 -99 -99 -99 -99 -99 -99 -99 -99 -99 -99 -99 -99 -99 -99 -99 -99 -99 -99 -99 -99 -99 -99 -99 -99 -99 -99 -99 -99 -99 -99 -99 -99 -99 -99 -99 -99 -99 -99 -99 -99 -99 -99 -99 -99 -99 -99 -99 -99 -99 -99 -99 -99 -99 -99 -99 -99 -99 -99 -99 -99 -99 -99 -99 -99 -99 -99 -99 -99 -99 -99 -99 -99 -99 -99 -99 -99 -99 -99
-99 -99 -99 -99 -99 -99 -99 -99 -99 -99 -99 -99 -99 -99 -99 -99 -99 -99 -99 -99 -99 -99 -99 -99 -99 -99 -99 -99 -99 -99 -99 -99 -99 -99 -99 -99 -99 -99 -99 -99 -99 -99 -99 -99 -99 -99 -99 -99 -99 -99 -99 -99 -99 -99 -99 -99 -99 -99 -99 -99 -99 -99 -99 -99 -99 -99 -99 -99 -99 -99 -99 -99 -99 -99 -99 -99 -99 -99 -99 -99 -99 -99 -99 -99 -99 -99 -99 -99 -99 -99 -99 -99 -99 -99 -99 -99
-99 -99 -99 -99 -99 -99 -99 -99 -99 -99 -99 -99 -99 -99 -99 -99 -99 -99 -99 -99 -99 -99 -99 -99 -99 -99 -99 -99 -99 -99 -99 -99 -99 -99 -99 -99 -99 -99 -99 -99 -99 -99 -99 -99 -99 -99 -99 -99 -99 -99 -99 -99 -99 -99 -99 -99 -99 -99 -99 -99 -99 -99 -99 -99 -99 -99 -99 -99 -99 -99 -99 -99 -99 -99 -99 -99 -99 -99 -99 -99 -99 -99 -99 -99 -99 -99 -99 -99 -99 -99 -99 -99 -99 -99 -99 -99
-99 -99 -99 -99 -99 -99 -99 -99 -99 -99 -99 -99 -99 -99 -99 -99 -99 -99 -99 -99 -99 -99 -99 -99 -99 -99 -99 -99 -99 -99 -99 -99 -99 -99 -99 -99 -99 -99 -99 -99 -99 -99 -99 -99 -99 -99 -99 -99 -99 -99 -99 -99 -99 -99 -99 -99 -99 -99 -99 -99 -99 -99 -99 -99 -99 -99 -99 -99 -99 -99 -99 -99 -99 -99 -99 -99 -99 -99 -99 -99 -99 -99 -99 -99 -99 -99 -99 -99 -99 -99 -99 -99 -99 -99 -99 -99
-99 -99 -99 -99 -99 -99 -99 -99 -99 -99 -99 -99 -99 -99 -99 -99 -99 -99 -99 -99 -99 -99 -99 -99 -99 -99 -99 -99 -99 -99 -99 -99 -99 -99 -99 -99 -99 -99 -99 -99 -99 -99 -99 -99 -99 -99 -99 -99 -99 -99 -99 -99 -99 -99 -99 -99 -99 -99 -99 -99 -99 -99 -99 -99 -99 -99 -99 -99 -99 -99 -99 -99 -99 -99 -99 -99 -99 -99 -99 -99 -99 -99 -99 -99 -99 -99 -99 -99 -99 -99 -99 -99 -99 -99 -99 -99
-99 -99 -99 -99 -99 -99 -99 -99 -99 -99 -99 -99 -99 -99 -99 -99 -99 -99 -99 -99 -99 -99 -99 -99 -99 -99 -99 -99 -99 -99 -99 -99 -99 -99 -99 -99 -99 -99 -99 -99 -99 -99 -99 -99 -99 -99 -99 -99 -99 -99 -99 -99 -99 -99 -99 -99 -99 -99 -99 -99 -99 -99 -99 -99 -99 -99 -99 -99 -99 -99 -99 -99 -99 -99 -99 -99 -99 -99 -99 -99 -99 -99 -99 -99 -99 -99 -99 -99 -99 -99 -99 -99 -99 -99 -99 -99
0 0 0 0 0 0 0 0 0 0 0 0 0 0 0 0 0 0 0 0 0 0 0 0 0 0 0 0 0 0 0 0 0 0 0 0 0 0 0 0 0 0 0 0 0 0 0 0 0 0 0 0 0 0 0 0 0 0 0 0 0 0 0 0 0 0 0 0 0 0 0 0 0 0 0 0 0 0 0 0 0 0 0 0 0 0 0 0 0 0 0 0 0 0 0 0
0 0 0 0 0 0 0 0 0 0 0 0 0 0 0 0 0 0 0 0 0 0 0 0 0 0 0 0 0 0 0 0 0 0 0 0 0 0 0 0 0 0 0 0 0 0 0 0 0 0 0 0 0 0 0 0 0 0 0 0 0 0 0 0 0 0 0 0 0 0 0 0 0 0 0 0 0 0 0 0 0 0 0 0 0 0 0 0 0 0 0 0 0 0 0 0
0 0 0 0 0 0 0 0 0 0 0 0 0 0 0 0 0 0 0 0 0 0 0 0 0 0 0 0 0 0 0 0 0 0 0 0 0 0 0 0 0 0 0 0 0 0 0 0 0 0 0 0 0 0 0 0 0 0 0 0 0 0 0 0 0 0 0 0 0 0 0 0 0 0 0 0 0 0 0 0 0 0 0 0 0 0 0 0 0 0 0 0 0 0 0 0
0 0 0 0 0 0 0 0 0 0 0 0 0 0 0 0 0 0 0 0 0 0 0 0 0 0 0 0 0 0 0 0 0 0 0 0 0 0 0 0 0 0 0 0 0 0 0 0 0 0 0 0 0 0 0 0 0 0 0 0 0 0 0 0 0 0 0 0 0 0 0 0 0 0 0 0 0 0 0 0 0 0 0 0 0 0 0 0 0 0 0 0 0 0 0 0
0 0 0 0 0 0 0 0 0 0 0 0 0 0 0 0 0 0 0 0 0 0 0 0 0 0 0 0 0 0 0 0 0 0 0 0 0 0 0 0 0 0 0 0 0 0 0 0 0 0 0 0 0 0 0 0 0 0 0 0 0 0 0 0 0 0 0 0 0 0 0 0 0 0 0 0 0 0 0 0 0 0 0 0 0 0 0 0 0 0 0 0 0 0 0 0
0 0 0 0 0 0 0 0 0 0 0 0 0 0 0 0 0 0 0 0 0 0 0 0 0 0 0 0 0 0 0 0 0 0 0 0 0 0 0 0 0 0 0 0 0 0 0 0 0 0 0 0 0 0 0 0 0 0 0 0 0 0 0 0 0 0 0 0 0 0 0 0 0 0 0 0 0 0 0 0 0 0 0 0 0 0 0 0 0 0 0 0 0 0 0 0
0 0 0 0 0 0 0 0 0 0 0 0 0 0 0 0 0 0 0 0 0 0 0 0 0 0 0 0 0 0 0 0 0 0 0 0 0 0 0 0 0 0 0 0 0 0 0 0 0 0 0 0 0 0 0 0 0 0 0 0 0 0 0 0 0 0 0 0 0 0 0 0 0 0 0 0 0 0 0 0 0 0 0 0 0 0 0 0 0 0 0 0 0 0 0 0
0 0 0 0 0 0 0 0 0 0 0 0 0 0 0 0 0 0 0 0 0 0 0 0 0 0 0 0 0 0 0 0 0 0 0 0 0 0 0 0 0 0 0 0 0 0 0 0 0 0 0 0 0 0 0 0 0 0 0 0 0 0 0 0 0 0 0 0 0 0 0 0 0 0 0 0 0 0 0 0 0 0 0 0 0 0 0 0 0 0 0 0 0 0 0 0
0 0 0 0 0 0 0 0 0 0 0 0 0 0 0 0 0 0 0 0 0 0 0 0 0 0 0 0 0 0 0 0 0 0 0 0 0 0 0 0 0 0 0 0 0 0 0 0 0 0 0 0 0 0 0 0 0 0 0 0 0 0 0 0 0 0 0 0 0 0 0 0 0 0 0 0 0 0 0 0 0 0 0 0 0 0 0 0 0 0 0 0 0 0 0 0
0 0 0 0 0 0 0 0 0 0 0 0 0 0 0 0 0 0 0 0 0 0 0 0 0 0 0 0 0 0 0 0 0 0 0 0 0 0 0 0 0 0 0 0 0 0 0 0 0 0 0 0 0 0 0 0 0 0 0 0 0 0 0 0 0 0 0 0 0 0 0 0 0 0 0 0 0 0 0 0 0 0 0 0 0 0 0 0 0 0 0 0 0 0 0 0
0 0 0 0 0 0 0 0 0 0 0 0 0 0 0 0 0 0 0 0 0 0 0 0 0 0 0 0 0 0 0 0 0 0 0 0 0 0 0 0 0 0 0 0 0 0 0 0 0 0 0 0 0 0 0 0 0 0 0 0 0 0 0 0 0 0 0 0 0 0 0 0 0 0 0 0 0 0 0 0 0 0 0 0 0 0 0 0 0 0 0 0 0 0 0 0
0 0 0 0 0 0 0 0 0 0 0 0 0 0 0 0 0 0 0 0 0 0 0 0 0 0 0 0 0 0 0 0 0 0 0 0 0 0 0 0 0 0 0 0 0 0 0 0 0 0 0 0 0 0 0 0 0 0 0 0 0 0 0 0 0 0 0 0 0 0 0 0 0 0 0 0 0 0 0 0 0 0 0 0 0 0 0 0 0 0 0 0 0 0 0 0
0 0 0 0 0 0 0 0 0 0 0 0 0 0 0 0 0 0 0 0 0 0 0 0 0 0 0 0 0 0 0 0 0 0 0 0 0 0 0 0 0 0 0 0 0 0 0 0 0 0 0 0 0 0 0 0 0 0 0 0 0 0 0 0 0 0 0 0 0 0 0 0 0 0 0 0 0 0 0 0 0 0 0 0 0 0 0 0 0 0 0 0 0 0 0 0
0 0 0 0 0 0 0 0 0 0 0 0 0 0 0 0 0 0 0 0 0 0 0 0 0 0 0 0 0 0 0 0 0 0 0 0 0 0 0 0 0 0 0 0 0 0 0 0 0 0 0 0 0 0 0 0 0 0 0 0 0 0 0 0 0 0 0 0 0 0 0 0 0 0 0 0 0 0 0 0 0 0 0 0 0 0 0 0 0 0 0 0 0 0 0 0
0 0 0 0 0 0 0 0 0 0 0 0 0 0 0 0 0 0 0 0 0 0 0 0 0 0 0 0 0 0 0 0 0 0 0 0 0 0 0 0 0 0 0 0 0 0 0 0 0 0 0 0 0 0 0 0 0 0 0 0 0 0 0 0 0 0 0 0 0 0 0 0 0 0 0 0 0 0 0 0 0 0 0 0 0 0 0 0 0 0 0 0 0 0 0 0
0 0 0 0 0 0 0 0 0 0 0 0 0 0 0 0 0 0 0 0 0 0 0 0 0 0 0 0 0 0 0 0 0 0 0 0 0 0 0 0 0 0 0 0 0 0 0 0 0 0 0 0 0 0 0 0 0 0 0 0 0 0 0 0 0 0 0 0 0 0 0 0 0 0 0 0 0 0 0 0 0 0 0 0 0 0 0 0 0 0 0 0 0 0 0 0
0 0 0 0 0 0 0 0 0 0 0 0 0 0 0 0 0 0 0 0 0 0 0 0 0 0 0 0 0 0 0 0 0 0 0 0 0 0 0 0 0 0 0 0 0 0 0 0 0 0 0 0 0 0 0 0 0 0 0 0 0 0 0 0 0 0 0 0 0 0 0 0 0 0 0 0 0 0 0 0 0 0 0 0 0 0 0 0 0 0 0 0 0 0 0 0
0 0 0 0 0 0 0 0 0 0 0 0 0 0 0 0 0 0 0 0 0 0 0 0 0 0 0 0 0 0 0 0 0 0 0 0 0 0 0 0 0 0 0 0 0 0 0 0 0 0 0 0 0 0 0 0 0 0 0 0 0 0 0 0 0 0 0 0 0 0 0 0 0 0 0 0 0 0 0 0 0 0 0 0 0 0 0 0 0 0 0 0 0 0 0 0
0 0 0 0 0 0 0 0 0 0 0 0 0 0 0 0 0 0 0 0 0 0 0 0 0 0 0 0 0 0 0 0 0 0 0 0 0 0 0 0 0 0 0 0 0 0 0 0 0 0 0 0 0 0 0 0 0 0 0 0 0 0 0 0 0 0 0 0 0 0 0 0 0 0 0 0 0 0 0 0 0 0 0 0 0 0 0 0 0 0 0 0 0 0 0 0
0 0 0 0 0 0 0 0 0 0 0 0 0 0 0 0 0 0 0 0 0 0 0 0 0 0 0 0 0 0 0 0 0 0 0 0 0 0 0 0 0 0 0 0 0 0 0 0 0 0 0 0 0 0 0 0 0 0 0 0 0 0 0 0 0 0 0 0 0 0 0 0 0 0 0 0 0 0 0 0 0 0 0 0 0 0 0 0 0 0 0 0 0 0 0 0
0 0 0 0 0 0 0 0 0 0 0 0 0 0 0 0 0 0 0 0 0 0 0 0 0 0 0 0 0 0 0 0 0 0 0 0 0 0 0 0 0 0 0 0 0 0 0 0 0 0 0 0 0 0 0 0 0 0 0 0 0 0 0 0 0 0 0 0 0 0 0 0 0 0 0 0 0 0 0 0 0 0 0 0 0 0 0 0 0 0 0 0 0 0 0 0
0 0 0 0 0 0 0 0 0 0 0 0 0 0 0 0 0 0 0 0 0 0 0 0 0 0 0 0 0 0 0 0 0 0 0 0 0 0 0 0 0 0 0 0 0 0 0 0 0 0 0 0 0 0 0 0 0 0 0 0 0 0 0 0 0 0 0 0 0 0 0 0 0 0 0 0 0 0 0 0 0 0 0 0 0 0 0 0 0 0 0 0 0 0 0 0
0 0 0 0 0 0 0 0 0 0 0 0 0 0 0 0 0 0 0 0 0 0 0 0 0 0 0 0 0 0 0 0 0 0 0 0 0 0 0 0 0 0 0 0 0 0 0 0 0 0 0 0 0 0 0 0 0 0 0 0 0 0 0 0 0 0 0 0 0 0 0 0 0 0 0 0 0 0 0 0 0 0 0 0 0 0 0 0 0 0 0 0 0 0 0 0
0 0 0 0 0 0 0 0 0 0 0 0 0 0 0 0 0 0 0 0 0 0 0 0 0 0 0 0 0 0 0 0 0 0 0 0 0 0 0 0 0 0 0 0 0 0 0 0 0 0 0 0 0 0 0 0 0 0 0 0 0 0 0 0 0 0 0 0 0 0 0 0 0 0 0 0 0 0 0 0 0 0 0 0 0 0 0 0 0 0 0 0 0 0 0 0
0 0 0 0 0 0 0 0 0 0 0 0 0 0 0 0 0 0 0 0 0 0 0 0 0 0 0 0 0 0 0 0 0 0 0 0 0 0 0 0 0 0 0 0 0 0 0 0 0 0 0 0 0 0 0 0 0 0 0 0 0 0 0 0 0 0 0 0 0 0 0 0 0 0 0 0 0 0 0 0 0 0 0 0 0 0 0 0 0 0 0 0 0 0 0 0
0 0 0 0 0 0 0 0 0 0 0 0 0 0 0 0 0 0 0 0 0 0 0 0 0 0 0 0 0 0 0 0 0 0 0 0 0 0 0 0 0 0 0 0 0 0 0 0 0 0 0 0 0 0 0 0 0 0 0 0 0 0 0 0 0 0 0 0 0 0 0 0 0 0 0 0 0 0 0 0 0 0 0 0 0 0 0 0 0 0 0 0 0 0 0 0
0 0 0 0 0 0 0 0 0 0 0 0 0 0 0 0 0 0 0 0 0 0 0 0 0 0 0 0 0 0 0 0 0 0 0 0 0 0 0 0 0 0 0 0 0 0 0 0 0 0 0 0 0 0 0 0 0 0 0 0 0 0 0 0 0 0 0 0 0 0 0 0 0 0 0 0 0 0 0 0 0 0 0 0 0 0 0 0 0 0 0 0 0 0 0 0
0 0 0 0 0 0 0 0 0 0 0 0 0 0 0 0 0 0 0 0 0 0 0 0 0 0 0 5 0 0 0 0 0 0 0 0 0 0 0 0 0 0 0 0 0 0 0 0 0 0 0 0 0 0 0 0 0 0 0 0 0 0 0 0 0 0 0 0 0 0 0 0 0 0 0 0 0 0 0 0 0 0 0 0 0 0 0 0 0 0 0 0 0 0 0 0
0 0 0 0 0 0 0 0 0 0 0 0 0 0 0 0 0 0 0 0 0 0 0 8 0 0 2 0 2 0 1 1 0 1 0 2 2 0 0 0 0 0 0 0 0 0 0 0 0 0 0 0 0 0 0 0 0 0 0 0 0 0 0 0 0 0 0 0 0 0 0 0 0 0 0 0 0 0 0 0 0 0 0 0 0 0 0 0 0 0 0 0 0 0 0 0
0 0 0 0 0 0 0 0 0 0 0 0 0 0 0 0 0 0 0 2 2 4 5 2 1 0 1 1 1 1 1 1 1 1 3 4 4 0 0 0 0 0 0 0 0 0 0 0 0 0 0 0 0 0 0 0 0 0 0 0 0 0 0 0 0 0 0 0 0 0 0 0 0 0 0 0 0 0 0 0 0 0 0 0 0 0 0 0 0 0 0 0 0 0 0 0
0 0 0 0 0 0 0 0 0 0 0 0 0 20 15 0 0 3 1 1 1 3 2 3 1 1 1 1 0 0 0 0 1 1 2 2 0 0 0 0 5 0 0 0 0 0 0 0 0 0 0 0 0 0 0 0 0 0 0 0 0 0 0 0 0 0 0 0 0 0 0 0 0 0 0 0 0 0 0 0 0 0 0 0 0 0 0 0 0 0 0 0 0 0 0 0
0 0 0 0 0 0 0 0 0 0 0 8 9 4 6 7 2 2 1 1 1 0 0 0 0 0 1 0 0 0 0 0 0 1 3 4 5 5 4 4 3 56 397 0 0 0 0 0 0 0 0 0 0 0 0 0 0 0 0 0 0 0 0 0 0 0 0 0 0 0 0 0 0 0 0 0 0 0 0 0 0 0 0 0 0 0 0 0 0 0 0 0 0 0 0 0
0 0 0 0 0 0 14 9 25 17 7 6 2 2 2 2 2 1 1 1 0 0 0 0 0 0 0 0 0 0 0 0 1 4 5 5 5 4 3 3 3 50 127 2 2 2 3 2 7 12 16 16 0 0 0 0 0 0 0 0 0 0 0 0 0 0 0 0 0 0 0 0 0 0 0 0 0 0 0 0 0 0 0 0 0 0 0 0 0 0 0 0 0 0 0 0
0 0 0 0 0 0 0 4 3 3 6 9 3 1 1 1 1 1 1 1 1 1 1 1 1 1 1 1 1 1 1 1 1 3 4 4 3 3 3 4 12 0 18 10 0 0 0 0 0 0 0 0 0 0 0 0 0 0 0 0 0 0 0 0 0 0 0 0 0 0 0 0 0 0 0 0 0 0 0 0 0 0 0 0 0 0 0 0 0 0 0 0 0 0 0 0
0 0 0 0 0 0 5 2 2 1 1 1 1 1 1 1 1 1 1 1 1 1 1 2 1 1 1 1 1 1 1 1 0 0 0 2 6 7 8 16 27 27 0 21 0 3 0 0 0 0 0 0 0 0 0 0 0 0 0 0 0 0 0 0 0 0 0 0 0 0 0 0 0 0 0 0 0 0 0 0 0 0 0 0 26 0 0 0 0 0 0 0 0 0 0 0
0 0 0 0 14 25 8 5 4 0 0 0 0 1 0 1 1 1 1 1 1 1 1 2 2 1 1 1 1 1 1 1 0 1 2 5 7 9 8 0 19 39 25 16 14 4 0 0 0 0 0 0 0 0 0 0 0 0 0 0 0 0 0 0 0 0 0 0 0 0 0 0 0 0 0 0 0 0 0 0 0 0 0 0 0 0 0 0 0 0 0 0 0 0 0 0
0 0 0 7 5 3 3 2 0 0 0 0 0 0 0 0 1 1 1 1 1 1 2 3 3 3 3 14 3 3 3 3 1 1 4 5 5 6 6 6 6 0 3 1 0 1 1 1 1 1 1 0 0 0 0 0 0 0 0 0 0 0 0 0 0 0 0 0 0 0 0 0 0 0 0 0 0 0 0 0 0 0 0 1 1 1 1 1 1 1 1 1 1 1 2 2
0 10 6 5 5 5 3 0 0 0 0 0 0 0 1 0 1 5 5 7 13 5 4 6 11 4 3 19 2 2 2 2 2 3 3 2 1 1 1 2 2 1 1 0 0 0 0 1 1 1 1 1 0 1 1 1 1 0 0 0 0 0 0 0 0 0 0 0 0 0 0 0 0 0 0 0 0 0 0 0 0 0 1 1 1 1 1 1 1 1 25 20 1 1 2 2
19 8 5 3 1 1 0 1 1 0 0 0 1 1 1 2 5 7 9 18 32 0 0 0 0 0 4 3 2 2 2 2 2 3 3 3 1 0 1 1 0 1 1 0 1 0 0 0 0 0 0 0 0 0 0 0 1 1 1 1 1 1 1 1 1 1 1 1 1 0 0 0 1 1 0 0 0 0 0 0 0 0 1 1 1 1 1 1 1 1 1 1 1 1 2 2
5 4 1 1 1 1 1 1 1 0 1 1 2 2 2 7 12 12 12 0 0 0 0 0 0 0 0 41 4 2 2 2 2 2 2 1 1 1 1 1 1 1 1 1 1 0 0 0 0 0 0 0 0 0 0 0 1 1 1 1 1 1 1 1 1 1 1 1 1 1 1 1 1 1 1 0 0 0 0 0 0 1 1 1 1 1 1 1 1 1 54 1 1 1 2 2
3 1 1 1 1 1 1 1 1 1 1 2 3 0 3 6 10 11 11 0 0 0 0 0 0 19 13 47 11 3 3 2 2 2 2 2 1 28 1 1 1 1 2 2 2 0 0 0 0 0 1 1 0 1 0 0 1 262 1 2 1 1 1 1 1 1 1 1 1 1 1 1 1 1 1 1 1 0 0 0 1 1 1 1 1 1 1 1 1 1 1 1 1 1 1 1
3 1 1 1 2 2 1 1 1 1 1 1 2 2 3 6 26 9 10 0 0 0 0 0 12 16 9 5 3 3 0 0 5 3 2 2 0 1 1 1 1 2 0 2 2 2 2 2 0 0 0 0 1 1 1 106 2 109 2 2 2 2 2 1 1 1 1 1 1 1 1 1 1 1 1 1 1 1 1 2 9 8 7 2 2 2 2 2 1 1 0 0 0 0 0 0
7 2 2 2 2 5 2 2 3 4 6 7 8 7 6 22 41 0 0 0 0 50 33 10 8 9 11 7 6 9 12 10 4 4 5 4 2 1 1 1 1 3 2 2 35 2 2 2 2 1 1 1 21 1 1 1 3 3 2 2 2 2 2 1 1 1 1 1 1 1 1 1 1 1 1 1 1 1 2 2 3 10 10 27 2 2 2 2 1 0 15 0 0 0 0 0
1 1 1 2 3 0 14 3 3 4 5 9 10 9 0 0 0 0 0 84 13 15 13 11 7 0 5 6 6 7 16 20 9 5 5 5 5 4 2 1 1 2 4 3 3 3 3 3 2 1 1 1 1 1 1 3 3 3 2 2 2 2 2 2 2 2 1 1 1 1 1 1 1 1 1 1 1 1 2 2 2 7 11 11 7 3 2 1 1 1 0 1 1 1 0 0
1 1 1 1 1 6 3 3 5 23 22 22 0 0 0 0 0 0 11 14 18 36 0 11 7 5 8 20 7 0 25 49 22 9 12 59 8 3 3 2 2 2 2 3 3 4 0 4 3 2 2 2 2 3 3 3 3 3 3 3 2 2 2 2 2 2 1 1 1 1 1 1 1 2 1 4 2 2 2 2 2 2 5 7 8 6 1 1 1 1 1 1 1 1 1 0
1 1 1 1 1 1 3 4 9 20 21 0 0 0 0 0 0 0 0 10 10 10 8 8 10 14 13 87 12 7 0 26 0 8 8 11 10 8 2 2 0 2 2 2 33 0 4 0 3 3 3 3 3 3 3 3 5 5 4 2 2 2 2 2 1 1 1 1 2 2 2 1 2 2 3 9 7 3 2 1 1 1 1 2 2 2 1 1 1 1 1 1 1 1 1 0
1 1 1 1 2 3 4 4 9 15 0 0 0 0 0 0 0 0 0 45 13 11 17 0 42 8 12 7 7 0 32 7 7 0 0 10 0 16 5 13 3 3 4 4 209 0 0 0 3 3 3 3 3 3 3 4 5 5 6 6 4 4 4 3 3 3 3 2 2 3 3 3 0 2 5 6 4 109 67 1 1 1 2 2 2 2 2 1 1 1 1 1 1 1 1 1
3 2 2 2 5 5 6 8 12 21 0 0 0 0 0 0 0 0 0 58 24 20 26 63 34 17 14 36 18 0 7 11 30 0 14 10 10 0 0 0 7 7 8 4 4 4 4 0 3 3 3 3 3 3 3 4 4 4 7 7 7 7 4 4 4 4 4 3 4 61 34 3 3 3 3 3 3 4 3 1 1 1 2 2 2 2 2 2 2 2 2 2 2 2 2 1
7 4 3 4 7 10 18 24 22 28 0 0 0 0 0 0 0 0 28 20 72 19 21 23 28 67 35 68 14 78 26 11 31 79 17 10 26 0 0 0 0 8 4 19 18 2 3 3 3 3 3 3 3 4 4 4 4 4 4 5 5 5 3 3 3 3 3 3 35 3 5 6 5 2 2 3 3 2 2 1 1 1 1 1 1 1 2 2 2 2 2 2 2 2 4 5
13 5 6 6 9 15 32 21 27 28 29 26 21 0 0 0 0 0 0 0 205 22 30 20 48 507 0 0 0 0 0 0 0 0 0 469 355 42 0 0 8 8 6 4 2 2 3 3 3 4 5 5 5 4 4 6 5 5 3 4 4 4 3 3 3 3 3 3 4 5 6 6 6 3 2 2 2 1 1 2 3 3 3 2 1 2 2 2 2 2 2 2 2 3 13 15
11 14 19 31 10 11 17 25 62 61 46 93 56 30 0 0 0 0 0 0 0 0 0 0 0 0 0 0 0 0 0 0 0 11 75 950 2182 87 28 16 39 7 49 2 2 2 4 3 3 5 5 5 5 5 8 0 6 4 4 4 4 3 3 2 2 4 4 4 4 4 3 3 3 4 2 2 2 2 2 4 5 5 5 4 5 4 4 4 3 80 3 5 6 7 9 9
0 18 41 0 33 36 65 0 57 45 52 0 692 0 0 0 0 0 0 0 0 0 0 48 118 89 123 61 23 39 66 0 48 40 18 29 44 19 19 10 42 4 3 17 20 4 5 5 4 6 6 229 10 13 12 205 37 4 4 4 4 4 3 3 3 4 4 4 5 5 4 4 5 8 7 6 3 3 4 5 7 6 4 4 27 7 7 7 6 125 19 15 24 14 6 5
21 0 0 45 0 16 35 37 56 41 0 0 0 0 0 0 0 0 0 0 12 12 0 15 16 16 18 18 18 28 0 0 6 6 7 32 6 7 120 13 7 8 6 5 6 5 9 10 7 7 8 7 0 8 8 9 10 10 5 4 5 5 4 4 3 3 3 4 5 5 5 5 6 11 44 253 93 7 7 10 12 9 4 5 8 9 10 11 13 13 21 35 16 6 26 29
74 37 34 42 39 0 47 50 21 0 0 0 0 0 0 0 0 0 0 0 14 14 0 20 20 20 21 21 42 40 34 0 8 5 5 8 9 8 95 11 7 8 14 15 42 5 6 7 7 8 11 9 0 15 12 12 12 13 18 21 20 5 4 11 4 17 4 31 7 6 6 7 30 13 21 69 26 14 11 10 13 77 13 11 17 18 21 68 295 210 9 93 7 6 23 40
207 60 35 37 55 29 14 13 19 0 0 0 0 0 0 0 0 0 0 0 21 0 0 0 0 18 26 18 19 18 19 20 153 10 11 12 14 5 29 8 7 9 11 30 11 47 27 10 8 26 12 11 11 166 41 418 21 189 44 17 12 9 6 6 6 6 8 11 19 14 7 8 8 11 11 12 9 6 7 8 11 13 18 13 13 15 23 34 217 75 9 8 6 6 7 140
66 34 17 22 20 25 17 14 21 22 0 0 18 0 0 0 0 0 0 25 21 20 0 0 273 185 27 20 16 15 14 14 25 7 9 7 7 4 3 4 4 4 19 7 11 22 20 16 8 8 8 23 36 10 38 22 24 134 91 67 87 24 15 10 10 10 12 16 10 10 11 16 17 17 16 13 11 7 9 9 12 18 18 16 76 11 16 16 11 63 13 12 8 7 13 44
0 0 34 16 18 28 20 21 42 20 0 0 0 0 0 0 0 0 44 28 18 22 27 156 207 82 35 17 16 20 24 16 10 14 10 8 8 8 9 7 5 5 5 7 9 18 13 234 65 51 99 25 28 36 15 18 18 166 125 23 17 19 0 56 17 16 10 8 8 7 10 181 21 21 25 21 17 13 9 12 15 23 406 84 72 11 12 15 20 11 13 39 11 14 21 58
0 0 45 36 41 48 36 45 0 0 0 0 0 0 0 0 0 0 47 36 47 33 30 36 28 26 21 24 35 33 27 19 12 9 8 12 73 15 7 10 7 21 6 6 47 9 11 24 25 121 47 100 155 82 55 20 247 30 115 23 51 28 78 937 219 23 20 12 16 36 299 96 19 21 24 28 26 31 60 10 43 19 19 16 93 15 23 18 20 12 11 11 14 13 11 25
581 0 205 47 0 0 0 0 0 0 0 0 0 0 0 0 0 0 192 34 35 28 111 31 95 22 24 31 40 43 17 18 17 74 11 14 13 10 8 8 6 5 6 7 8 7 29 28 47 113 2003 4189 446 186 55 56 28 63 18 41 82 27 66 23 23 24 24 22 30 39 45 48 0 175 591 22 21 20 19 134 374 19 18 14 26 18 17 15 13 8 9 10 13 10 8 12
101 0 117 0 0 0 0 0 0 0 0 0 0 0 0 0 0 0 0 62 36 30 29 45 47 34 25 28 31 23 23 26 21 45 17 17 220 18 12 8 8 28 38 7 41 6 8 18 66 145 113 372 78 168 72 24 14 12 17 20 64 43 18 89 24 18 21 16 38 22 65 41 24 18 22 0 0 55 16 16 32 24 16 15 17 33 16 34 25 8 12 14 9 12 61 84
0 0 84 0 0 0 0 0 0 56 56 111 0 0 0 0 0 150 23 35 27 23 61 240 73 42 361 30 20 25 20 18 16 28 26 22 84 21 19 176 47 19 15 9 6 7 9 31 126 25 126 31 101 97 38 326 22 14 37 13 12 18 15 17 19 18 18 23 26 40 26 29 28 20 13 12 17 26 18 14 94 102 38 73 17 15 18 151 499 14 34 9 38 8 34 33
342 55 164 68 0 0 91 60 60 58 56 121 199 178 82 79 65 51 46 38 38 42 38 30 60 23 27 27 42 94 44 27 91 60 19 24 43 30 28 18 19 13 10 10 30 11 17 23 121 21 70 373 29 30 22 29 19 18 16 34 16 21 21 27 17 44 221 31 25 17 16 19 378 125 16 84 16 17 17 13 12 12 25 63 54 15 29 21 22 11 6 3 41 4 8 32
55 52 89 57 0 100 99 72 60 59 58 115 149 146 87 65 0 62 61 47 48 50 56 182 28 34 81 38 25 28 176 808 30 21 17 21 221 23 22 38 20 46 34 21 66 10 12 16 26 14 31 87 218 39 20 47 23 15 15 16 18 20 19 33 17 19 16 19 19 17 28 14 12 23 103 13 15 18 18 14 56 9 10 23 12 16 17 16 148 8 5 3 17 9 14 10
48 45 63 55 68 99 90 64 58 58 71 109 112 122 119 94 66 63 61 56 52 61 71 56 51 33 49 58 86 39 27 55 23 34 137 22 41 23 19 19 23 22 18 29 288 24 16 18 21 42 15 16 46 15 32 23 28 21 21 45 17 16 16 23 30 122 213 26 18 73 16 16 115 35 0 84 0 42 47 14 10 10 10 9 9 10 11 93 46 7 3 4 7 110 146 9
52 59 821 239 83 68 59 59 97 107 109 118 108 100 96 99 74 93 81 65 61 63 70 54 23 29 26 24 27 29 22 76 23 16 16 61 47 32 25 18 60 35 31 24 18 21 15 26 205 17 20 16 19 84 56 261 59 47 214 62 16 27 17 18 15 17 14 14 15 17 18 13 11 14 13 64 13 17 14 9 54 10 8 9 7 7 8 77 9 8 4 6 16 35 7 7
87 94 699 440 100 88 70 68 132 150 164 120 91 92 122 127 168 563 513 77 78 68 51 165 50 29 35 28 85 35 23 18 17 17 87 16 55 142 190 43 27 24 27 26 19 21 67 20 22 18 17 45 22 25 30 49 23 17 19 19 22 16 14 35 33 8 26 9 14 12 51 84 8 14 8 8 8 8 8 7 9 10 21 8 9 9 9 10 11 8 4 4 6 6 5 5
182 93 76 85 158 80 74 83 103 99 118 110 105 86 349 317 106 135 154 94 105 82 61 32 28 33 29 27 28 29 26 14 13 17 16 17 15 28 118 32 31 28 59 68 25 22 31 56 253 29 19 20 22 37 525 34 24 23 22 22 30 13 29 13 10 7 23 275 0 29 11 49 9 23 7 7 6 7 6 6 8 8 8 8 11 10 306 10 10 8 6 5 6 6 7 5
510 179 158 386 154 166 111 122 131 178 179 123 108 93 108 104 111 112 109 120 148 147 71 48 30 62 30 44 41 45 23 26 27 27 22 17 15 28 92 72 34 40 82 37 41 37 34 29 32 24 24 153 21 22 46 46 26 28 24 20 58 13 44 11 12 12 11 110 167 16 13 9 12 9 7 7 5 6 117 14 8 8 7 6 9 10 11 8 7 6 19 24 64 162 9 4
311 427 184 219 162 136 151 111 149 177 154 117 120 187 156 168 123 123 109 99 108 80 70 69 96 42 149 51 178 51 38 53 33 74 39 38 365 288 42 35 67 33 48 44 39 185 32 34 37 177 26 27 25 34 39 34 30 28 21 28 15 13 10 13 11 17 14 9 9 12 11 8 9 6 4 3 3 4 4 4 4 5 5 4 5 7 6 7 7 6 7 6 5 13 5 19
152 126 94 96 451 344 108 156 113 144 85 105 319 602 576 453 267 143 149 148 145 92 85 77 110 54 54 74 63 71 73 45 42 191 40 69 413 748 63 43 44 52 47 39 38 57 39 46 403 81 29 26 42 20 24 47 22 22 21 9 9 12 41 6 7 14 78 12 10 6 5 4 8 5 2 3 3 3 3 2 3 3 3 3 3 3 3 3 5 7 134 5 5 5 3 1
