meteoriteanalysis/data/pop/popcount/gpw_pop_counts_hd_1990a.asc
ncols 720 
nrows 360
xllcorner -180
yllcorner -90
cellsize .5
NODATA_value -99
[rows 60 to 119 of 360, columns 576 to 671 of 720]
109 109 211 1037 1120 1120 1120 1120 1120 1120 1120 984 431 283 283 283 283 283 312 324 319 325 314 319 316 322 315 324 325 325 341 397 508 641 668 668 668 668 668 668 668 668 758 817 859 790 680 512 361 361 0 361 361 361 361 360 361 361 346 283 225 188 188 188 188 188 188 188 188 188 188 188 188 180 188 188 188 205 483 499 499 492 346 0 0 151871 14762 498 499 499 499 499 276 0 0 0
111 111 253 1108 1120 933 918 887 775 1064 928 641 292 287 287 287 287 287 287 288 287 303 313 330 330 328 321 324 330 370 570 678 678 678 678 678 678 678 678 678 678 678 678 678 678 678 678 544 388 355 234 215 251 287 247 73 125 144 128 137 165 191 191 191 191 191 191 191 149 0 0 0 0 0 0 53 0 0 0 0 0 0 0 0 0 0 0 0 436 504 377 340 347 314 0 0
129 650 1076 1182 1134 1033 1098 810 678 673 656 540 292 292 292 292 292 292 292 291 281 301 334 334 334 334 334 334 334 422 688 688 724 766 688 688 688 688 688 688 688 688 688 688 688 688 688 688 563 87 46 46 46 46 46 46 46 46 46 46 126 194 194 194 194 194 187 95 0 0 0 0 0 0 0 0 0 0 0 0 0 0 0 0 0 0 0 0 0 0 0 0 0 0 0 0
895 1126 1199 1199 1199 1002 721 668 666 666 651 461 296 296 296 296 296 296 306 479 468 404 364 339 339 339 339 339 339 370 1135 1507 1797 932 698 698 698 698 698 698 698 698 698 698 698 698 698 550 143 47 47 47 47 47 47 47 47 47 47 47 47 69 105 185 195 0 0 0 0 0 0 0 0 0 0 0 0 0 0 0 0 0 0 0 0 0 0 0 0 0 0 0 0 0 0 0
1216 1236 1216 1216 1216 1007 675 675 675 675 501 300 21883 300 300 300 300 300 452 568 566 568 438 348 344 344 344 344 344 726 2043 2156 1988 1139 1119 1256 777 707 707 707 707 707 707 707 707 707 707 479 48 48 48 48 48 48 48 48 48 48 48 48 48 48 48 53 27 0 0 0 0 0 0 0 0 0 0 0 0 0 0 0 0 0 0 0 0 0 0 0 0 0 0 0 0 0 0 0
1413 1485 1297 1249 1232 1019 685 700 685 685 677 336 304 304 301 298 302 304 326 497 575 575 575 427 354 397 368 349 425 1815 2186 2186 2186 2186 2186 2186 2182 2044 1449 770 836 904 972 914 721 720 726 107 48 48 48 48 48 48 48 48 48 48 48 48 48 46 0 0 0 0 0 0 0 0 0 0 0 0 0 0 0 0 0 0 0 0 0 0 0 0 0 0 0 0 0 0 0 0 0 0
1515 1426 1303 1133 925 881 825 855 1325 2244 1578 904 1152 635 295 499 510 493 544 570 583 583 583 616 718 727 703 574 752 1980 2177 2215 2215 2215 2215 2215 2215 2215 2215 2215 2215 2215 2215 2210 2085 2016 2119 916 49 49 49 49 49 49 49 49 49 49 49 49 0 0 0 0 0 0 0 0 0 0 0 0 0 0 0 0 0 0 0 0 0 0 0 0 0 0 0 0 0 0 0 0 0 0 0 0
1535 1266 910 868 868 868 868 868 906 2923 3195 3195 3108 797 297 405 591 592 591 591 591 591 591 591 672 736 734 736 736 736 791 929 1769 2245 2245 2245 2245 2245 2245 2245 2245 2245 2245 2245 2245 2139 449 50 50 50 50 50 50 50 50 50 50 50 49 0 0 0 0 0 0 0 0 0 0 0 0 0 0 0 0 0 0 0 0 0 0 0 0 0 0 0 0 0 0 0 0 0 0 0 0 0
1555 1281 29482 508 871 880 946 880 880 1606 2743 1423 998 301 301 408 669 687 641 611 599 599 453 224 196 179 362 649 746 746 746 746 766 988 1003 1416 1780 1626 1652 1573 1561 2089 1616 1493 1546 1591 289 250 268 114 54 54 56 52 54 51 49 33 0 0 0 0 0 0 0 0 0 0 0 0 0 0 0 0 0 0 0 0 0 0 0 0 0 0 0 0 0 0 0 0 0 0 0 0 0 331
1575 1199 0 393 891 1524 2633 2005 479 442 292 305 305 305 305 313 405 606 719 719 406 191 88 84 84 84 84 138 755 755 755 755 755 58865 755 647 523 523 523 523 523 523 523 523 523 523 523 523 426 204 63 63 63 63 63 44 13 0 0 0 0 0 0 0 0 0 0 0 0 0 0 0 0 0 0 0 0 0 0 0 0 0 0 0 0 0 0 0 0 0 0 0 0 0 0 443
1426 789 0 698 1291 2721 2732 1124 309 309 309 309 309 309 309 309 322 492 728 696 129 85 85 85 85 85 140 230 735 765 937 765 765 765 765 648 530 530 522 0 0 490 526 530 530 530 426 167 64 64 64 64 64 64 45 13 12 0 0 0 0 0 0 0 0 0 0 0 0 0 0 0 0 0 0 0 0 0 0 0 0 0 0 0 0 0 0 0 0 0 0 0 0 0 0 362
1447 0 0 1484 2794 3137 2084 326 313 313 313 313 313 324 525 702 736 737 732 348 122 724 450 868 1278 2129 2596 2811 2159 3002 3885 2697 1365 775 903 1099 536 536 530 0 503 536 536 536 535 283 108 65 65 65 65 65 65 65 65 65 65 37 0 0 0 19 181 0 0 0 0 0 0 0 0 0 0 0 0 0 0 0 0 0 0 0 0 0 0 0 0 0 0 0 0 0 0 0 0 0
0 0 0 4218 4218 4173 1414 317 380 629 586 702 571 716 747 747 747 747 835 2487 3396 2814 2812 2814 2814 2814 2814 3181 4257 4257 4506 4344 4257 3692 3866 3869 1957 541 33621 542 543 543 543 543 545 460 400 66 66 66 72 69 160 133 66 66 66 50 0 0 25 427 2089 2401 1959 0 0 0 0 41739 0 0 0 0 0 0 0 0 0 0 0 0 0 0 0 0 0 0 0 0 0 0 0 0 0 0
0 2639 4383 4477 4250 1924 649 971 1204 1254 1254 1208 1491 877 755 755 1323 3874 7350 7970 5367 3566 3947 2736 2200 3583 3986 6401 8272 8335 8649 8806 9417 7105 6876 4285 3683 1064 650 549 549 666 1171 1132 806 801 767 401 441 454 644 792 797 591 84 67 101 195 231 137 286 395 439 1228 2364 39675 1227 0 2214 2558 0 0 0 0 0 0 0 0 0 0 0 0 0 0 0 0 0 0 0 0 0 0 0 0 0 0
4109 4202 3586 3322 3213 1915 1232 1237 1269 1269 1269 1877 6395 4688 1501 2713 10439 8068 7586 5862 5009 4363 2985 1492 3230 4684 5481 8330 8769 8752 8863 12659 13305 13305 13305 7754 4152 3819 3068 1553 870 1290 1401 1383 869 810 810 810 810 810 888 919 826 557 397 292 393 401 401 401 401 505 779 985 1615 2279 0 0 2696 2838 0 0 0 0 0 0 0 0 0 0 0 0 0 0 0 0 0 0 0 0 0 0 0 0 0 0
9377 7330 3255 3412 3021 2324 2600 2413 3767 6310 395530 7875 8100 9541 11617 11102 13719 9821 5252 4739 4432 2875 2195 1602 2606 4219 4851 11526 15824 11687 11266 12434 13343 13790 10605 7047 5230 1576 1237 28162 1237 1388 1417 1360 1028 927 820 820 820 945 1161 1370 1360 804 424 405 396 675 1908 1374 1334 1615 1631 1422 1568 1921 1505 1773 2762 3425 0 0 0 0 0 0 0 0 0 0 0 0 0 0 0 0 0 0 0 0 0 0 0 0 0 0
16225 14407 10075 5245 5272 5276 5288 5292 6036 6210 7161 8618 9406 9625 15895 18883 12902 31984 5123 5829 2483 1599 2697 3282 4042 4794 5512 14951 17152 14918 12215 12640 14186 14252 10420 5986 5933 2580 2135 3241 3750 1880 1433 1433 1433 1372 1075 1100 1222 1386 1386 1386 1386 1470 1520 1886 1875 2385 2927 2543 1706 1649 1649 1608 0 0 0 0 3056 3454 0 0 0 0 0 0 0 0 0 0 0 0 0 0 0 0 0 0 0 0 0 0 0 0 0 0
12158 35615 5670 5410 5360 5333 4936 4653 4289 4889 7373 9106 9745 9319 9030 13216 17592 13431 4962 4632 3966 6598 4148 3930 5789 7678 14056 17341 17341 16139 14291 8343 7716 6428 4193 4958 6154 5287 3971 5730 95319 15947 7311 2227 2541 2400 1607 1401 1401 1401 1401 1401 1773 2919 2959 2959 2889 2843 2887 2672 2434 2317 1865 1721 1668 0 0 0 0 7547 4161 0 0 0 0 0 0 0 0 0 0 0 0 0 0 0 0 0 0 0 0 0 0 0 0 0
8682 5549 4464 3824 3625 3303 3987 4326 4356 4487 4594 4710 7158 9705 9815 16223 18049 9442 7293 4800 5821 10517 9125 5109 7578 16530 18849 23734 20668 16042 15989 14734 24337 4238 4238 15097 41186 18473 15239 17333 97526 15191 8109 6257 3736 3674 1416 1416 1416 1416 1416 1416 1607 2741 2991 3166 3034 59901 268479 2704 2704 3134 3907 3868 3360 0 0 0 24855 8230 7154 0 0 0 0 0 0 0 0 0 0 0 0 0 0 0 0 0 0 0 0 0 0 0 0 0
3836 1854 1750 1750 1750 1903 3887 3466 3370 3973 3971 3653 3973 4374 5900 5458 7680 46941 7535 4764 82116 8682 8667 5352 5185 8847 29346 27885 18362 16159 16159 49429 81988 11613 14715 50298 21108 21058 19669 234789 22961 14938 17701 17211 9295 6033 3719 1431 1431 1431 1843 3248 3970 5276 4637 4558 3864 64812 2865 2733 2733 2970 3927 3953 3910 0 0 0 3007 6271 5753 0 0 0 0 0 0 0 0 0 0 0 0 0 0 0 0 0 0 0 0 0 0 0 0 1392
2017 1768 1768 1867 1882 2199 2780 2504 2503 2601 2277 1689 1679 1679 1787 2402 1796 4450 49197 40523 4395 5933 6081 6044 6044 12200 30053 29809 24544 16329 16329 16329 19721 34201 48896 58019 40646 23420 25574 23695 16233 14554 25551 40981 5087 3852 3440 1446 1447 2164 5061 5460 5460 4468 3810 3777 2781 2011 1806 2251 2555 3425 3488 3992 3824 0 0 0 7257 6018 5701 5794 0 0 0 0 0 0 0 0 0 0 0 0 0 0 0 0 0 0 0 0 0 0 0 0
4645 3567 2088 2351 2388 2410 2304 2249 1850 1698 1696 1696 1696 1696 1696 1696 2153 2828 2612 63226 4458 6099 6377 110677 104579 31099 30498 27870 16640 28107 32848 23536 45632 54638 57264 58796 61535 54890 43696 20031 10405 10551 16305 11505 3891 3925 4675 4193 5546 5353 5669 5516 5514 4562 3512 2134 1680 1680 1680 1680 1753 3370 4035 3958 2972 0 0 0 32313 7700 29863 2219 0 0 0 0 0 0 0 0 0 0 0 0 0 0 0 0 0 0 0 0 0 0 0 0
10918 5394 2191 2191 2191 2191 2191 2191 2023 1713 1713 1713 1713 1713 1713 1806 2746 2844 1236 3381 4192 6433 13225 14257 14257 19475 30805 30800 37191 55890 56327 55434 55525 154853 139741 145302 68850 72687 69099 11272 10510 10668 34995 38674 19285 8494 6593 6620 6785 95331 8509 7597 7367 5894 268672 4820 2597 2066 3695 2755 2238 3486 3625 3473 37007 0 0 0 11849 13350 0 0 0 0 0 0 0 0 0 0 0 0 0 0 0 0 0 0 0 0 0 0 0 0 0 0
17123 3450 2213 2213 2213 2213 2213 2213 2194 1771 1730 1730 1730 1730 1730 2448 2885 2885 2885 3735 4159 4261 9599 13084 14398 16167 29915 39022 40297 52556 56885 89860 133001 204471 243363 267967 179535 145248 130762 70253 38816 61843 80416 94989 53561 27122 5396 7611 9821 8838 15403 23123 20072 8872 374249 4733 3862 3554 3928 1669 1512 3113 3506 2341 0 0 0 0 7661 5206 0 0 0 0 0 0 0 0 0 0 0 0 0 0 0 0 0 0 0 0 0 0 0 0 0 0
14175 2234 2234 2234 2234 2234 2234 2234 2144 1826 1675 1686 1743 1747 1753 2185 2129 2025 2348 1364 1748 2557 3902 4456 16669 31480 48205 51955 51955 80824 143757 397377 275400 164561 266853 304787 298683 240430 247473 177082 151449 131555 95491 116951 144277 62373 33050 42746 0 47802 49271 35177 23237 13908 9924 4247 4212 4212 4193 2922 1528 2685 1919 0 0 0 0 0 11925 0 0 0 0 0 0 0 0 0 0 0 0 0 0 0 0 0 0 0 0 0 0 0 0 0 0 0
17090 5480 2600 2256 2256 2256 2256 2023 1537 1499 1499 1499 1542 1704 1764 1764 1764 1764 1764 1764 1764 1764 1974 16067 32568 41492 50824 60572 66845 180683 212781 632752 431356 136818 207982 304293 318907 363197 262609 136811 136495 119342 81976 128671 381187 201680 126668 112364 105580 106238 82870 43251 24636 10511 9293 4252 4252 4228 3840 2636 1369 1142 0 0 0 0 0 0 73913 154443 0 0 0 0 0 0 0 0 0 0 0 0 0 0 0 0 0 0 0 0 0 0 0 0 0 0
18174 18174 6929 2277 2277 2277 1927 1534 1514 1514 1514 1514 1514 1538 1696 1753 1780 1780 1802 1897 2275 2394 2167 10078 32874 32874 37499 64300 71703 86464 143288 145393 84572 462947 318424 296449 360947 501015 437576 144125 128447 129392 114529 212054 702008 242555 436266 155478 99720 91057 69907 42755 27692 3560 3422 3529 3716 3529 3394 3141 1146 0 0 0 0 0 0 0 25278 133107 0 0 0 0 0 0 0 0 0 0 0 0 0 0 0 0 0 0 0 0 0 0 0 0 0 0
3544 5312 1941 1976 2022 2014 1471 1463 1522 1527 1527 1527 1527 1527 1527 1548 1803 2469 2618 2858 2858 2858 2831 10909 33178 33178 37885 141379 139366 58749 135973 133427 115513 340634 300086 376675 395354 490474 467893 239219 125914 86615 114132 164130 187282 201630 312036 112293 80080 76665 66910 43944 3368 3204 3132 2916 2924 2983 2809 1672 0 0 0 0 0 0 0 0 15098 0 0 0 0 0 0 0 0 0 0 0 0 0 0 0 0 0 0 0 0 0 0 0 0 0 0 0
1497 1424 1379 1379 1379 1379 1379 1462 1541 1541 1541 1541 1541 1541 1541 1636 2429 2883 2866 2750 2883 2883 7161 34618 38903 52124 113431 138393 166384 371376 148461 149678 205367 262869 327352 374141 1442128 2120609 378614 296358 215087 152010 143690 136346 148231 244707 469524 121428 105084 72125 60528 50668 4662 3132 2885 2878 2878 1875 1272 0 0 0 0 0 0 0 0 0 0 0 0 0 0 0 0 0 0 0 0 0 0 0 0 0 0 0 0 0 0 0 0 0 0 0 0 0
1483 1392 1392 1392 1392 1392 1392 1446 1601 1556 1555 1555 1899 2991 2784 2819 2909 3227 3415 4770 5149 4927 30017 42151 33971 37366 46290 86645 123229 168095 151282 178582 0 280842 343313 412064 510361 423413 347225 169726 156418 153636 118670 114559 162115 720037 275429 106659 0 78309 81287 12242 7146 5131 3428 3279 2117 1084 0 0 0 0 0 0 0 0 0 104631 80446 0 0 0 0 0 0 0 0 0 0 0 1180 0 0 0 0 0 0 0 0 0 0 0 0 0 0 0
1449 1404 1404 1404 1404 1404 1406 1808 1914 1842 1787 2595 3259 3291 4549 11751 13672 6758 6370 6370 6370 9406 70010 46052 36059 34187 35586 40529 76774 86652 114605 176374 201616 287704 391306 462989 514060 519404 291177 248600 148136 128377 182670 441153 116136 112523 47648 21571 0 74972 15863 17644 7242 6484 9237 57866 1639 0 0 0 0 0 0 0 0 0 0 0 157954 88397 0 0 0 0 0 0 0 0 1697 0 0 0 0 0 0 0 0 0 0 0 0 0 0 0 0 0
1416 1416 1416 1416 1416 1416 1460 1885 1931 1931 1931 2110 3184 3319 5091 17661 16805 8831 12715 27807 45814 63036 113072 58067 45238 36887 83117 84638 88489 104324 169414 227518 235242 411144 599876 520744 462039 314688 295021 260674 128582 122456 144182 369199 109432 63625 58068 35561 46298 41868 86577 11948 5581 12605 18231 6228 0 0 0 0 0 0 0 0 0 0 0 101289 159314 159314 130105 0 0 0 0 0 0 0 0 0 0 0 0 0 0 0 0 0 0 0 0 0 0 0 0 0
1379 1428 1428 1428 1428 1428 1428 5667 9449 2555 2109 1947 2182 3291 4521 12066 18084 18488 30133 65763 90718 38452 75190 66872 47249 64972 167167 227364 337866 241164 120707 284188 467001 513962 2072491 506470 377177 1353070 161651 135659 90453 111940 106160 75996 71081 61400 39528 197206 27327 25163 13218 7146 5733 6575 4498 0 0 0 0 0 0 0 0 0 0 0 0 149734 160663 160663 160663 160663 154374 0 0 0 0 0 0 0 0 0 0 0 0 0 0 0 0 0 0 0 0 0 0 0
1302 1440 1440 1440 1440 5052 12567 7299 7783 6303 6257 3490 1963 2388 5606 6434 16349 26518 31367 34419 69180 61220 60255 65216 77598 109324 106645 131244 113828 72379 82797 374104 700974 489147 461917 375654 288993 187239 163272 106175 86700 77892 113566 137739 71743 73467 48509 359462 431483 28583 60765 12917 8519 0 0 0 0 0 0 0 0 0 0 0 0 0 79841 161999 161999 161999 161999 161999 161999 156859 87242 0 0 0 0 0 0 0 0 0 0 0 0 0 0 0 0 0 0 0 0 0
974 1452 1452 3252 6729 17800 19093 16956 6943 6354 6354 6697 9371 20778 22646 16873 16873 29964 33576 72998 143012 113993 127408 130372 142324 112005 91856 94615 152662 183972 316099 483777 464309 348724 703508 471692 346600 200737 147208 116390 68786 93957 270689 387655 179327 0 15752 0 0 0 0 0 0 0 0 0 0 0 0 0 0 0 0 0 98954 150019 155599 131165 163310 163323 162844 0 0 0 0 0 0 0 0 0 0 0 0 0 0 0 0 0 0 0 0 0 0 0 0 0
11679 11321 11617 13515 13625 15876 19246 19246 17756 11875 27786 37087 46595 76685 53167 36905 38608 68552 123653 133167 301507 315409 301615 189586 149597 208522 221695 688639 290688 383961 590910 891689 388396 258688 313495 348627 313785 216520 149004 110952 71301 105463 204457 256007 171937 0 0 0 0 0 0 0 0 0 0 0 0 0 0 0 0 0 0 0 122080 0 0 0 0 0 0 0 0 0 0 0 0 0 0 0 0 0 0 0 0 0 0 0 0 0 0 0 0 0 0 0
13031 13031 13205 13750 13732 13830 17411 19398 45940 95990 145015 161710 165048 174983 140610 128350 87580 109012 151227 145558 200909 281491 275621 259413 454678 358733 341042 748608 592460 580481 3720760 2055130 409459 178071 175186 303266 579807 182524 120473 103265 101300 171918 266236 161297 0 0 0 0 0 0 0 0 0 0 0 0 0 0 0 0 0 0 0 0 0 80476 0 0 0 0 0 0 0 0 0 0 0 0 0 0 0 0 0 0 0 0 0 0 0 0 0 0 0 0 0 0
110723 50754 53937 75064 75403 62353 55784 153686 142768 138687 326040 189278 176562 197408 154593 128210 103599 98361 137304 304801 273136 307331 368358 385664 431533 594500 1046316 631905 753624 1433129 1688168 1114227 202480 181570 195560 172460 162789 166196 130028 127847 108668 192035 268299 0 0 0 0 0 0 0 0 0 0 0 0 0 0 0 0 0 0 0 0 0 0 129439 0 0 0 0 0 0 0 0 0 0 0 0 0 0 0 0 0 0 0 0 0 0 0 0 0 0 0 0 0 0
68129 73027 177482 690580 601142 228682 251447 713252 329852 174403 265756 210930 257953 804718 426795 161903 225854 310749 294176 388947 297788 305743 406020 422034 563763 617444 0 0 1016782 912458 485100 254416 232241 168290 229079 180685 172084 173065 263497 176711 209972 336265 192200 0 0 0 0 0 0 0 0 0 0 0 0 0 0 0 0 0 0 0 0 0 257856 311857 277316 0 0 0 0 0 0 0 0 0 0 0 0 0 0 0 0 0 0 0 0 0 0 0 0 0 0 0 0 0
16227 16227 71563 89033 96883 171738 206369 120929 129373 322686 1017174 328458 290428 306703 296075 442537 2244077 1065996 770261 644034 631148 642819 450213 658706 369003 0 0 0 533227 651722 290517 315966 946132 377244 458532 344978 202758 325229 375803 332702 319404 0 0 0 0 0 0 0 0 0 0 0 0 0 0 0 0 0 0 0 0 0 0 0 256909 262921 270958 140675 0 0 0 0 0 0 0 0 0 0 0 0 0 0 0 0 0 0 0 0 0 0 0 0 0 0 0 0
14473 15824 70918 103754 92544 75185 84074 117455 151470 297750 483292 329350 266672 300051 397908 778869 4207253 2182451 1150866 1125558 2314461 1101831 769651 0 0 0 0 562894 684350 497731 315929 0 0 0 408825 501181 545740 489466 359735 0 0 0 0 0 0 0 0 0 0 0 0 0 0 0 0 0 0 0 0 0 0 0 0 0 231405 239380 220122 212012 0 0 0 0 0 0 0 0 0 0 0 0 0 0 0 0 0 0 0 0 0 0 0 0 0 0 0 0
11987 16028 31514 60624 87798 123813 187000 152307 269761 326305 284916 244541 188924 407821 653777 1360536 1385550 1261753 5147103 751837 566498 558974 0 0 0 0 0 787254 0 48388 0 0 0 0 0 1169861 928058 495861 278036 0 0 0 0 0 0 0 0 0 0 0 0 0 0 0 0 0 0 0 0 0 0 0 0 0 254167 236690 221711 181688 0 0 0 0 0 0 0 0 0 0 0 0 0 0 0 0 0 0 0 0 0 0 0 0 0 0 0 0
12384 19140 45214 107203 100809 120136 197656 136957 259688 452406 292110 310353 437065 1037101 1793150 1653098 1365512 919448 721086 0 0 0 0 0 0 0 0 0 0 0 0 0 0 0 773514 1304592 945646 400010 287145 272915 0 0 0 0 0 0 0 0 0 0 0 0 0 0 0 0 0 0 0 0 0 0 0 198259 323743 598786 550600 0 0 0 0 0 0 0 0 0 0 0 0 0 0 0 0 0 0 0 0 0 0 0 0 0 0 0 0 0
13289 23455 127246 135673 208556 236932 238308 198066 326831 416522 290263 506533 1743548 2322924 1763549 1261827 1176569 1246923 709848 0 0 0 0 0 0 0 0 0 0 0 0 0 0 0 553351 538915 494341 546800 473793 232076 212129 0 0 0 0 0 0 0 0 0 0 0 0 0 0 0 0 0 0 0 0 0 0 400842 364377 687766 205793 0 0 0 0 0 0 0 0 0 0 0 0 0 0 0 0 0 0 0 0 0 0 0 0 0 0 0 0 0
42648 79824 152985 236893 362744 399499 296827 382585 1339442 1421073 475901 658312 770278 1691006 1351492 1056773 1113405 1136927 1248063 815508 509282 298113 0 0 0 722511 0 0 0 0 0 0 0 0 0 0 0 4520080 5535549 431456 202300 169246 0 0 0 0 0 0 0 0 0 0 0 0 0 0 0 0 0 0 0 159566 458562 390555 376349 449088 0 0 0 0 0 0 0 0 0 0 0 0 0 0 0 0 0 0 0 0 0 0 0 0 0 0 0 0 0 0
84913 113278 152738 237995 292452 306932 278417 777331 777369 447201 200198 293874 866178 1427083 1220221 1175151 1259444 1080856 1175465 1201946 1059419 1060016 401516 0 1016624 985969 1222132 807497 975709 0 0 0 0 0 0 0 0 3318734 3003054 703491 272439 220696 0 0 0 0 0 0 0 0 0 0 0 0 0 0 0 0 0 0 203335 454384 431343 434287 400437 375720 0 0 0 0 0 0 0 0 0 0 0 0 0 0 0 0 0 0 0 0 0 0 0 0 0 0 0 0 0 0
72821 77317 147427 194132 164468 130129 213885 591325 234002 341549 330948 590291 1810616 1721205 1310634 1542907 1209431 1909759 1815678 1613959 1906132 1344350 1421871 1036977 1107194 1174326 578256 0 0 0 0 0 0 0 0 0 0 600116 875702 437195 405465 378692 270762 0 0 0 0 0 0 0 0 0 0 0 0 0 0 0 412321 512732 426388 619496 730261 746140 846151 0 0 0 0 0 0 0 0 0 0 0 0 0 0 0 0 0 0 0 0 0 0 0 0 0 0 0 0 0 0 0
93866 89531 87614 164881 118608 141261 551709 783578 129441 563913 1105447 764129 0 1786497 1660475 1675563 1345432 1486331 1567745 1347504 1085296 1199029 1264028 1278224 2033955 0 0 0 0 0 0 0 0 0 0 0 0 546171 1353633 447939 380704 420171 305922 0 0 0 0 0 0 0 38456 0 0 0 0 0 0 606535 513732 425669 408060 926039 2295883 1587753 1075180 0 0 0 0 0 0 0 0 0 0 0 0 0 0 0 0 0 0 0 0 0 0 0 0 0 0 0 0 0 0 0
296576 125438 135926 122820 216041 621316 978774 666793 241438 644997 616116 996408 1458826 1525458 1729193 1627539 1630689 1931272 1550376 1316422 1005763 0 1039356 861916 0 0 0 0 0 0 0 0 0 0 0 0 0 477459 619064 683534 568081 2492841 471993 0 0 0 0 0 0 0 0 0 0 0 0 0 525448 489358 481807 402441 464437 1242937 9425744 7501281 2205141 0 0 0 0 0 0 0 0 0 0 0 0 0 0 0 0 0 0 0 0 0 0 0 0 0 0 0 0 0 0 0
414239 402986 628325 700610 695906 936688 714752 423955 590093 968533 1725584 1991083 1271323 1564134 1696802 1709216 1712292 1705746 1607284 1296436 1644593 1483380 1148106 0 0 0 0 0 0 0 0 0 0 0 0 0 0 1621099 574309 721235 791575 1208732 0 0 0 0 0 0 0 269131 426974 587175 717855 1618223 1548180 1024918 673346 1658048 2052915 1302021 900960 968481 4176226 2309354 0 0 0 0 0 0 0 0 0 0 0 0 0 0 0 0 0 0 0 0 0 0 0 0 0 0 0 0 0 0 0 0
761747 997607 1392232 1072368 828806 746026 687778 691755 1919058 1888111 1724999 2512709 1726943 1511794 1598718 1656534 1622503 1747717 1562775 1779075 1713756 1378399 1111731 0 0 0 0 0 0 0 0 0 0 0 0 0 191354 484928 387289 0 0 0 0 0 0 0 0 145235 500086 754083 795760 675511 697857 0 0 4743388 836154 0 0 0 0 0 0 0 0 0 0 0 0 0 0 0 0 0 0 0 0 0 0 0 0 0 0 0 0 0 0 0 0 0 0 0 0 0 0 0
1261380 3359472 2374747 755023 469103 453064 389110 503073 836272 1318633 1670400 2137559 1603077 1756270 1830193 1804106 1614994 1627207 2343852 1701387 1453114 1514176 1408333 1138012 0 0 0 0 0 0 0 0 0 0 0 0 0 153973 0 0 0 0 0 0 0 0 523373 557980 527509 494775 0 612278 634309 0 2176305 1949060 680137 0 0 0 0 0 0 0 0 0 0 0 0 0 0 0 0 0 0 0 0 0 0 0 0 0 0 0 0 0 0 0 0 0 0 0 0 0 0 0
313552 484784 369430 411595 355421 274786 283690 343544 559636 870943 1970094 1957479 1896636 2087348 1971702 1512566 1446882 1590513 1155456 1270114 1410168 1677438 1693067 1706597 992365 0 0 0 0 0 0 0 0 0 0 0 0 0 0 0 0 0 0 0 0 2037014 0 0 0 510718 454294 372215 420009 0 255860 625895 0 0 0 0 0 0 0 0 0 0 0 0 0 0 0 0 0 0 0 0 0 0 0 0 0 0 0 0 0 0 0 0 0 0 0 0 0 0 0 0
189820 339179 246354 320995 326807 314434 460545 584567 1146971 1161876 1090467 1404634 1810958 2091671 2403882 1766458 1430393 1181714 1081256 1001430 795919 0 1415369 1759859 1504977 0 0 0 0 0 0 0 0 0 0 0 0 0 0 0 0 0 78546 514202 1059796 1691185 530757 0 114751 523214 0 0 0 0 0 0 0 0 0 0 0 0 0 0 0 0 0 0 0 0 0 0 0 0 0 0 0 0 0 0 0 0 0 0 0 0 0 0 0 0 0 0 0 0 0 0
368824 577104 402176 344819 393434 576142 437219 1021104 1565240 1362273 875307 726870 1132617 1435706 1869929 1958347 1636968 1819938 1695891 780850 667590 882088 0 1943393 1766905 1163109 0 0 0 0 0 0 0 0 0 0 0 0 0 0 0 0 0 0 0 641430 538848 331889 0 0 0 0 0 0 0 0 0 0 0 0 0 0 0 0 0 0 0 0 0 0 0 0 0 0 0 0 0 0 0 0 0 0 0 0 0 0 0 0 0 0 0 0 0 0 0 0
325143 274989 220597 279997 323287 326665 441046 834008 1420106 894953 563205 660326 994199 1036141 1139751 1204618 1037671 1024502 976124 850827 790380 3127016 1772636 2475631 2501735 2373755 1568841 0 0 0 0 0 0 0 0 0 0 0 0 0 0 0 0 0 406268 656104 422412 0 0 0 0 0 0 0 0 0 0 0 0 0 0 0 0 0 0 0 0 0 0 0 0 0 0 0 0 0 0 0 0 0 0 0 0 0 0 0 0 0 0 0 0 0 0 0 0 0
516567 355969 224574 277776 197080 151024 266487 420650 843716 671901 542575 776607 777589 750858 787730 715038 1039931 1148113 1900524 1018359 1036340 1520343 1277347 2220612 3396807 2281399 1563070 0 0 0 0 0 0 0 0 0 0 0 0 0 0 0 0 0 0 0 380946 0 0 0 0 0 0 0 0 0 0 0 0 0 0 0 0 0 0 0 0 0 0 0 0 0 0 0 0 0 0 0 0 0 0 0 0 0 0 0 0 0 0 0 0 0 0 0 0 0
884703 785077 530258 455070 321169 275205 334790 421922 599933 566834 576609 1333032 1153610 826680 736690 482179 475345 1074334 1264907 1253555 1712975 1044539 1035859 1276699 0 2469474 7664870 0 0 0 0 0 0 0 0 0 0 0 0 0 0 0 0 0 0 0 0 0 0 0 0 0 0 0 0 0 0 0 0 0 0 0 0 0 0 0 0 0 0 0 0 0 0 0 0 0 0 0 0 0 0 0 0 0 0 0 0 0 0 0 0 0 0 0 0 0
1215503 915102 599923 509073 419829 418295 863857 624940 726605 925623 1282323 1811840 3781429 1679298 1057849 720255 583904 1083353 1372814 1065707 763880 675765 591761 949670 1575059 1970546 1487550 0 0 0 0 0 0 0 0 0 0 0 0 0 0 0 0 0 0 0 0 0 0 0 0 0 0 0 0 0 0 0 0 0 0 0 0 0 0 0 0 0 0 0 0 0 0 0 0 0 0 0 0 0 0 0 0 0 0 0 0 0 0 0 0 0 0 0 0 0
592644 443050 458499 426049 316318 307702 556232 1035544 1352980 1141281 1324604 1162615 1184113 1520565 1334068 1203499 850190 896108 427013 387230 462089 434345 439178 939247 3029089 1192986 0 0 0 0 0 0 0 0 0 0 0 0 0 0 0 0 0 0 0 0 0 0 0 0 0 0 0 0 0 0 0 0 0 0 0 0 0 0 0 0 0 0 0 0 0 0 0 0 0 0 0 0 0 0 0 0 0 0 0 0 0 0 0 0 0 0 0 0 0 0
