meteoriteanalysis/data/pop/popcount/gpw_pop_counts_hd_1990a.asc
ncols 720 
nrows 360
xllcorner -180
yllcorner -90
cellsize .5
NODATA_value -99
[rows 180 to 239 of 360, columns 384 to 479 of 720]
3502 3788 4329 5312 6367 7070 8242 7878 7397 5234 2315 7954 150209 19366 16842 18236 23360 27002 27484 25617 24956 21137 17110 30434 18739 10932 10437 10437 10980 9598 5453 5601 46403 139126 142635 0 347614 194906 229612 556870 0 0 0 0 0 0 625991 364428 538346 332940 429016 587404 74482 12318 10074 43668 3073 2907 17210 39037 41338 0 0 0 0 0 0 0 0 0 0 0 0 0 0 0 0 0 0 0 0 0 0 0 0 0 0 0 0 0 0 0 0 0 0 0
7641 3852 3856 5541 3743 8059 11889 9235 8157 5682 4397 26969 32778 24231 17979 17326 14957 24611 27536 26392 25264 21700 19787 11969 11458 10758 10436 10436 11569 12893 13235 17266 22020 34138 209003 343168 543364 354393 254175 0 0 0 0 0 429853 1425152 630311 143923 190626 843923 958364 230747 91178 36765 11171 17016 3444 3118 15676 27101 0 0 0 0 0 0 0 0 0 0 0 0 0 0 0 0 0 0 0 0 0 0 0 0 0 0 0 0 0 0 0 0 0 0 0 0
7099 5049 20945 11077 4004 5430 9692 10440 7975 10497 22709 30454 28239 27941 21728 7962 5178 4709 10394 16440 25258 23127 20524 18018 12895 11433 10555 10689 12827 13249 16963 22016 22016 348335 348260 741237 510832 162454 194113 140382 0 0 0 0 352903 281403 72197 61848 100582 1995622 572578 262030 124171 43338 15925 15446 5819 8640 11323 10789 0 0 0 0 0 0 0 0 0 0 0 0 0 0 0 0 0 0 0 0 0 0 0 0 0 0 0 0 0 0 0 0 0 0 0 0
8054 8963 22208 16247 3514 4574 9573 12846 14162 23771 24999 25165 0 25486 25224 13123 4852 4702 4702 4729 19449 19613 20181 18429 15238 12449 10818 15608 15758 13762 13832 19827 42341 328388 0 1290455 1014084 173633 196385 0 0 0 0 228035 183946 65897 34348 40079 37051 48996 394113 297961 58570 26660 15321 14376 16054 24593 18419 0 0 0 0 0 0 0 0 0 0 0 0 0 0 0 0 0 0 0 0 0 0 0 0 0 0 0 0 0 0 0 0 0 0 0 0 0
6861 8716 4135 9594 8715 6597 4736 10053 37832 27999 17959 21206 28667 26856 23245 12600 7477 6834 4824 5327 9739 11347 11860 11425 12337 20401 19697 20829 20321 23422 22217 25763 141532 337389 631905 1118392 724867 339884 162133 97524 76997 0 0 229474 136189 32738 25236 16695 21172 33557 50035 143669 53427 20877 10486 21127 12909 38845 0 0 0 0 0 0 0 0 0 0 0 0 0 0 0 0 0 0 0 0 0 0 0 0 0 0 0 0 0 0 0 0 0 0 0 0 0 0
15805 13783 8837 6955 7898 4278 3729 4010 38037 30607 20031 44271 44665 46797 10632 7656 7656 7688 7778 8014 13012 11374 30696 21769 24792 26377 21723 20839 34674 41868 26284 26956 128867 763371 574452 1193548 721040 113711 78448 0 269655 353936 354569 185183 122646 113049 54306 16223 23327 34427 104561 62255 50385 22302 20858 92982 0 0 0 0 0 0 0 0 0 0 0 0 0 0 0 0 0 0 0 0 0 0 0 0 0 0 0 0 0 0 0 0 0 0 0 0 0 0 0 0
14325 15120 11548 9340 10310 5771 5108 4455 15456 15057 77682 61789 47717 41173 7660 7648 7648 7741 7796 7817 15443 16982 78401 63884 26349 23868 14408 15658 43273 44947 29992 48341 75929 267995 783569 1016620 465533 160761 71276 86075 158680 214031 242308 173755 108468 63792 28961 54823 30142 424076 453219 288016 82992 5914 63085 103688 0 0 0 0 0 0 0 0 0 0 0 0 0 0 0 0 0 0 0 0 0 0 0 0 0 0 0 0 0 0 0 0 0 0 0 0 0 0 0 0
32088 32182 15274 29979 27607 7074 258320 272296 14528 15029 30929 45269 49741 58070 37388 8627 7644 7745 8933 9152 16187 17580 71729 73776 26335 18963 8192 8195 45982 50015 27944 30008 71026 118430 0 579573 322428 37247 59130 87734 87734 108518 172121 170486 124141 78635 0 114203 38988 64083 95803 0 47273 43295 138356 0 0 0 0 0 0 0 0 0 0 0 0 0 0 0 0 0 0 0 0 0 0 0 0 0 0 0 0 0 0 0 0 0 0 0 0 0 0 0 0 0
45594 42721 61849 61093 47415 53377 3404399 558004 43796 41184 45761 58550 147382 163980 108051 78495 22875 29043 35979 36272 34920 23229 30248 31676 23808 24953 8252 8192 47068 52697 21881 23665 41701 69085 0 297971 146250 64262 43094 54175 69709 111138 127330 103322 124406 118260 117675 126241 71838 13158 13158 84013 143097 195335 147239 0 0 0 0 0 0 0 0 0 0 0 0 0 0 0 0 0 0 0 0 0 0 0 0 0 0 0 0 0 0 0 0 0 0 0 0 0 0 0 0 0
202967 103967 123553 61992 77838 75611 93284 66208 48049 49294 49166 93778 142147 179784 121918 87242 45995 37650 36772 36731 50296 38324 22100 19699 22049 20492 8435 19806 52462 49005 20187 20162 20162 50558 0 70669 105174 82994 36840 30902 30798 66773 78843 74906 109256 97402 95875 87472 60631 13149 13149 20908 235580 216334 93450 0 0 0 0 0 0 0 0 0 0 0 0 0 0 0 0 0 0 0 0 0 0 0 0 0 0 0 0 0 0 0 0 0 0 0 0 0 0 0 0 0
47343 202996 193183 90005 94261 159497 113203 86858 53392 49890 49588 101655 107965 138256 91961 86563 51472 37962 42944 55327 70253 48247 31335 21912 22775 26244 23894 23911 41064 49449 49449 29413 19093 32103 0 0 59971 69597 54381 30878 30800 29833 29811 31879 78911 94778 89012 86707 52895 13139 22296 60224 93830 148049 220593 0 0 0 0 0 0 0 0 0 0 0 0 0 0 0 0 0 0 0 0 0 0 0 0 0 0 0 0 0 0 0 0 0 0 0 0 0 0 0 0 0
35908 125045 248273 136334 63024 119747 93265 69774 50015 53571 46915 54650 66934 66683 67965 70371 56660 57008 47892 55951 227999 213789 123314 109641 42756 36085 23892 23892 36439 42709 30090 18343 23592 32482 20074 0 41676 19468 25121 25043 28913 29786 29786 29786 18979 27716 53882 108650 96262 32192 43201 68107 62473 53246 0 0 0 0 0 0 0 0 0 0 0 0 0 0 0 0 0 0 0 0 0 0 0 0 0 0 0 0 0 0 0 0 0 0 0 0 0 0 0 0 0 0
3572 13951 13961 13961 13961 19005 36772 36772 36772 41509 39666 22712 21584 33002 44713 69080 83022 83022 76719 71487 95844 86498 181728 882424 61810 45908 35988 27848 26351 25449 25534 22004 22715 32663 20699 0 65063 19450 19450 19450 21750 28408 29759 26509 16025 15350 63244 112114 105047 93694 84527 91559 62367 44006 0 0 0 0 0 0 0 0 0 0 0 0 0 0 0 0 0 0 0 0 0 0 0 0 0 0 0 0 0 0 0 0 0 0 0 0 0 0 0 0 0 0
0 9702 13947 14725 24302 34352 36736 36736 36736 37379 38819 36018 26378 18537 17029 35008 77815 79860 82758 72125 67452 72402 100482 164525 176293 95411 37405 32120 23081 19274 20461 19932 18620 29148 33751 0 0 21590 19430 19430 19430 25049 28316 15929 15335 18616 83307 111718 100182 88088 85888 94862 89338 94147 1544078 0 0 0 0 0 0 0 0 0 0 0 0 0 0 0 0 0 0 0 0 0 0 0 0 0 0 0 0 0 0 0 0 0 0 0 0 0 0 0 0 0
0 0 13932 19326 36696 36696 36696 36696 36106 35747 38043 38777 38194 16672 14954 7912 7669 45188 49630 47681 53734 53273 79520 95395 36763 22739 30445 32227 37012 20951 18704 18444 18417 27961 35394 32513 0 0 27186 19410 20143 21531 21540 18495 22753 51463 57915 63899 78203 83450 87778 94763 92959 81390 67365 0 0 0 0 0 0 0 0 0 0 0 0 0 0 0 0 0 0 0 0 0 0 0 0 0 0 0 0 0 0 0 0 0 0 0 0 0 0 0 0 0
0 0 11529 15142 25863 34417 37077 36654 30820 29423 31882 37973 21935 14373 13379 7660 7660 7660 7660 14125 35775 39901 67974 72299 24344 16173 16991 26576 55760 56288 54168 38459 18674 29243 29121 34371 19220 0 38291 49486 0 21515 21515 43973 70641 71939 57849 57848 57324 58411 75193 71980 47330 42661 27952 0 0 0 0 0 0 0 0 0 0 0 0 0 0 0 0 0 0 0 0 0 0 0 0 0 0 0 0 0 0 0 0 0 0 0 0 0 0 0 0 0
0 0 0 13440 16149 32201 41964 38338 29316 28818 28820 14935 8039 7651 7651 7651 7651 7651 7651 8266 11497 11497 11497 19063 21880 13833 13833 26789 45920 48949 36941 18917 20427 22733 29146 27947 25478 4708 64358 89139 91881 0 26375 76567 90350 87488 79063 71464 43525 28965 40350 15858 19643 34085 26194 0 0 0 0 0 0 0 0 0 0 0 0 0 0 0 0 0 0 0 0 0 0 0 0 0 0 0 0 0 0 0 0 0 0 0 0 0 0 0 0 0
0 0 0 211906 27085 43521 43521 33701 28781 28781 28781 11087 7641 7641 7641 7641 7641 7021 5846 7180 12332 11575 11554 17183 14091 13815 13815 41444 0 35949 13904 17387 22128 0 34633 0 14771 18413 29424 72820 107449 99501 68862 89932 91674 91401 76398 50549 21108 19673 16419 4622 4622 24131 31428 0 0 0 0 0 0 0 0 0 0 0 0 0 0 0 0 0 0 0 0 0 0 0 0 0 0 0 0 0 0 0 0 0 0 0 0 0 0 0 0 0
0 0 617135 13441 34888 43461 38335 30159 28741 28741 25910 9123 7630 7630 7630 7626 6630 5557 5503 8320 14151 14146 13767 14073 13961 13796 13798 41675 46119 13301 12082 16999 17290 0 27254 12283 13116 21394 23171 24139 42788 84384 137282 322405 117457 96044 92334 42252 19646 19646 14081 4616 4616 26016 37841 0 0 0 0 0 0 0 0 0 0 0 0 0 0 0 0 0 0 0 0 0 0 0 0 0 0 0 0 0 0 0 0 0 0 0 0 0 0 0 0 0
0 0 0 13385 21259 36578 32198 30596 29806 28699 27794 15588 8335 7619 7616 7064 5495 5495 5495 6459 13306 14520 14192 14581 15489 14942 15629 23449 24527 13927 12712 15188 18107 34008 25022 18716 12040 16124 23308 25646 23618 26615 66750 157645 39348 69817 55683 27885 27856 21511 6650 4609 4609 43913 92298 0 0 0 0 0 0 0 0 0 0 0 0 0 0 0 0 0 0 0 0 0 0 0 0 0 0 0 0 0 0 0 0 0 0 0 0 0 0 0 0 0
0 0 0 18174 19883 29988 32518 32518 31723 28674 28655 28655 19561 7111 6014 5487 5487 5487 5487 5487 10721 16686 16594 16686 37835 51124 39096 33036 21016 22788 17848 16889 17079 28961 31297 22684 17271 23397 25761 24813 16513 21641 31327 100459 0 62168 48679 31465 31465 27684 12525 13431 36934 79672 135240 134565 81545 0 0 0 0 0 0 0 0 0 0 0 0 0 0 0 0 0 0 0 0 0 0 0 0 0 0 0 0 0 0 0 0 0 0 0 0 0 0 0
0 0 0 15374 32466 32466 32466 32561 34482 36608 31732 28608 28608 12961 5478 5478 5478 5478 5478 4982 10163 16659 16307 16186 31254 51315 51177 0 26210 52223 39132 17051 17523 27327 26800 24287 21137 23839 21072 16315 13371 7876 21663 62215 0 87276 60130 31414 31414 30089 29881 35404 88628 108492 200498 188662 69210 0 0 0 0 0 0 0 0 0 0 0 0 0 0 0 0 0 0 0 0 0 0 0 0 0 0 0 0 0 0 0 0 0 0 0 0 0 0 0
0 0 0 0 32411 32411 32411 38782 45272 42295 41081 28972 28591 34656 14732 4959 4918 5287 4998 4435 6754 6246 5700 4427 21188 38150 37832 54093 55519 58416 53228 71283 28139 24521 24880 0 24465 15049 10087 15523 10282 7863 49343 127483 0 52206 79975 30091 31359 30754 29831 26307 67340 67837 48265 38816 49286 0 0 0 0 0 0 0 0 0 0 0 0 0 0 0 0 0 0 0 0 0 0 0 0 0 0 0 0 0 0 0 0 0 0 0 0 0 0 0
0 0 0 0 35203 32852 54287 124267 111042 45503 42148 39073 41228 37605 6711 4284 4284 4284 4284 4284 4284 4284 4284 4366 10859 10953 15944 39627 52518 55108 389045 327485 25092 23882 24527 27118 20303 8240 8240 9539 8217 7867 67060 128905 0 0 29981 11935 13645 11878 11891 6020 5031 22190 21946 59086 68398 0 0 0 0 0 200361 0 0 0 0 0 0 0 0 0 0 0 0 0 0 0 0 0 0 0 0 0 0 0 0 0 0 0 0 0 0 0 0 0
0 0 0 33971 44390 42492 114893 124230 110631 43026 42142 42142 41271 17677 4276 4276 4276 4276 4276 4276 4276 4276 4276 4338 10524 10937 11128 11172 11172 11204 49350 145201 78954 16663 22525 17715 10534 8260 8225 8225 16764 30877 66052 125652 0 0 16221 8668 3092 2243 1509 2588 14418 23331 18994 24852 44160 0 0 0 0 0 0 0 0 0 0 0 0 0 0 0 0 0 63860 0 0 0 0 0 0 0 0 0 0 0 0 0 0 0 0 0 0 0 0 0
0 0 33562 44305 44305 65944 123124 123990 112008 42617 42061 42061 24758 4267 4267 4267 4267 4267 4267 4267 4267 4268 4302 4983 10440 10839 9924 9964 10121 12389 19467 136080 608531 153122 15306 14134 12230 10165 8366 9106 31293 37203 133711 151587 0 11252 13432 7075 4666 3635 5580 7460 22901 23663 19789 24333 93138 0 0 0 0 0 0 0 0 0 0 0 0 0 0 0 0 0 39120 0 0 0 0 0 0 0 0 0 0 0 0 0 0 0 0 0 0 0 0 0
0 25349 44216 44216 44216 51475 109818 120047 101671 45303 41976 40990 7983 4259 4259 4259 4259 4259 4259 4259 10308 10344 10362 10386 10397 5093 2542 4808 5472 10044 19137 19544 107098 124032 14698 13664 12206 12206 12299 46372 65144 76792 174216 206733 0 0 54679 30707 3558 3966 7389 7544 35518 32517 58094 65103 112170 0 0 0 0 0 0 0 0 0 0 0 0 0 0 0 0 38059 36479 31211 0 0 0 0 0 0 0 0 0 0 0 0 0 0 0 0 0 0 0 0
0 9863 16762 37787 39026 32658 36349 50796 30072 41137 41888 28389 2779 3913 4250 4250 4250 4250 4250 4250 9216 9992 10326 10340 9582 3099 2492 4471 5461 9656 21615 21682 20560 16598 12974 12901 14769 16570 33635 64024 73140 147148 402627 398619 293030 0 80564 28420 7496 7187 10561 10653 33812 57719 77314 115385 121497 0 0 0 0 0 0 0 0 0 0 0 0 0 0 0 42878 46299 28394 64655 0 0 0 0 0 0 0 0 0 0 0 0 0 0 0 0 0 0 0 0
0 5259 5259 23215 29745 29745 29745 29745 28921 2369 16898 1866 1758 2476 3331 4010 4241 4241 4241 4241 11812 9814 8451 8386 8339 10242 3204 3081 5171 8232 22837 24031 92736 24988 12946 12946 28499 37974 39986 74980 60864 32266 132852 504998 416091 0 0 79312 37082 12071 12810 27072 0 41688 54011 94523 119285 0 0 0 0 0 0 0 0 0 0 0 0 0 0 6534 20236 25444 28916 83632 65415 0 0 0 0 0 0 0 0 0 0 0 0 0 0 0 0 0 0 0
2540 5247 9097 27168 29678 29678 29678 29678 29678 6704 1754 1754 1754 1754 1754 2322 3985 4167 4231 4231 15251 14615 19585 20414 13708 13643 11540 14340 13265 16364 20318 23963 84883 24314 16355 23178 34594 25963 17613 9419 8638 12521 12470 36897 173587 357996 0 261027 56423 57166 56760 57031 56685 41887 48105 86570 172608 190354 0 0 0 0 0 0 0 0 0 0 0 0 0 18656 48480 38282 53827 91360 43032 0 0 0 0 0 0 0 0 0 0 0 0 0 0 0 0 0 0 0
4351 5235 13671 29516 29609 29609 29609 26132 21746 8694 1838 1749 1749 1749 1749 1749 1750 1787 3139 4225 15219 18622 37412 36903 16387 13769 13766 14235 14448 14862 16229 21928 820415 31608 33970 25896 9703 6777 6959 8147 8107 10387 17011 16435 71646 317224 443504 215514 61045 125392 107393 65544 63458 88514 387350 101063 111441 0 0 0 0 0 0 0 0 0 0 0 0 0 15620 36089 37815 55255 28992 78883 80073 0 0 0 0 0 0 0 0 0 0 0 0 0 0 0 0 0 0 0
5186 5222 5222 26683 28884 24483 23045 8015 7990 7990 5060 1745 1745 1745 1745 1745 1745 1745 1775 3589 15056 13569 13258 26106 11095 8740 12547 11203 11203 11203 40011 57993 160802 35261 32370 29017 30776 9324 6368 7226 9405 18907 22620 27209 82462 514379 784025 435906 81551 116664 99853 81766 45703 86166 131283 132064 48237 0 0 0 0 0 0 0 0 0 0 0 115076 23942 27981 49476 33424 68031 40084 18864 0 0 0 0 0 0 0 0 0 0 0 0 0 0 0 0 0 0 0 0
5209 5209 5760 19238 11167 7970 8642 7970 7970 7970 6742 1741 1741 1741 1741 1741 1741 1741 1741 1943 11576 12112 12112 12112 7816 6225 9711 11797 11931 32063 101019 80566 34334 39433 34388 35977 46016 50929 48945 57289 28200 24069 27375 110867 55841 236413 496806 153627 76561 74099 92592 87813 39820 52169 175239 195162 0 0 0 0 0 0 0 0 0 4949 9656 15437 28747 73669 42491 33475 19491 34077 40171 37602 0 0 0 0 0 0 0 0 0 0 0 0 0 0 0 0 0 0 0 0
5196 5189 6456 7950 7950 7950 7950 7950 7950 7950 4943 1736 1736 1736 1736 1736 1736 1736 1736 1736 4061 11501 12081 9486 6209 6211 10617 13108 13116 36202 58743 16774 10959 0 32691 35923 43330 61799 90391 101498 87673 57624 23415 15542 27023 81940 173178 59474 63295 67158 70622 110428 41067 41648 94835 0 0 0 0 0 0 0 0 0 0 8044 8948 11205 17235 46206 19926 16603 12549 19177 59049 29125 0 0 0 0 0 0 0 0 0 0 0 0 0 0 0 0 0 0 0 0
2864 2307 1319 5009 12583 13116 13511 13433 13351 13268 10901 8374 2887 1732 1732 1732 1732 1732 1732 1732 1732 3907 9652 6220 6382 6211 12076 13109 19280 13824 47888 12682 24062 42227 41982 36675 104786 114614 136246 93162 83525 69706 18895 12290 20160 34138 84882 55626 62040 120718 143072 107328 23905 0 0 0 0 0 0 0 0 0 0 0 7323 5225 5924 3948 8339 15307 13095 14035 69853 97790 181160 0 0 0 0 0 0 0 0 0 0 0 0 0 0 0 0 0 0 0 0 0
1273 1273 1273 1273 23222 33311 33311 33311 33311 33311 33311 33311 7652 5059 3566 3153 2920 1881 2110 2104 3050 4355 8747 15346 16561 13385 11241 64559 26913 20166 26399 18821 48259 57910 59585 53608 93880 360780 893984 124519 94976 66373 24931 2878 12820 38869 47808 34211 28159 308433 106515 0 0 0 0 0 0 0 0 0 0 0 0 0 7735 6418 7259 8035 13160 16757 18775 31627 88321 104345 129318 0 0 0 0 0 0 0 0 0 0 0 0 0 0 0 0 0 0 0 0 0
1260 1269 1269 1269 7139 33029 33216 33216 33211 32251 33216 33216 7631 7516 7516 7516 7516 7398 5746 5260 4313 3382 4222 12583 3247 2234 3179 11978 12367 12953 17675 22710 56096 57746 61332 66252 92908 222096 234417 104566 93559 79441 36422 7865 18632 20797 10134 35661 86680 111454 0 0 0 0 0 0 0 0 0 0 0 0 0 0 19471 7015 5933 16480 15185 22362 44330 74403 81021 32976 145926 0 0 0 0 0 0 0 0 0 0 0 0 0 0 0 0 0 0 0 0 0
0 1266 1266 1266 1261 9023 8435 4489 1171 3407 11214 16576 5922 5833 6782 7494 7494 7477 2775 2775 2775 2775 2304 1980 1841 1840 1840 5806 12331 12331 13451 29927 44565 62302 78091 77596 69120 79589 57731 77047 117486 138138 73802 39580 28849 10711 5794 19110 51226 0 0 0 0 0 0 0 0 0 0 0 0 0 0 0 5128 7390 10258 54120 40243 113098 358092 1036713 54242 57917 0 0 0 0 0 0 0 0 0 0 0 0 0 0 0 0 0 0 0 0 0 0
0 900 1497 1770 1437 940 939 891 1535 4446 4252 4823 3562 3520 3332 3156 3094 3009 2767 2767 2767 2223 2068 2012 2012 2118 7709 7790 11769 14431 25671 33345 26850 41788 81493 90816 58704 54937 75105 100012 154484 122219 52940 199580 76507 39914 5629 0 0 0 0 0 0 0 0 0 0 0 0 0 0 0 0 0 0 15382 8260 15898 80556 155074 290228 228222 41381 75786 0 0 0 0 0 0 0 0 0 0 0 0 0 0 0 0 0 0 0 0 0 0
0 0 1485 2012 2008 1195 937 937 937 2450 3509 3516 3504 3429 769 589 590 601 2758 2758 2758 2084 2006 2006 2006 2112 7703 7556 8626 23239 38127 35865 25878 19459 37545 78160 64598 74592 80656 87484 117914 86709 31832 40014 61498 486767 0 0 0 0 0 0 0 0 0 0 0 0 0 0 0 0 0 0 0 14811 0 25555 65547 141612 430717 146080 67498 108696 0 0 0 0 0 0 0 0 0 0 0 0 0 0 0 0 0 0 0 0 0 0
0 0 0 1859 2006 1928 1238 973 1775 3185 3362 3434 3387 3293 2618 1509 1428 1436 2749 2749 2744 2123 2000 1915 1632 3405 5625 5066 6432 7809 22313 36077 200514 484161 35158 54979 109487 99170 133706 102531 111535 128345 39896 31374 50109 0 0 0 0 0 0 0 0 0 0 0 0 0 0 0 0 0 0 0 0 27522 16864 16569 14353 74064 181139 81814 83671 0 0 0 0 0 0 0 0 0 0 0 0 0 0 0 0 0 0 742291 0 0 0 0
0 0 0 1468 1999 1999 1996 2506 3166 3179 3187 3300 3356 1935 1424 1424 1424 1431 2720 2734 2507 2092 1536 1080 1233 3506 385 2460 5541 7653 30252 44133 50132 50326 29973 79280 97817 93336 81826 49599 107877 49144 18582 19529 31982 24255 0 0 0 0 0 0 0 0 0 0 0 0 0 0 0 0 0 0 10177 8790 7076 7978 8837 81039 148826 103483 109535 0 0 0 0 0 0 0 0 0 0 0 0 0 0 0 0 0 0 0 0 0 0 0
0 0 0 804 1799 1992 2015 2378 2528 3082 3162 3159 2708 1742 1526 1419 1419 1416 654 654 653 561 147 44 893 1101 1037 1031 4473 6583 16528 48951 49611 45579 32234 30932 24812 22156 25349 30036 48929 11476 12133 11117 19386 19622 0 0 0 0 0 0 0 0 0 0 0 0 0 0 0 0 0 7179 15547 10181 6674 4722 14019 85635 208906 75173 62174 0 0 0 0 0 0 0 0 0 0 0 0 0 0 0 0 0 0 0 0 0 0 0
0 0 0 0 1253 1959 2010 2333 2447 3144 3208 6687 3463 1915 1857 1800 1416 1414 652 651 651 629 415 177 669 1066 1101 2448 5993 6296 9072 15579 19856 26239 24597 17787 18296 20911 26742 26804 7548 4598 6028 6771 7429 19829 17158 0 0 0 0 0 0 0 0 0 0 0 0 0 0 0 0 38541 9781 11201 13453 6905 19818 142737 248861 82003 0 0 0 0 0 0 0 0 0 0 0 0 0 0 0 0 0 0 0 0 0 0 0 0
0 0 0 0 367 1566 2057 2278 3119 7029 9851 12733 3255 1909 1909 1908 653 654 649 649 649 649 641 622 649 767 3849 6237 6274 6884 14668 15563 13727 15316 11068 12218 22637 42029 27874 7533 4336 2573 3329 6692 11914 53506 44037 0 0 0 0 0 0 0 0 0 0 0 0 0 0 0 10302 24543 16226 15669 9764 8785 29046 43483 57158 155133 0 0 0 0 0 0 0 0 0 0 0 0 0 0 0 0 0 0 0 0 0 0 0 0
0 0 0 0 0 12084 1483 2907 11451 12799 11580 12543 8079 1902 1902 1902 647 647 647 647 647 647 647 647 647 647 3622 9508 11253 15062 17918 18271 13126 43446 8791 14396 123207 194039 5829 4285 4308 3515 2719 5838 9455 58479 65508 0 0 0 0 0 0 0 0 0 0 0 0 0 0 0 0 48666 28944 11532 9679 15627 16333 18296 60158 0 0 0 0 0 0 0 0 0 0 0 0 0 0 0 0 0 0 0 0 0 0 0 0 0
0 0 0 0 0 9676 1215 4996 12853 8487 6908 12141 11042 1904 1646 1399 656 656 656 656 656 800 3924 4112 4088 4073 9944 21462 22970 20889 17469 28109 53586 136975 71862 97271 332864 226223 9517 4749 0 6924 3702 3100 5587 29167 81675 0 0 0 0 0 0 0 0 0 0 0 0 0 0 0 0 110072 29547 13896 9677 17328 23337 12760 68699 0 0 0 0 0 0 0 0 0 0 0 0 0 0 0 0 0 0 0 0 0 0 0 0 0
0 0 0 0 0 1199 1210 5249 10301 6601 6378 4273 2764 1634 1518 1411 672 672 672 672 672 786 9063 9944 9944 9944 15257 19348 21192 21006 8671 7490 22193 208597 152991 111886 191091 143628 55565 7157 7602 7375 20352 19697 11686 35216 217827 0 0 0 0 0 0 0 0 0 0 0 0 0 0 0 0 29440 41372 51977 24778 25246 21711 14746 46877 0 0 0 0 0 0 0 0 0 0 0 0 0 0 0 0 0 0 0 0 0 0 0 0 0
0 0 0 0 0 1121 1206 752 1416 3324 2770 1661 1451 1451 1451 1451 326 581 669 669 669 669 12127 12335 11145 10090 11916 18820 20070 15633 9998 12124 12578 33304 76038 221826 237328 88640 10268 6965 11463 63609 40219 80059 28196 41284 84164 0 0 0 0 0 0 0 0 0 0 0 0 0 0 0 0 0 23243 40504 42915 34017 17127 24795 25927 0 0 0 0 0 0 0 0 0 0 0 0 0 0 0 0 0 0 0 0 0 0 0 0 0
0 0 0 0 0 653 1201 738 459 376 1005 1585 1512 1444 1444 1444 978 14 185 436 760 894 9307 10201 13450 15765 13052 116888 41318 36025 16635 32858 17084 120327 84436 257571 88494 81074 328490 18412 15976 64552 127475 152497 129174 0 0 0 0 0 0 0 0 0 0 0 0 0 0 0 0 0 0 0 25302 35038 49539 34185 48391 56485 41282 0 0 0 0 0 0 0 0 0 0 0 0 0 0 0 0 0 0 0 0 0 0 0 0 0
0 0 0 0 0 296 899 730 457 439 1229 1815 1955 1462 1438 1440 5894 504 10 159 1187 1904 4069 2192 8064 15335 16313 117012 31203 70863 147001 380196 462987 299911 145842 74596 17200 27777 270926 20497 19895 100526 130023 0 0 0 0 0 0 0 0 0 0 0 0 0 0 0 0 0 0 0 0 0 0 17020 37650 72620 0 0 0 0 0 0 0 0 0 0 0 0 0 0 0 0 0 0 0 0 0 0 0 0 0 0 0 0
0 0 0 0 0 220 896 872 666 413 954 1894 1983 1616 1537 1525 6334 2997 63 1305 1605 4128 8197 8066 7504 62583 80535 67060 17414 23358 193399 360106 928141 69149 99016 42566 18821 55217 139662 280213 73002 1015313 0 0 0 0 0 0 0 0 0 0 0 0 0 0 0 0 0 0 0 0 0 0 0 0 0 0 0 0 0 0 0 0 0 0 0 0 0 0 0 0 0 0 0 0 0 0 0 0 0 0 0 0 0 0
0 0 0 0 0 0 846 892 892 497 560 1896 1931 1640 1546 1557 6307 3414 976 1598 2106 9711 26024 17649 8452 9243 81217 95045 34123 24797 234078 1491432 2343833 203479 113587 41027 25441 142435 158383 98660 82635 0 0 0 0 0 0 0 0 0 0 0 0 0 0 0 0 0 0 0 0 0 0 0 0 0 0 0 0 0 0 0 0 0 0 0 0 0 0 0 0 0 0 0 0 0 0 0 0 0 0 0 0 0 0 0
0 0 0 0 0 0 631 888 888 569 397 1213 1585 1540 1540 1555 5749 3936 2939 2541 3545 7039 30106 24572 10557 7480 24610 28860 132676 158702 111277 501126 257013 52981 62790 38677 33396 69704 144456 79493 47008 26430 0 0 0 0 0 0 0 0 0 0 0 0 0 0 0 0 0 0 0 0 0 0 0 0 0 0 0 0 0 0 0 0 0 0 0 0 0 0 0 0 0 0 0 0 0 0 0 0 0 0 0 0 0 0
0 0 0 0 0 0 0 884 884 738 395 1112 1533 1239 1219 1328 6252 6252 6151 5038 7584 5093 21793 30108 7489 44656 23874 27338 52305 59579 41024 35404 27545 25203 23563 34968 26905 49341 148672 139610 92742 0 0 0 0 0 0 0 0 0 0 0 0 0 0 0 0 0 0 0 0 0 0 0 0 0 0 0 0 0 0 0 0 0 0 0 0 0 0 0 0 0 0 0 0 0 0 0 0 0 0 0 0 0 0 0
0 0 0 0 0 0 0 745 880 854 636 806 872 797 787 815 6223 6223 6223 6566 8102 7554 4495 7286 27711 119241 22054 18199 31033 228976 59342 35579 27556 21879 17611 41639 299961 50733 44345 115400 59559 0 0 0 0 0 0 0 0 0 0 0 0 0 0 0 0 0 0 0 0 0 0 0 0 0 0 0 0 0 0 0 0 0 0 0 0 0 0 0 0 0 0 0 0 0 0 0 0 0 0 0 0 0 0 0
0 0 0 0 0 0 0 0 750 1972 2539 784 784 784 784 813 6077 6195 6195 6158 7131 8025 7825 9556 14911 32935 7852 14382 24497 193223 29021 27083 46086 156119 23789 75568 74719 179326 91092 183837 124412 0 0 0 0 0 0 0 0 0 0 0 0 0 0 0 0 0 0 0 0 0 0 0 0 0 0 0 0 0 0 0 0 0 0 0 0 0 0 0 0 0 0 0 0 0 0 0 0 0 0 0 0 0 0 0
0 0 0 0 0 0 0 0 0 3485 3871 2425 1522 1734 980 805 2515 4692 3281 3140 3991 3204 3154 7521 86285 73418 7638 27075 35160 22699 24599 71395 151030 294601 129270 75100 180426 155128 168809 270579 0 0 0 0 0 0 0 0 0 0 0 0 0 0 0 0 0 0 0 0 0 0 0 0 0 0 0 0 0 0 0 0 0 0 0 0 0 0 0 0 0 0 0 0 0 0 0 0 0 0 0 0 0 0 0 0
0 0 0 0 0 0 0 0 0 0 4128 4128 4128 4128 2240 802 802 801 802 1485 3803 2824 3892 6904 9771 14545 9047 71083 109753 263203 47145 243265 204782 97127 47417 74790 83878 233561 228715 0 0 0 0 0 0 0 0 0 0 0 0 0 0 0 0 0 0 0 0 0 0 0 0 0 0 0 0 0 0 0 0 0 0 0 0 0 0 0 0 0 0 0 0 0 0 0 0 0 0 0 0 0 0 0 0 0
0 0 0 0 0 0 0 0 0 0 3580 4108 4108 4108 2294 1102 833 608 724 1972 4427 4377 4462 4645 5356 5327 5683 8723 8746 12624 153864 226512 138675 73265 37275 130835 399354 1819013 0 0 0 0 0 0 0 0 0 0 0 0 0 0 0 0 0 0 0 0 0 0 0 0 0 0 0 0 0 0 0 0 0 0 0 0 0 0 0 0 0 0 0 0 0 0 0 0 0 0 0 0 0 0 0 0 0 0
