meteoriteanalysis/data/pop/popcount/gpw_pop_counts_hd_1990a.asc
ncols 720 
nrows 360
xllcorner -180
yllcorner -90
cellsize .5
NODATA_value -99
[rows 0 to 59 of 360, columns 480 to 575 of 720]
-99 -99 -99 -99 -99 -99 -99 -99 -99 -99 -99 -99 -99 -99 -99 -99 -99 -99 -99 -99 -99 -99 -99 -99 -99 -99 -99 -99 -99 -99 -99 -99 -99 -99 -99 -99 -99 -99 -99 -99 -99 -99 -99 -99 -99 -99 -99 -99 -99 -99 -99 -99 -99 -99 -99 -99 -99 -99 -99 -99 -99 -99 -99 -99 -99 -99 -99 -99 -99 -99 -99 -99 -99 -99 -99 -99 -99 -99 -99 -99 -99 -99 -99 -99 -99 -99 -99 -99 -99 -99 -99 -99 -99 -99 -99 -99
-99 -99 -99 -99 -99 -99 -99 -99 -99 -99 -99 -99 -99 -99 -99 -99 -99 -99 -99 -99 -99 -99 -99 -99 -99 -99 -99 -99 -99 -99 -99 -99 -99 -99 -99 -99 -99 -99 -99 -99 -99 -99 -99 -99 -99 -99 -99 -99 -99 -99 -99 -99 -99 -99 -99 -99 -99 -99 -99 -99 -99 -99 -99 -99 -99 -99 -99 -99 -99 -99 -99 -99 -99 -99 -99 -99 -99 -99 -99 -99 -99 -99 -99 -99 -99 -99 -99 -99 -99 -99 -99 -99 -99 -99 -99 -99
-99 -99 -99 -99 -99 -99 -99 -99 -99 -99 -99 -99 -99 -99 -99 -99 -99 -99 -99 -99 -99 -99 -99 -99 -99 -99 -99 -99 -99 -99 -99 -99 -99 -99 -99 -99 -99 -99 -99 -99 -99 -99 -99 -99 -99 -99 -99 -99 -99 -99 -99 -99 -99 -99 -99 -99 -99 -99 -99 -99 -99 -99 -99 -99 -99 -99 -99 -99 -99 -99 -99 -99 -99 -99 -99 -99 -99 -99 -99 -99 -99 -99 -99 -99 -99 -99 -99 -99 -99 -99 -99 -99 -99 -99 -99 -99
-99 -99 -99 -99 -99 -99 -99 -99 -99 -99 -99 -99 -99 -99 -99 -99 -99 -99 -99 -99 -99 -99 -99 -99 -99 -99 -99 -99 -99 -99 -99 -99 -99 -99 -99 -99 -99 -99 -99 -99 -99 -99 -99 -99 -99 -99 -99 -99 -99 -99 -99 -99 -99 -99 -99 -99 -99 -99 -99 -99 -99 -99 -99 -99 -99 -99 -99 -99 -99 -99 -99 -99 -99 -99 -99 -99 -99 -99 -99 -99 -99 -99 -99 -99 -99 -99 -99 -99 -99 -99 -99 -99 -99 -99 -99 -99
-99 -99 -99 -99 -99 -99 -99 -99 -99 -99 -99 -99 -99 -99 -99 -99 -99 -99 -99 -99 -99 -99 -99 -99 -99 -99 -99 -99 -99 -99 -99 -99 -99 -99 -99 -99 -99 -99 -99 -99 -99 -99 -99 -99 -99 -99 -99 -99 -99 -99 -99 -99 -99 -99 -99 -99 -99 -99 -99 -99 -99 -99 -99 -99 -99 -99 -99 -99 -99 -99 -99 -99 -99 -99 -99 -99 -99 -99 -99 -99 -99 -99 -99 -99 -99 -99 -99 -99 -99 -99 -99 -99 -99 -99 -99 -99
-99 -99 -99 -99 -99 -99 -99 -99 -99 -99 -99 -99 -99 -99 -99 -99 -99 -99 -99 -99 -99 -99 -99 -99 -99 -99 -99 -99 -99 -99 -99 -99 -99 -99 -99 -99 -99 -99 -99 -99 -99 -99 -99 -99 -99 -99 -99 -99 -99 -99 -99 -99 -99 -99 -99 -99 -99 -99 -99 -99 -99 -99 -99 -99 -99 -99 -99 -99 -99 -99 -99 -99 -99 -99 -99 -99 -99 -99 -99 -99 -99 -99 -99 -99 -99 -99 -99 -99 -99 -99 -99 -99 -99 -99 -99 -99
-99 -99 -99 -99 -99 -99 -99 -99 -99 -99 -99 -99 -99 -99 -99 -99 -99 -99 -99 -99 -99 -99 -99 -99 -99 -99 -99 -99 -99 -99 -99 -99 -99 -99 -99 -99 -99 -99 -99 -99 -99 -99 -99 -99 -99 -99 -99 -99 -99 -99 -99 -99 -99 -99 -99 -99 -99 -99 -99 -99 -99 -99 -99 -99 -99 -99 -99 -99 -99 -99 -99 -99 -99 -99 -99 -99 -99 -99 -99 -99 -99 -99 -99 -99 -99 -99 -99 -99 -99 -99 -99 -99 -99 -99 -99 -99
-99 -99 -99 -99 -99 -99 -99 -99 -99 -99 -99 -99 -99 -99 -99 -99 -99 -99 -99 -99 -99 -99 -99 -99 -99 -99 -99 -99 -99 -99 -99 -99 -99 -99 -99 -99 -99 -99 -99 -99 -99 -99 -99 -99 -99 -99 -99 -99 -99 -99 -99 -99 -99 -99 -99 -99 -99 -99 -99 -99 -99 -99 -99 -99 -99 -99 -99 -99 -99 -99 -99 -99 -99 -99 -99 -99 -99 -99 -99 -99 -99 -99 -99 -99 -99 -99 -99 -99 -99 -99 -99 -99 -99 -99 -99 -99
-99 -99 -99 -99 -99 -99 -99 -99 -99 -99 -99 -99 -99 -99 -99 -99 -99 -99 -99 -99 -99 -99 -99 -99 -99 -99 -99 -99 -99 -99 -99 -99 -99 -99 -99 -99 -99 -99 -99 -99 -99 -99 -99 -99 -99 -99 -99 -99 -99 -99 -99 -99 -99 -99 -99 -99 -99 -99 -99 -99 -99 -99 -99 -99 -99 -99 -99 -99 -99 -99 -99 -99 -99 -99 -99 -99 -99 -99 -99 -99 -99 -99 -99 -99 -99 -99 -99 -99 -99 -99 -99 -99 -99 -99 -99 -99
-99 -99 -99 -99 -99 -99 -99 -99 -99 -99 -99 -99 -99 -99 -99 -99 -99 -99 -99 -99 -99 -99 -99 -99 -99 -99 -99 -99 -99 -99 -99 -99 -99 -99 -99 -99 -99 -99 -99 -99 -99 -99 -99 -99 -99 -99 -99 -99 -99 -99 -99 -99 -99 -99 -99 -99 -99 -99 -99 -99 -99 -99 -99 -99 -99 -99 -99 -99 -99 -99 -99 -99 -99 -99 -99 -99 -99 -99 -99 -99 -99 -99 -99 -99 -99 -99 -99 -99 -99 -99 -99 -99 -99 -99 -99 -99
0 0 0 0 0 0 0 0 0 0 0 0 0 0 0 0 0 0 0 0 0 0 0 0 0 0 0 0 0 0 0 0 0 0 0 0 0 0 0 0 0 0 0 0 0 0 0 0 0 0 0 0 0 0 0 0 0 0 0 0 0 0 0 0 0 0 0 0 0 0 0 0 0 0 0 0 0 0 0 0 0 0 0 0 0 0 0 0 0 0 0 0 0 0 0 0
0 0 0 0 0 0 0 0 0 0 0 0 0 0 0 0 0 0 0 0 0 0 0 0 0 0 0 0 0 0 0 0 0 0 0 0 0 0 0 0 0 0 0 0 0 0 0 0 0 0 0 0 0 0 0 0 0 0 0 0 0 0 0 0 0 0 0 0 0 0 0 0 0 0 0 0 0 0 0 0 0 0 0 0 0 0 0 0 0 0 0 0 0 0 0 0
0 0 0 0 0 0 0 0 0 0 0 0 0 0 0 0 0 0 0 0 0 0 0 0 0 0 0 0 0 0 0 0 0 0 0 0 0 0 0 0 0 0 0 0 0 0 0 0 0 0 0 0 0 0 0 0 0 0 0 0 0 0 0 0 0 0 0 0 0 0 0 0 0 0 0 0 0 0 0 0 0 0 0 0 0 0 0 0 0 0 0 0 0 0 0 0
0 0 0 0 0 0 0 0 0 0 0 0 0 0 0 0 0 0 0 0 0 0 0 0 0 0 0 0 0 0 0 0 0 0 0 0 0 0 0 0 0 0 0 0 0 0 0 0 0 0 0 0 0 0 0 0 0 0 0 0 0 0 0 0 0 0 0 0 0 0 0 0 0 0 0 0 0 0 0 0 0 0 0 0 0 0 0 0 0 0 0 0 0 0 0 0
0 0 0 0 0 0 0 0 0 0 0 0 0 0 0 0 0 0 0 0 0 0 0 0 0 0 0 0 0 0 0 0 0 0 0 0 0 0 0 0 0 0 0 0 0 0 0 0 0 0 0 0 0 0 0 0 0 0 0 0 0 0 0 0 0 0 0 0 0 0 0 0 0 0 0 0 0 0 0 0 0 0 0 0 0 0 0 0 0 0 0 0 0 0 0 0
0 0 0 0 0 0 0 0 0 0 0 0 0 0 0 0 0 0 0 0 0 0 0 0 0 0 0 0 0 0 0 0 0 0 0 0 0 0 0 0 0 0 0 0 0 0 0 0 0 0 0 0 0 0 0 0 0 0 0 0 0 0 0 0 0 0 0 0 0 0 0 0 0 0 0 0 0 0 0 0 0 0 0 0 0 0 0 0 0 0 0 0 0 0 0 0
0 0 0 0 0 8 11 0 0 0 0 0 0 0 0 0 0 0 0 0 0 0 0 0 0 0 0 0 0 0 0 0 0 0 0 0 0 0 0 0 0 0 0 0 0 0 0 0 0 0 0 0 0 0 0 0 0 0 0 0 0 0 0 0 0 0 0 0 0 0 0 0 0 0 0 0 0 0 0 0 0 0 0 0 0 0 0 0 0 0 0 0 0 0 0 0
6 0 0 0 0 0 0 0 0 0 0 0 0 0 0 0 0 0 0 0 0 0 0 0 0 0 0 0 0 0 0 0 0 0 0 0 0 0 0 0 0 0 0 0 0 0 0 0 0 0 0 0 0 0 0 0 0 0 0 0 0 0 0 0 0 0 0 0 0 0 0 0 0 0 0 0 0 0 0 0 0 0 0 0 0 0 0 0 0 0 0 0 0 0 0 0
0 0 0 29 0 10 25 25 26 22 0 0 0 0 0 0 0 0 0 0 0 0 0 0 0 0 0 0 0 0 0 0 0 0 0 0 0 0 0 2 1 0 0 0 0 0 0 0 0 0 0 0 0 0 0 0 0 0 0 0 0 0 0 0 0 0 5 6 7 7 7 7 7 6 4 0 0 0 0 0 0 0 0 0 0 0 0 0 0 0 0 0 0 0 0 0
0 11 0 0 0 0 0 0 0 0 0 0 0 0 0 0 0 0 0 0 0 0 0 0 0 0 0 0 0 0 0 0 0 0 0 0 0 0 0 0 0 0 0 0 0 0 0 0 0 0 0 0 0 0 0 0 0 0 0 0 0 0 0 2 3 5 6 7 6 5 6 6 5 6 4 0 0 0 0 0 0 0 0 0 0 0 0 0 0 0 0 0 0 0 0 0
0 0 0 0 0 0 0 0 0 0 0 0 0 0 0 0 0 0 0 0 0 0 0 0 0 0 0 0 0 0 0 0 0 1 0 0 0 0 0 0 0 0 0 0 0 0 0 0 0 0 0 0 0 0 0 0 0 0 0 0 0 0 0 0 0 0 0 0 4 7 7 7 7 7 6 6 6 7 7 6 0 0 0 0 0 0 0 0 0 0 0 0 0 0 0 0
0 0 0 0 0 0 0 0 0 0 0 0 0 0 0 0 0 0 0 0 0 0 0 0 0 0 0 0 0 0 0 0 0 0 0 0 0 0 0 0 0 0 0 0 0 0 0 0 0 0 0 0 0 0 0 0 0 0 0 0 0 0 0 0 0 0 0 0 0 0 7 7 8 8 8 8 8 8 7 0 0 0 0 4 5 5 0 0 0 0 0 0 0 0 0 0
0 0 0 0 0 0 0 0 0 0 0 0 0 0 0 0 0 0 0 0 0 0 0 0 0 0 0 0 0 0 0 0 0 0 0 0 0 0 0 0 0 0 0 0 0 0 0 0 0 0 0 0 0 0 0 0 0 0 0 0 0 0 0 0 0 0 0 0 0 0 0 0 0 0 0 0 0 0 0 0 0 4 8 8 8 7 8 8 8 5 3 0 0 0 0 0
0 0 0 0 0 0 0 0 0 0 0 0 0 0 0 0 0 0 0 0 0 0 0 0 0 0 0 0 0 0 0 0 0 0 0 0 0 0 0 0 0 0 0 0 0 0 0 0 0 0 0 0 0 0 0 0 0 0 0 0 0 0 0 0 0 0 0 0 0 0 0 0 0 0 0 0 0 0 0 0 7 7 6 5 5 5 5 4 3 3 0 0 0 0 0 0
0 0 0 0 0 0 0 0 0 0 0 0 0 0 0 0 0 0 0 0 0 0 0 0 0 0 0 0 0 0 0 0 0 0 0 0 0 0 0 0 0 0 0 0 0 0 0 0 0 0 0 0 0 0 0 0 0 0 0 0 0 0 0 0 0 0 0 0 0 0 0 0 0 0 0 0 0 0 0 0 0 0 0 0 0 0 0 0 0 0 0 0 0 0 0 0
0 0 0 0 0 0 0 0 0 0 0 0 0 0 0 0 0 0 0 0 0 0 0 0 0 0 0 0 0 0 0 0 0 0 0 0 0 0 0 0 0 0 0 0 0 0 0 0 0 0 0 0 0 0 0 0 0 0 0 0 0 0 0 0 0 0 0 0 0 0 0 0 2 0 0 0 0 0 0 0 0 0 0 4 7 9 9 9 9 8 7 4 0 0 0 0
0 0 0 0 0 0 0 0 0 0 0 0 35 49 58 64 61 38 0 0 0 0 0 0 0 0 0 0 0 0 0 0 0 0 0 0 0 0 0 0 0 0 0 0 0 0 0 0 0 0 0 0 0 0 0 0 0 0 0 0 0 0 0 0 0 0 0 0 0 1 1 2 0 0 0 0 0 0 0 0 0 0 7 9 9 9 9 9 9 9 9 9 9 0 0 0
0 0 33 37 0 29 33 42 44 57 64 67 67 61 52 0 0 0 0 0 0 0 0 0 0 0 0 0 0 0 0 0 0 0 0 0 0 0 0 0 0 0 0 0 0 0 0 0 0 0 0 0 0 0 0 0 0 0 0 0 0 0 0 0 0 0 0 0 0 3 0 5 3 0 0 0 0 4 6 8 9 9 10 10 10 10 11 14 15 16 17 18 18 18 19 19
66 68 69 69 69 67 56 46 39 0 0 0 0 0 0 0 0 0 0 0 0 0 0 0 0 0 0 0 0 0 0 0 0 0 0 0 0 0 0 0 0 0 0 0 0 0 0 0 0 0 0 0 0 0 0 0 0 0 0 0 0 0 0 0 0 6 8 9 10 10 10 9 9 9 9 10 10 10 10 10 10 10 11 13 14 17 19 19 19 19 19 19 19 19 19 19
70 59 38 0 0 0 0 0 0 0 0 0 0 0 0 0 0 0 0 0 0 0 0 0 0 0 0 0 0 0 0 0 0 0 0 0 0 0 0 0 0 0 0 0 2 0 0 0 0 0 0 0 0 0 0 0 0 0 9 10 10 10 10 10 10 10 10 10 10 10 10 10 10 10 10 10 10 10 10 0 17 20 20 20 20 20 20 20 20 20 20 20 20 20 20 20
27 0 0 0 0 0 0 0 0 0 0 0 0 0 0 0 0 0 0 0 0 0 0 0 0 0 0 0 0 0 0 0 0 0 0 0 0 0 0 0 0 0 0 0 0 0 0 0 0 0 0 0 0 0 9 10 11 11 11 11 11 11 11 11 11 11 11 11 11 11 11 11 11 11 11 11 11 11 11 11 12 0 21 21 21 21 21 21 0 21 21 21 21 21 21 21
0 0 0 0 0 0 0 0 0 0 0 0 0 0 0 0 0 0 0 0 0 0 0 0 0 0 0 0 0 0 0 0 0 0 0 0 0 0 0 0 0 0 0 0 0 0 0 0 0 0 0 0 0 0 10 11 11 11 11 11 11 11 11 11 11 11 11 11 11 11 11 11 11 11 11 11 13 13 13 0 20 21 21 21 21 21 21 21 21 21 21 21 21 21 0 0
0 0 0 0 0 0 0 0 0 0 0 0 0 0 0 0 0 0 0 0 0 0 0 0 0 0 0 0 0 0 0 0 0 0 0 0 0 0 0 0 0 0 0 0 3 3 3 4 5 6 5 7 9 9 11 11 11 11 11 11 11 11 11 11 11 11 11 11 11 11 11 11 13 16 19 0 22 22 22 22 22 22 22 22 22 22 22 22 22 22 22 22 21 20 17 16
0 0 0 0 0 0 0 0 0 0 0 0 0 0 0 0 0 0 0 0 0 81 56 0 0 0 0 0 0 0 0 0 0 0 0 0 0 0 0 0 0 0 12 12 12 12 12 12 12 12 12 12 12 12 12 12 35 70 78 83 89 93 34 19 18 15 15 16 15 13 14 0 23 23 0 23 23 23 23 23 23 0 23 23 23 23 23 23 23 23 23 22 0 0 0 0
0 0 0 0 0 0 0 0 0 0 0 0 0 0 0 0 0 0 0 82 79 79 80 74 60 0 0 0 0 0 64 0 0 0 0 0 0 3 7 0 0 0 12 12 12 12 12 12 12 12 12 92 190 187 188 222 240 240 240 240 240 240 0 87 23 23 23 23 23 23 23 23 23 23 23 23 23 23 23 23 23 23 23 23 23 23 23 23 23 23 22 0 22 23 23 23
0 0 0 0 0 0 0 0 0 0 0 0 0 0 0 0 0 0 108 108 108 108 108 108 108 0 0 0 0 0 109 0 0 0 0 0 0 56 0 0 0 0 0 4 10 29 34 36 29 34 30 35 105 75 63 89 116 156 246 247 247 247 247 242 159 111 27 24 24 24 24 24 24 24 24 24 24 24 24 24 24 24 24 24 24 24 24 24 24 24 24 24 24 24 24 24
0 0 0 0 0 0 0 0 0 0 0 0 0 0 0 0 0 107 111 111 111 111 111 109 0 0 0 0 113 128 87 0 0 127 111 0 113 128 123 102 56 41 0 0 0 29 22 38 42 42 42 42 42 42 42 42 42 146 246 254 254 254 254 254 254 254 163 25 25 25 25 25 25 25 25 25 25 25 25 25 25 25 25 25 25 25 25 25 25 25 25 25 25 25 25 25
0 0 0 0 0 0 0 0 0 0 0 0 0 0 74 0 114 114 114 114 114 114 114 107 51 0 0 112 131 131 109 0 47 54 78 80 96 125 99 83 64 45 43 43 32 0 17 43 43 43 43 43 43 43 43 43 118 221 260 260 260 260 260 260 260 260 222 51 25 25 25 25 25 25 25 25 25 25 25 25 25 25 25 25 25 25 25 25 25 25 25 25 25 25 25 25
0 0 0 0 0 0 0 0 0 0 0 0 0 0 71 117 117 117 117 117 117 117 117 117 117 59 0 0 0 135 135 129 134 0 135 132 115 126 134 135 135 84 44 44 0 33 20 0 44 44 44 44 79 103 50 44 65 175 0 267 267 267 267 267 267 267 210 67 26 26 26 26 26 26 26 26 26 26 26 26 26 26 26 26 26 26 26 26 26 26 26 26 26 26 26 26
0 0 0 0 0 0 0 0 0 0 0 0 0 0 53 120 120 0 120 120 98 91 120 120 117 0 0 0 117 138 138 138 138 138 138 138 138 138 125 89 61 50 46 45 40 0 29 42 46 46 46 72 169 274 262 196 271 274 274 274 274 274 274 274 273 255 205 27 27 27 27 27 27 27 27 27 27 27 27 27 27 27 27 27 27 27 27 27 27 27 27 27 27 27 27 27
68 0 61 0 0 0 0 0 0 0 0 0 0 0 90 113 122 122 119 123 112 109 120 123 123 26 0 94 141 141 141 141 141 141 141 141 141 138 77 50 47 47 47 47 47 46 42 39 39 70 242 246 280 280 267 150 268 280 280 269 250 271 280 230 38 27 27 27 27 27 27 27 27 27 25 24 23 23 22 21 23 25 26 26 27 27 27 27 27 27 27 27 27 26 25 24
0 68 99 99 99 99 99 99 97 60 0 0 0 0 0 0 0 126 119 126 120 126 126 126 119 0 0 0 107 110 92 69 88 117 145 145 145 145 145 127 101 89 87 103 78 51 48 48 48 211 287 249 256 287 287 280 0 277 236 259 272 260 258 268 174 59 28 27 27 27 24 22 20 19 19 19 19 19 19 19 19 19 19 19 20 21 21 23 22 21 22 21 18 16 16 16
0 64 99 102 102 102 102 102 101 103 107 112 107 84 51 0 0 0 123 129 129 129 129 129 123 87 41 0 0 169 225 271 444 263 0 95 148 148 148 148 148 148 148 148 148 118 79 62 101 262 293 264 264 293 293 293 293 293 293 258 253 267 272 272 283 293 275 235 64 22 20 20 20 20 20 20 20 20 20 20 20 20 20 20 19 20 20 20 20 20 20 20 20 19 16 16
104 104 104 104 104 104 104 316 3836 7208 5843 115 115 115 115 109 67 112 132 132 132 129 122 131 132 132 62 0 0 0 341 502 524 526 235 70 144 151 151 151 0 151 151 151 151 149 257 300 300 300 300 335 360 281 296 0 254 247 285 262 242 254 261 276 277 190 88 108 26 20 20 20 20 0 20 20 20 20 20 20 20 20 20 20 17 20 20 20 20 20 20 20 20 19 16 16
106 106 106 106 106 221 4501 7858 12292 12292 11722 9458 1843 118 118 118 118 120 132 135 135 135 125 118 135 107 0 0 0 0 306 306 320 370 250 151 141 134 152 155 155 155 155 154 128 109 135 227 301 307 746 1545 1354 1059 0 191 287 307 307 307 307 307 300 224 70 21 21 21 21 19 20 0 21 21 21 21 21 21 21 21 21 21 21 21 21 21 21 21 21 21 21 21 21 19 17 17
194 171 148 1253 4740 8865 12554 12554 12554 12554 8189 3633 180 120 120 120 120 120 128 138 138 138 138 136 0 0 0 0 285 312 312 313 389 518 543 512 377 156 150 153 158 158 158 158 147 114 108 98 133 198 651 1583 1541 1300 1442 1175 712 256 132 136 155 139 64 21 19 18 20 20 21 21 21 21 21 21 21 21 21 21 21 21 21 21 21 21 21 21 21 21 21 21 21 21 20 18 17 17
2704 2704 2704 3285 10324 12814 12814 10911 7041 3439 141 123 32401 29983 123 123 123 143 106 103 103 124 0 0 0 0 0 281 319 319 319 410 560 560 560 560 560 501 344 161 161 161 161 136 104 99 108 114 114 114 0 0 1492 1368 1446 162 108 112 114 105 56 23 22 22 22 22 21 19 21 21 21 22 22 22 22 22 22 22 22 22 22 22 22 22 22 22 22 22 22 22 22 21 75 52 106 118
2759 2759 2759 2759 2760 5431 4751 313 207 207 199 192 138 125 125 125 125 133 193 269 0 0 0 0 204 325 325 325 325 325 325 372 476 96317 572 572 572 572 516 193 100 101 104 98 97 97 100 115 116 116 116 213 728 954 319 105 115 108 42 36 22 22 22 22 22 22 22 22 21 22 22 22 22 22 22 22 22 22 22 22 22 22 22 22 22 22 22 22 22 22 22 22 222 421 421 421
2813 2813 2813 2721 1754 851 211 211 211 211 196 211 211 188 155 128 128 128 137 245 320 332 332 332 33366 15801 332 332 332 332 360 474 555 583 583 583 583 583 581 378 118 99 99 99 99 99 99 106 112 118 118 118 118 118 118 107 109 58 22 22 22 22 22 22 22 22 22 22 22 22 22 22 22 22 22 22 22 22 22 22 22 22 22 22 22 22 22 22 22 22 22 22 51 351 429 429
2706 2866 2067 715 398 287 215 215 215 215 215 215 215 215 214 188 160 130 130 130 141 299 338 338 338 338 338 338 338 338 361 499 594 594 594 594 594 594 589 415 188 101 101 101 101 101 101 101 102 120 121 121 121 121 121 108 119 116 74 22 23 23 22 23 23 23 23 23 23 23 23 23 23 23 23 23 23 23 23 23 23 23 23 23 23 23 23 23 23 23 23 24 154 368 437 437
547 849 428 428 428 276 219 219 219 219 223 230 222 220 219 219 199 133 133 133 179 345 345 345 345 345 345 345 345 345 383 559 606 606 606 606 606 606 606 491 102 102 102 102 102 102 102 102 103 104 109 113 123 123 122 109 123 123 93 68 41 25 23 23 23 23 23 23 23 23 23 23 23 23 23 23 23 23 23 23 23 23 23 23 23 23 23 23 23 23 23 147 431 445 445 445
436 436 436 436 436 436 417 331 364 399 430 373 250 268 239 232 243 243 251 244 260 328 351 351 351 351 351 351 412 583 616 617 617 617 617 617 617 610 569 198 97 97 104 104 104 104 104 104 104 104 104 108 125 125 124 113 125 125 125 125 125 117 93 83 23 23 23 23 23 23 23 24 24 24 24 24 23 23 23 23 23 23 23 24 24 24 24 24 24 24 24 39 72 70 199 239
443 443 443 443 443 443 443 443 443 443 394 0 277 17989 277 277 277 277 277 277 277 297 324 350 357 357 378 510 622 27483 628 628 628 628 628 628 628 628 618 295 106 106 106 106 106 106 106 106 106 106 114 126 128 128 117 124 128 128 128 128 128 128 128 127 71 65 76 46 24 24 24 24 24 24 24 23 24 24 24 24 24 24 24 24 24 24 24 24 24 24 24 24 24 74 82 95
451 451 451 451 451 451 451 451 451 977 1573 1223 499 282 282 282 282 282 282 298 344 403 482 636 778 886 912 819 782 678 93291 750 691 639 639 639 639 639 629 444 464 339 113 108 108 108 108 108 108 108 108 124 130 130 122 122 127 130 128 130 130 130 130 123 118 118 118 88 75 69 43 27 25 25 25 25 25 25 25 30 44 40 49 39 41 36 25 25 25 25 25 25 34 92 97 97
459 459 459 459 459 459 459 459 459 1024 0 1823 1662 1080 690 386 456 448 455 494 496 530 1038 1090 1090 1090 1090 1090 1090 1090 1090 1090 1090 463 463 577 639 597 590 575 469 382 350 249 259 249 131 112 110 110 120 132 132 132 132 132 124 125 129 132 132 131 126 121 120 120 120 120 120 120 120 112 67 86 108 112 71 66 65 117 102 92 92 92 92 77 67 60 56 27 25 25 51 98 99 99
467 467 467 1011 1326 1470 1508 1788 1881 1704 63264 1854 1743 1854 1533 550 504 504 504 504 511 706 0 1109 1109 1109 1097 1109 1109 48735 1089 1093 890 386 385 46337 387 385 385 385 385 385 385 385 385 385 376 0 301 154 134 134 134 134 134 134 134 131 125 134 131 123 121 119 118 122 122 122 122 122 122 122 122 122 122 122 122 122 122 109 99 93 93 93 93 93 93 93 93 58 25 25 40 97 101 101
1102 1119 2804 3560 3561 3561 3561 3561 3561 2993 2670 2560 1884 1884 1876 1356 534 513 513 513 592 1011 1127 1127 1127 1127 973 1094 1127 810 13155 391 391 391 391 391 391 391 391 391 391 0 391 391 0 391 391 391 391 332 252 195 136 136 136 136 136 136 131 128 131 128 119 124 123 122 123 124 124 124 124 124 124 124 124 124 124 124 122 97 95 95 95 95 95 95 95 95 95 69 26 50 98 102 102 102
2149 2149 2149 2338 2773 3391 3618 3618 3618 3618 3403 2219 1117 1063 702 521 0 521 35361 521 521 575 1204 1184 1281 95219 148618 110386 1145 985 30841 397 7517 381 397 397 397 397 359 0 397 397 397 397 397 397 399 398 397 402 437 489 440 412 410 324 346 157 136 118 137 134 126 126 141 336 307 145 169 237 142 126 126 126 126 126 126 126 124 99 97 97 97 97 97 97 97 97 95 76 96 104 104 104 104 104
4192 2183 2183 2183 2183 2428 3632 3236 2553 1779 1023 980 968 729 618 529 529 546 604 544 862 1454 1577 1577 1577 38709 2396 1164 1164 884 505 404 41105 241536 426 436 434 437 436 424 429 433 424 423 418 444 478 478 474 543 553 553 553 553 553 553 553 476 314 310 333 352 359 344 486 576 576 576 575 576 422 128 128 128 128 128 128 128 126 120 121 99 98 98 98 98 98 98 98 105 106 106 106 106 106 106
11339 2753 2524 1312 856 962 1109 983 995 40357 995 995 995 995 926 613 634 963 0 607 1061 1599 1602 1602 1602 1598 1392 1182 1182 1148 572 413 410 430 464 465 42216 465 465 465 465 465 470 487 492 492 492 492 492 531 562 562 562 562 562 562 562 562 562 561 523 554 562 578 585 585 585 585 585 585 198 130 130 130 130 130 130 130 216 331 112 100 100 100 100 100 100 100 100 101 103 107 107 107 107 107
