meteoriteanalysis/data/pop/popcount/gpw_pop_counts_hd_1990.asc
ncols 720 
nrows 360
xllcorner -180
yllcorner -90
cellsize .5
NODATA_value -99
[rows 0 to 59 of 360, columns 480 to 575 of 720]
-99 -99 -99 -99 -99 -99 -99 -99 -99 -99 -99 -99 -99 -99 -99 -99 -99 -99 -99 -99 -99 -99 -99 -99 -99 -99 -99 -99 -99 -99 -99 -99 -99 -99 -99 -99 -99 -99 -99 -99 -99 -99 -99 -99 -99 -99 -99 -99 -99 -99 -99 -99 -99 -99 -99 -99 -99 -99 -99 -99 -99 -99 -99 -99 -99 -99 -99 -99 -99 -99 -99 -99 -99 -99 -99 -99 -99 -99 -99 -99 -99 -99 -99 -99 -99 -99 -99 -99 -99 -99 -99 -99 -99 -99 -99 -99
-99 -99 -99 -99 -99 -99 -99 -99 -99 -99 -99 -99 -99 -99 -99 -99 -99 -99 -99 -99 -99 -99 -99 -99 -99 -99 -99 -99 -99 -99 -99 -99 -99 -99 -99 -99 -99 -99 -99 -99 -99 -99 -99 -99 -99 -99 -99 -99 -99 -99 -99 -99 -99 -99 -99 -99 -99 -99 -99 -99 -99 -99 -99 -99 -99 -99 -99 -99 -99 -99 -99 -99 -99 -99 -99 -99 -99 -99 -99 -99 -99 -99 -99 -99 -99 -99 -99 -99 -99 -99 -99 -99 -99 -99 -99 -99
-99 -99 -99 -99 -99 -99 -99 -99 -99 -99 -99 -99 -99 -99 -99 -99 -99 -99 -99 -99 -99 -99 -99 -99 -99 -99 -99 -99 -99 -99 -99 -99 -99 -99 -99 -99 -99 -99 -99 -99 -99 -99 -99 -99 -99 -99 -99 -99 -99 -99 -99 -99 -99 -99 -99 -99 -99 -99 -99 -99 -99 -99 -99 -99 -99 -99 -99 -99 -99 -99 -99 -99 -99 -99 -99 -99 -99 -99 -99 -99 -99 -99 -99 -99 -99 -99 -99 -99 -99 -99 -99 -99 -99 -99 -99 -99
-99 -99 -99 -99 -99 -99 -99 -99 -99 -99 -99 -99 -99 -99 -99 -99 -99 -99 -99 -99 -99 -99 -99 -99 -99 -99 -99 -99 -99 -99 -99 -99 -99 -99 -99 -99 -99 -99 -99 -99 -99 -99 -99 -99 -99 -99 -99 -99 -99 -99 -99 -99 -99 -99 -99 -99 -99 -99 -99 -99 -99 -99 -99 -99 -99 -99 -99 -99 -99 -99 -99 -99 -99 -99 -99 -99 -99 -99 -99 -99 -99 -99 -99 -99 -99 -99 -99 -99 -99 -99 -99 -99 -99 -99 -99 -99
-99 -99 -99 -99 -99 -99 -99 -99 -99 -99 -99 -99 -99 -99 -99 -99 -99 -99 -99 -99 -99 -99 -99 -99 -99 -99 -99 -99 -99 -99 -99 -99 -99 -99 -99 -99 -99 -99 -99 -99 -99 -99 -99 -99 -99 -99 -99 -99 -99 -99 -99 -99 -99 -99 -99 -99 -99 -99 -99 -99 -99 -99 -99 -99 -99 -99 -99 -99 -99 -99 -99 -99 -99 -99 -99 -99 -99 -99 -99 -99 -99 -99 -99 -99 -99 -99 -99 -99 -99 -99 -99 -99 -99 -99 -99 -99
-99 -99 -99 -99 -99 -99 -99 -99 -99 -99 -99 -99 -99 -99 -99 -99 -99 -99 -99 -99 -99 -99 -99 -99 -99 -99 -99 -99 -99 -99 -99 -99 -99 -99 -99 -99 -99 -99 -99 -99 -99 -99 -99 -99 -99 -99 -99 -99 -99 -99 -99 -99 -99 -99 -99 -99 -99 -99 -99 -99 -99 -99 -99 -99 -99 -99 -99 -99 -99 -99 -99 -99 -99 -99 -99 -99 -99 -99 -99 -99 -99 -99 -99 -99 -99 -99 -99 -99 -99 -99 -99 -99 -99 -99 -99 -99
-99 -99 -99 -99 -99 -99 -99 -99 -99 -99 -99 -99 -99 -99 -99 -99 -99 -99 -99 -99 -99 -99 -99 -99 -99 -99 -99 -99 -99 -99 -99 -99 -99 -99 -99 -99 -99 -99 -99 -99 -99 -99 -99 -99 -99 -99 -99 -99 -99 -99 -99 -99 -99 -99 -99 -99 -99 -99 -99 -99 -99 -99 -99 -99 -99 -99 -99 -99 -99 -99 -99 -99 -99 -99 -99 -99 -99 -99 -99 -99 -99 -99 -99 -99 -99 -99 -99 -99 -99 -99 -99 -99 -99 -99 -99 -99
-99 -99 -99 -99 -99 -99 -99 -99 -99 -99 -99 -99 -99 -99 -99 -99 -99 -99 -99 -99 -99 -99 -99 -99 -99 -99 -99 -99 -99 -99 -99 -99 -99 -99 -99 -99 -99 -99 -99 -99 -99 -99 -99 -99 -99 -99 -99 -99 -99 -99 -99 -99 -99 -99 -99 -99 -99 -99 -99 -99 -99 -99 -99 -99 -99 -99 -99 -99 -99 -99 -99 -99 -99 -99 -99 -99 -99 -99 -99 -99 -99 -99 -99 -99 -99 -99 -99 -99 -99 -99 -99 -99 -99 -99 -99 -99
-99 -99 -99 -99 -99 -99 -99 -99 -99 -99 -99 -99 -99 -99 -99 -99 -99 -99 -99 -99 -99 -99 -99 -99 -99 -99 -99 -99 -99 -99 -99 -99 -99 -99 -99 -99 -99 -99 -99 -99 -99 -99 -99 -99 -99 -99 -99 -99 -99 -99 -99 -99 -99 -99 -99 -99 -99 -99 -99 -99 -99 -99 -99 -99 -99 -99 -99 -99 -99 -99 -99 -99 -99 -99 -99 -99 -99 -99 -99 -99 -99 -99 -99 -99 -99 -99 -99 -99 -99 -99 -99 -99 -99 -99 -99 -99
-99 -99 -99 -99 -99 -99 -99 -99 -99 -99 -99 -99 -99 -99 -99 -99 -99 -99 -99 -99 -99 -99 -99 -99 -99 -99 -99 -99 -99 -99 -99 -99 -99 -99 -99 -99 -99 -99 -99 -99 -99 -99 -99 -99 -99 -99 -99 -99 -99 -99 -99 -99 -99 -99 -99 -99 -99 -99 -99 -99 -99 -99 -99 -99 -99 -99 -99 -99 -99 -99 -99 -99 -99 -99 -99 -99 -99 -99 -99 -99 -99 -99 -99 -99 -99 -99 -99 -99 -99 -99 -99 -99 -99 -99 -99 -99
0 0 0 0 0 0 0 0 0 0 0 0 0 0 0 0 0 0 0 0 0 0 0 0 0 0 0 0 0 0 0 0 0 0 0 0 0 0 0 0 0 0 0 0 0 0 0 0 0 0 0 0 0 0 0 0 0 0 0 0 0 0 0 0 0 0 0 0 0 0 0 0 0 0 0 0 0 0 0 0 0 0 0 0 0 0 0 0 0 0 0 0 0 0 0 0
0 0 0 0 0 0 0 0 0 0 0 0 0 0 0 0 0 0 0 0 0 0 0 0 0 0 0 0 0 0 0 0 0 0 0 0 0 0 0 0 0 0 0 0 0 0 0 0 0 0 0 0 0 0 0 0 0 0 0 0 0 0 0 0 0 0 0 0 0 0 0 0 0 0 0 0 0 0 0 0 0 0 0 0 0 0 0 0 0 0 0 0 0 0 0 0
0 0 0 0 0 0 0 0 0 0 0 0 0 0 0 0 0 0 0 0 0 0 0 0 0 0 0 0 0 0 0 0 0 0 0 0 0 0 0 0 0 0 0 0 0 0 0 0 0 0 0 0 0 0 0 0 0 0 0 0 0 0 0 0 0 0 0 0 0 0 0 0 0 0 0 0 0 0 0 0 0 0 0 0 0 0 0 0 0 0 0 0 0 0 0 0
0 0 0 0 0 0 0 0 0 0 0 0 0 0 0 0 0 0 0 0 0 0 0 0 0 0 0 0 0 0 0 0 0 0 0 0 0 0 0 0 0 0 0 0 0 0 0 0 0 0 0 0 0 0 0 0 0 0 0 0 0 0 0 0 0 0 0 0 0 0 0 0 0 0 0 0 0 0 0 0 0 0 0 0 0 0 0 0 0 0 0 0 0 0 0 0
0 0 0 0 0 0 0 0 0 0 0 0 0 0 0 0 0 0 0 0 0 0 0 0 0 0 0 0 0 0 0 0 0 0 0 0 0 0 0 0 0 0 0 0 0 0 0 0 0 0 0 0 0 0 0 0 0 0 0 0 0 0 0 0 0 0 0 0 0 0 0 0 0 0 0 0 0 0 0 0 0 0 0 0 0 0 0 0 0 0 0 0 0 0 0 0
0 0 0 0 0 0 0 0 0 0 0 0 0 0 0 0 0 0 0 0 0 0 0 0 0 0 0 0 0 0 0 0 0 0 0 0 0 0 0 0 0 0 0 0 0 0 0 0 0 0 0 0 0 0 0 0 0 0 0 0 0 0 0 0 0 0 0 0 0 0 0 0 0 0 0 0 0 0 0 0 0 0 0 0 0 0 0 0 0 0 0 0 0 0 0 0
0 0 0 0 0 8 11 0 0 0 0 0 0 0 0 0 0 0 0 0 0 0 0 0 0 0 0 0 0 0 0 0 0 0 0 0 0 0 0 0 0 0 0 0 0 0 0 0 0 0 0 0 0 0 0 0 0 0 0 0 0 0 0 0 0 0 0 0 0 0 0 0 0 0 0 0 0 0 0 0 0 0 0 0 0 0 0 0 0 0 0 0 0 0 0 0
6 0 0 0 0 0 0 0 0 0 0 0 0 0 0 0 0 0 0 0 0 0 0 0 0 0 0 0 0 0 0 0 0 0 0 0 0 0 0 0 0 0 0 0 0 0 0 0 0 0 0 0 0 0 0 0 0 0 0 0 0 0 0 0 0 0 0 0 0 0 0 0 0 0 0 0 0 0 0 0 0 0 0 0 0 0 0 0 0 0 0 0 0 0 0 0
0 0 0 29 0 10 26 25 26 22 0 0 0 0 0 0 0 0 0 0 0 0 0 0 0 0 0 0 0 0 0 0 0 0 0 0 0 0 0 2 1 0 0 0 0 0 0 0 0 0 0 0 0 0 0 0 0 0 0 0 0 0 0 0 0 0 5 6 7 7 7 7 7 6 4 0 0 0 0 0 0 0 0 0 0 0 0 0 0 0 0 0 0 0 0 0
0 11 0 0 0 0 0 0 0 0 0 0 0 0 0 0 0 0 0 0 0 0 0 0 0 0 0 0 0 0 0 0 0 0 0 0 0 0 0 0 0 0 0 0 0 0 0 0 0 0 0 0 0 0 0 0 0 0 0 0 0 0 0 2 3 5 6 7 6 5 6 6 5 6 4 0 0 0 0 0 0 0 0 0 0 0 0 0 0 0 0 0 0 0 0 0
0 0 0 0 0 0 0 0 0 0 0 0 0 0 0 0 0 0 0 0 0 0 0 0 0 0 0 0 0 0 0 0 0 1 0 0 0 0 0 0 0 0 0 0 0 0 0 0 0 0 0 0 0 0 0 0 0 0 0 0 0 0 0 0 0 0 0 0 5 7 7 7 7 7 7 6 6 7 7 6 0 0 0 0 0 0 0 0 0 0 0 0 0 0 0 0
0 0 0 0 0 0 0 0 0 0 0 0 0 0 0 0 0 0 0 0 0 0 0 0 0 0 0 0 0 0 0 0 0 0 0 0 0 0 0 0 0 0 0 0 0 0 0 0 0 0 0 0 0 0 0 0 0 0 0 0 0 0 0 0 0 0 0 0 0 0 7 7 8 8 8 8 8 8 7 0 0 0 0 4 5 5 0 0 0 0 0 0 0 0 0 0
0 0 0 0 0 0 0 0 0 0 0 0 0 0 0 0 0 0 0 0 0 0 0 0 0 0 0 0 0 0 0 0 0 0 0 0 0 0 0 0 0 0 0 0 0 0 0 0 0 0 0 0 0 0 0 0 0 0 0 0 0 0 0 0 0 0 0 0 0 0 0 0 0 0 0 0 0 0 0 0 0 4 8 8 8 7 8 8 8 5 3 0 0 0 0 0
0 0 0 0 0 0 0 0 0 0 0 0 0 0 0 0 0 0 0 0 0 0 0 0 0 0 0 0 0 0 0 0 0 0 0 0 0 0 0 0 0 0 0 0 0 0 0 0 0 0 0 0 0 0 0 0 0 0 0 0 0 0 0 0 0 0 0 0 0 0 0 0 0 0 0 0 0 0 0 0 7 7 6 5 5 5 5 4 3 3 0 0 0 0 0 0
0 0 0 0 0 0 0 0 0 0 0 0 0 0 0 0 0 0 0 0 0 0 0 0 0 0 0 0 0 0 0 0 0 0 0 0 0 0 0 0 0 0 0 0 0 0 0 0 0 0 0 0 0 0 0 0 0 0 0 0 0 0 0 0 0 0 0 0 0 0 0 0 0 0 0 0 0 0 0 0 0 0 0 0 0 0 0 0 0 0 0 0 0 0 0 0
0 0 0 0 0 0 0 0 0 0 0 0 0 0 0 0 0 0 0 0 0 0 0 0 0 0 0 0 0 0 0 0 0 0 0 0 0 0 0 0 0 0 0 0 0 0 0 0 0 0 0 0 0 0 0 0 0 0 0 0 0 0 0 0 0 0 0 0 0 0 0 0 2 0 0 0 0 0 0 0 0 0 0 4 7 9 9 9 9 8 7 4 0 0 0 0
0 0 0 0 0 0 0 0 0 0 0 0 35 49 58 64 61 39 0 0 0 0 0 0 0 0 0 0 0 0 0 0 0 0 0 0 0 0 0 0 0 0 0 0 0 0 0 0 0 0 0 0 0 0 0 0 0 0 0 0 0 0 0 0 0 0 0 0 0 1 1 2 0 0 0 0 0 0 0 0 0 0 7 9 9 9 9 9 9 9 9 9 9 0 0 0
0 0 34 37 0 29 33 42 44 57 65 67 67 62 52 0 0 0 0 0 0 0 0 0 0 0 0 0 0 0 0 0 0 0 0 0 0 0 0 0 0 0 0 0 0 0 0 0 0 0 0 0 0 0 0 0 0 0 0 0 0 0 0 0 0 0 0 0 0 3 0 5 3 0 0 0 0 4 6 8 9 9 10 10 10 10 11 14 15 16 17 18 19 18 19 19
66 68 69 69 69 67 56 46 39 0 0 0 0 0 0 0 0 0 0 0 0 0 0 0 0 0 0 0 0 0 0 0 0 0 0 0 0 0 0 0 0 0 0 0 0 0 0 0 0 0 0 0 0 0 0 0 0 0 0 0 0 0 0 0 0 6 8 9 10 10 10 9 9 9 9 10 10 10 10 10 10 10 11 13 14 17 19 20 20 20 20 20 20 20 20 20
71 59 38 0 0 0 0 0 0 0 0 0 0 0 0 0 0 0 0 0 0 0 0 0 0 0 0 0 0 0 0 0 0 0 0 0 0 0 0 0 0 0 0 0 2 0 0 0 0 0 0 0 0 0 0 0 0 0 9 10 10 10 10 10 10 10 10 10 10 10 10 10 10 10 10 10 10 10 10 0 17 20 20 20 20 20 20 20 20 20 20 20 20 20 20 20
27 0 0 0 0 0 0 0 0 0 0 0 0 0 0 0 0 0 0 0 0 0 0 0 0 0 0 0 0 0 0 0 0 0 0 0 0 0 0 0 0 0 0 0 0 0 0 0 0 0 0 0 0 0 9 10 11 11 11 11 11 11 11 11 11 11 11 11 11 11 11 11 11 11 11 11 11 11 11 11 12 0 21 21 21 21 21 21 0 21 21 21 21 21 21 21
0 0 0 0 0 0 0 0 0 0 0 0 0 0 0 0 0 0 0 0 0 0 0 0 0 0 0 0 0 0 0 0 0 0 0 0 0 0 0 0 0 0 0 0 0 0 0 0 0 0 0 0 0 0 10 11 11 11 11 11 11 11 11 11 11 11 11 11 11 11 11 11 11 11 11 11 13 13 13 0 20 22 22 22 22 22 22 22 22 22 22 22 22 22 0 0
0 0 0 0 0 0 0 0 0 0 0 0 0 0 0 0 0 0 0 0 0 0 0 0 0 0 0 0 0 0 0 0 0 0 0 0 0 0 0 0 0 0 0 0 3 3 3 4 5 6 5 7 9 9 11 11 11 11 11 11 11 11 11 11 11 11 11 11 11 11 11 11 13 16 20 0 22 22 22 22 22 22 22 22 22 22 22 22 22 22 22 22 21 21 17 17
0 0 0 0 0 0 0 0 0 0 0 0 0 0 0 0 0 0 0 0 0 81 57 0 0 0 0 0 0 0 0 0 0 0 0 0 0 0 0 0 0 0 12 12 12 12 12 12 12 12 12 12 12 12 12 12 35 70 78 84 89 94 34 19 18 15 15 16 15 13 14 0 23 23 0 23 23 23 23 23 23 0 23 23 23 23 23 23 23 23 23 22 0 0 0 0
0 0 0 0 0 0 0 0 0 0 0 0 0 0 0 0 0 0 0 82 80 79 81 74 61 0 0 0 0 0 64 0 0 0 0 0 0 3 7 0 0 0 12 12 12 12 12 12 12 12 12 92 190 188 189 223 241 241 241 241 241 241 0 87 24 24 24 24 24 24 24 24 24 24 24 24 24 24 24 24 24 24 24 24 24 24 24 24 24 24 22 0 22 24 24 24
0 0 0 0 0 0 0 0 0 0 0 0 0 0 0 0 0 0 109 109 109 109 109 109 109 0 0 0 0 0 110 0 0 0 0 0 0 56 0 0 0 0 0 4 10 29 34 36 29 34 30 35 105 75 64 89 116 157 247 248 248 248 248 243 160 111 27 24 24 24 24 24 24 24 24 24 24 24 24 24 24 24 24 24 24 24 24 24 24 24 24 24 24 24 24 24
0 0 0 0 0 0 0 0 0 0 0 0 0 0 0 0 0 108 112 112 112 112 112 110 0 0 0 0 113 128 87 0 0 127 111 0 114 128 123 102 56 41 0 0 0 29 22 38 42 42 42 42 42 42 42 42 42 147 247 255 255 255 255 255 255 255 164 25 25 25 25 25 25 25 25 25 25 25 25 25 25 25 25 25 25 25 25 25 25 25 25 25 25 25 25 25
0 0 0 0 0 0 0 0 0 0 0 0 0 0 74 0 115 115 115 115 115 115 115 107 51 0 0 113 132 132 110 0 47 54 78 80 96 125 99 84 65 45 44 44 32 0 17 43 44 44 44 44 44 44 44 44 118 222 261 261 261 261 261 261 261 261 223 51 26 26 26 26 26 26 26 26 26 26 26 26 26 26 26 26 26 26 26 26 26 26 26 26 26 26 26 26
0 0 0 0 0 0 0 0 0 0 0 0 0 0 71 118 118 118 118 118 118 118 118 118 118 59 0 0 0 135 135 129 134 0 135 133 116 127 134 135 135 84 45 45 0 33 21 0 45 45 45 45 80 103 50 45 65 175 0 268 268 268 268 268 268 268 211 67 26 26 26 26 26 26 26 26 26 26 26 26 26 26 26 26 26 26 26 26 26 26 26 26 26 26 26 26
0 0 0 0 0 0 0 0 0 0 0 0 0 0 53 121 121 0 121 121 98 91 120 121 118 0 0 0 117 139 139 139 139 139 139 139 139 139 125 90 61 50 46 45 40 0 29 42 46 46 46 72 169 275 263 197 273 275 275 275 275 275 275 275 274 256 206 27 27 27 27 27 27 27 27 27 27 27 27 27 27 27 27 27 27 27 27 27 27 27 27 27 27 27 27 27
68 0 62 0 0 0 0 0 0 0 0 0 0 0 90 114 123 122 120 124 113 110 121 124 123 26 0 94 142 142 142 142 142 142 142 142 142 139 77 50 47 47 47 47 47 46 42 39 39 70 243 247 281 281 268 150 269 281 281 270 251 272 281 231 38 27 27 27 27 27 27 27 27 27 25 24 23 23 22 21 23 25 26 26 27 27 27 27 27 27 27 27 27 26 25 24
0 68 100 100 100 100 100 100 97 60 0 0 0 0 0 0 0 126 120 126 121 126 126 126 120 0 0 0 107 110 93 70 88 117 145 145 145 145 145 128 102 89 88 103 79 51 48 48 48 212 288 250 257 288 288 282 0 278 237 260 273 261 259 269 175 59 28 27 27 27 24 22 21 19 19 19 19 19 19 19 19 19 19 19 20 21 21 23 22 21 22 21 18 16 16 16
0 64 100 102 102 102 102 102 102 104 107 112 107 84 51 0 0 0 123 129 129 129 129 129 124 88 41 0 0 170 226 272 445 264 0 95 149 149 149 149 149 149 149 149 149 118 79 62 101 263 295 265 265 295 295 295 295 295 295 259 254 268 273 273 284 295 276 236 64 22 20 20 20 20 20 20 20 20 20 20 20 20 20 20 19 20 20 20 20 20 20 20 20 19 16 16
104 104 104 104 104 104 104 317 3851 7236 5866 116 116 116 116 110 68 113 132 132 132 129 122 132 132 132 62 0 0 0 343 504 526 528 236 70 145 152 152 152 0 152 152 152 151 150 258 301 301 301 301 336 362 282 297 0 255 248 286 263 243 255 262 278 278 191 88 108 26 20 20 20 20 0 20 20 20 20 20 20 20 20 20 20 17 20 20 20 20 20 20 20 20 19 16 16
107 107 107 107 107 222 4519 7889 12340 12340 11768 9495 1850 118 118 118 118 120 133 135 135 135 125 118 135 107 0 0 0 0 307 307 322 372 251 151 142 134 153 155 155 155 155 154 129 110 135 228 302 308 749 1551 1360 1064 0 192 288 308 308 308 308 308 301 225 70 21 21 21 21 19 21 0 21 21 21 21 21 21 21 21 21 21 21 21 21 21 21 21 21 21 21 21 21 19 17 17
195 172 149 1258 4759 8900 12603 12603 12603 12603 8221 3647 181 121 121 121 121 121 128 138 138 138 138 137 0 0 0 0 287 314 314 315 391 520 546 514 379 156 151 154 159 159 159 159 148 114 108 99 133 199 653 1589 1547 1306 1448 1180 715 257 133 136 156 139 64 21 19 18 20 20 21 21 21 21 21 21 21 21 21 21 21 21 21 21 21 21 21 21 21 21 21 21 21 21 20 18 17 17
2714 2714 2714 3298 10365 12865 12865 10955 7069 3453 142 123 32529 30103 123 123 123 144 106 104 104 125 0 0 0 0 0 282 320 320 320 411 563 563 563 563 562 503 345 162 162 162 162 137 105 100 108 114 114 114 0 0 1498 1374 1452 163 109 113 114 105 56 23 22 22 22 22 21 19 21 21 21 22 22 22 22 22 22 22 22 22 22 22 22 22 22 22 22 22 22 22 22 21 76 53 106 118
2769 2769 2769 2769 2771 5453 4770 314 208 208 200 192 139 126 126 126 126 134 194 270 0 0 0 0 205 327 327 327 327 327 327 374 478 96698 574 574 574 574 519 194 100 101 104 98 97 97 100 115 117 117 117 214 730 958 320 105 116 109 43 36 22 22 22 22 22 22 22 22 22 22 22 22 22 22 22 22 22 22 22 22 22 22 22 22 22 22 22 22 22 22 22 22 223 422 422 422
2824 2824 2824 2732 1760 855 212 212 212 212 197 212 212 189 155 128 128 128 138 246 321 333 333 333 33499 15864 333 333 333 333 361 476 557 585 585 585 585 585 583 380 119 99 99 99 99 99 99 106 112 119 119 119 119 119 119 107 109 59 22 22 22 22 22 22 22 22 22 22 22 22 22 22 22 22 22 22 22 22 22 22 22 22 22 22 22 22 22 22 22 22 22 22 51 353 431 431
2717 2877 2075 718 400 288 216 216 216 216 216 216 216 216 215 188 161 131 131 131 141 300 339 339 339 339 339 339 339 339 362 501 596 597 597 597 597 597 591 416 189 101 101 101 101 101 101 101 103 121 121 121 121 121 121 108 119 116 74 22 23 23 22 23 23 23 23 23 23 23 23 23 23 23 23 23 23 23 23 23 23 23 23 23 23 23 23 23 23 23 23 24 155 369 439 439
549 852 429 429 429 277 220 220 220 220 224 231 223 221 220 220 200 134 133 133 180 346 346 346 346 346 346 346 346 346 385 561 608 608 608 608 608 608 608 493 103 103 103 103 103 103 103 103 103 104 110 114 123 123 123 109 123 123 94 68 41 25 23 23 23 23 23 23 23 23 23 23 23 23 23 23 23 23 23 23 23 23 23 23 23 23 23 23 23 23 23 147 433 447 447 447
437 437 437 437 437 437 418 332 365 400 432 375 251 269 240 232 243 244 252 245 261 329 352 352 352 352 352 352 413 585 619 619 619 619 619 619 619 612 572 199 97 97 105 105 105 105 105 105 105 105 105 108 126 126 125 113 126 126 126 126 126 117 93 83 23 23 23 23 23 23 23 24 24 24 24 24 23 23 23 23 23 23 23 24 24 24 24 24 24 24 24 39 72 71 199 240
445 445 445 445 445 445 445 445 445 445 395 0 278 18061 278 278 278 278 278 278 278 299 325 351 359 359 379 512 624 27592 630 630 630 630 630 630 630 630 620 296 107 107 107 107 107 107 107 107 107 107 114 127 128 128 117 124 128 128 128 128 128 128 128 128 71 66 76 46 24 24 24 24 24 24 24 24 24 24 24 24 24 24 24 24 24 24 24 24 24 24 24 24 24 74 82 96
453 453 453 453 453 453 453 453 453 981 1579 1228 501 283 283 283 283 283 283 299 345 404 484 639 781 889 916 822 785 680 93661 753 694 642 642 642 642 642 631 446 466 340 113 108 108 108 108 108 108 108 109 125 130 130 123 122 128 130 128 130 130 130 130 124 118 118 118 89 75 69 43 27 25 25 25 25 25 25 25 31 44 40 49 39 41 36 25 25 25 25 25 25 34 92 98 98
461 461 461 461 461 461 461 461 461 1029 0 1830 1669 1084 693 388 458 450 457 496 498 533 1042 1095 1095 1095 1095 1095 1095 1095 1095 1095 1095 464 465 580 642 599 592 577 471 383 351 250 260 249 131 113 110 110 120 132 133 133 133 133 124 126 130 133 133 132 127 122 120 120 120 120 120 120 120 113 68 86 109 112 72 67 65 117 103 92 92 92 92 77 67 60 56 27 25 25 51 98 99 99
469 469 469 1015 1331 1476 1514 1795 1889 1711 63514 1861 1750 1861 1539 552 506 506 506 506 513 709 0 1113 1113 1113 1101 1113 1113 48928 1093 1097 893 387 386 46520 388 386 386 386 386 386 386 386 386 386 378 0 302 155 135 135 135 135 135 135 135 131 125 135 132 123 122 119 119 122 122 122 122 122 122 122 122 122 122 122 122 122 122 110 99 94 94 94 94 94 94 94 94 58 26 26 40 97 101 101
1107 1123 2815 3574 3575 3575 3575 3575 3575 3005 2680 2570 1892 1892 1883 1361 536 515 515 515 594 1015 1132 1132 1132 1131 977 1098 1132 813 13207 393 393 393 393 393 393 393 393 393 393 0 393 393 0 393 393 393 393 333 253 196 137 137 137 137 137 137 131 129 131 129 119 124 124 122 123 124 124 124 124 124 124 124 124 124 124 124 123 98 95 95 95 95 95 95 95 95 95 69 26 51 98 103 103 103
2157 2157 2157 2347 2784 3404 3633 3633 3633 3633 3417 2227 1122 1068 705 523 0 523 35501 523 523 577 1208 1189 1286 95597 149207 110823 1150 989 30963 399 7547 383 399 399 399 399 361 0 399 399 399 399 399 399 401 399 399 403 439 491 441 413 412 325 348 157 137 119 138 135 127 126 142 338 309 146 170 238 143 126 126 126 126 126 126 126 125 99 97 97 97 97 97 97 97 97 96 76 97 104 104 104 104 104
4208 2191 2191 2191 2191 2437 3646 3249 2563 1786 1027 984 972 732 620 531 531 548 607 546 866 1460 1583 1583 1583 38863 2405 1168 1168 888 507 405 41268 242492 427 438 436 439 438 426 431 435 426 425 420 446 480 480 476 545 556 556 556 556 556 556 556 478 316 312 335 354 360 345 488 578 578 578 578 578 423 128 128 128 128 128 128 128 126 121 121 100 98 98 98 98 98 98 98 105 106 106 106 106 106 106
11384 2764 2534 1317 859 966 1113 986 999 40517 999 999 999 999 930 616 636 966 0 609 1066 1606 1608 1608 1608 1604 1398 1186 1186 1153 574 414 412 432 466 466 42384 466 466 466 466 466 472 489 494 494 494 494 494 533 564 564 564 564 564 564 564 564 564 564 525 556 564 580 587 587 587 587 587 587 199 130 130 130 130 130 130 130 217 333 112 100 100 100 100 100 100 100 100 101 103 107 108 108 108 108
