meteoriteanalysis/data/pop/popcount/gpw_pop_counts_hd_1990a.asc
ncols 720 
nrows 360
xllcorner -180
yllcorner -90
cellsize .5
NODATA_value -99
[rows 0 to 59 of 360, columns 576 to 671 of 720]
-99 -99 -99 -99 -99 -99 -99 -99 -99 -99 -99 -99 -99 -99 -99 -99 -99 -99 -99 -99 -99 -99 -99 -99 -99 -99 -99 -99 -99 -99 -99 -99 -99 -99 -99 -99 -99 -99 -99 -99 -99 -99 -99 -99 -99 -99 -99 -99 -99 -99 -99 -99 -99 -99 -99 -99 -99 -99 -99 -99 -99 -99 -99 -99 -99 -99 -99 -99 -99 -99 -99 -99 -99 -99 -99 -99 -99 -99 -99 -99 -99 -99 -99 -99 -99 -99 -99 -99 -99 -99 -99 -99 -99 -99 -99 -99
-99 -99 -99 -99 -99 -99 -99 -99 -99 -99 -99 -99 -99 -99 -99 -99 -99 -99 -99 -99 -99 -99 -99 -99 -99 -99 -99 -99 -99 -99 -99 -99 -99 -99 -99 -99 -99 -99 -99 -99 -99 -99 -99 -99 -99 -99 -99 -99 -99 -99 -99 -99 -99 -99 -99 -99 -99 -99 -99 -99 -99 -99 -99 -99 -99 -99 -99 -99 -99 -99 -99 -99 -99 -99 -99 -99 -99 -99 -99 -99 -99 -99 -99 -99 -99 -99 -99 -99 -99 -99 -99 -99 -99 -99 -99 -99
-99 -99 -99 -99 -99 -99 -99 -99 -99 -99 -99 -99 -99 -99 -99 -99 -99 -99 -99 -99 -99 -99 -99 -99 -99 -99 -99 -99 -99 -99 -99 -99 -99 -99 -99 -99 -99 -99 -99 -99 -99 -99 -99 -99 -99 -99 -99 -99 -99 -99 -99 -99 -99 -99 -99 -99 -99 -99 -99 -99 -99 -99 -99 -99 -99 -99 -99 -99 -99 -99 -99 -99 -99 -99 -99 -99 -99 -99 -99 -99 -99 -99 -99 -99 -99 -99 -99 -99 -99 -99 -99 -99 -99 -99 -99 -99
-99 -99 -99 -99 -99 -99 -99 -99 -99 -99 -99 -99 -99 -99 -99 -99 -99 -99 -99 -99 -99 -99 -99 -99 -99 -99 -99 -99 -99 -99 -99 -99 -99 -99 -99 -99 -99 -99 -99 -99 -99 -99 -99 -99 -99 -99 -99 -99 -99 -99 -99 -99 -99 -99 -99 -99 -99 -99 -99 -99 -99 -99 -99 -99 -99 -99 -99 -99 -99 -99 -99 -99 -99 -99 -99 -99 -99 -99 -99 -99 -99 -99 -99 -99 -99 -99 -99 -99 -99 -99 -99 -99 -99 -99 -99 -99
-99 -99 -99 -99 -99 -99 -99 -99 -99 -99 -99 -99 -99 -99 -99 -99 -99 -99 -99 -99 -99 -99 -99 -99 -99 -99 -99 -99 -99 -99 -99 -99 -99 -99 -99 -99 -99 -99 -99 -99 -99 -99 -99 -99 -99 -99 -99 -99 -99 -99 -99 -99 -99 -99 -99 -99 -99 -99 -99 -99 -99 -99 -99 -99 -99 -99 -99 -99 -99 -99 -99 -99 -99 -99 -99 -99 -99 -99 -99 -99 -99 -99 -99 -99 -99 -99 -99 -99 -99 -99 -99 -99 -99 -99 -99 -99
-99 -99 -99 -99 -99 -99 -99 -99 -99 -99 -99 -99 -99 -99 -99 -99 -99 -99 -99 -99 -99 -99 -99 -99 -99 -99 -99 -99 -99 -99 -99 -99 -99 -99 -99 -99 -99 -99 -99 -99 -99 -99 -99 -99 -99 -99 -99 -99 -99 -99 -99 -99 -99 -99 -99 -99 -99 -99 -99 -99 -99 -99 -99 -99 -99 -99 -99 -99 -99 -99 -99 -99 -99 -99 -99 -99 -99 -99 -99 -99 -99 -99 -99 -99 -99 -99 -99 -99 -99 -99 -99 -99 -99 -99 -99 -99
-99 -99 -99 -99 -99 -99 -99 -99 -99 -99 -99 -99 -99 -99 -99 -99 -99 -99 -99 -99 -99 -99 -99 -99 -99 -99 -99 -99 -99 -99 -99 -99 -99 -99 -99 -99 -99 -99 -99 -99 -99 -99 -99 -99 -99 -99 -99 -99 -99 -99 -99 -99 -99 -99 -99 -99 -99 -99 -99 -99 -99 -99 -99 -99 -99 -99 -99 -99 -99 -99 -99 -99 -99 -99 -99 -99 -99 -99 -99 -99 -99 -99 -99 -99 -99 -99 -99 -99 -99 -99 -99 -99 -99 -99 -99 -99
-99 -99 -99 -99 -99 -99 -99 -99 -99 -99 -99 -99 -99 -99 -99 -99 -99 -99 -99 -99 -99 -99 -99 -99 -99 -99 -99 -99 -99 -99 -99 -99 -99 -99 -99 -99 -99 -99 -99 -99 -99 -99 -99 -99 -99 -99 -99 -99 -99 -99 -99 -99 -99 -99 -99 -99 -99 -99 -99 -99 -99 -99 -99 -99 -99 -99 -99 -99 -99 -99 -99 -99 -99 -99 -99 -99 -99 -99 -99 -99 -99 -99 -99 -99 -99 -99 -99 -99 -99 -99 -99 -99 -99 -99 -99 -99
-99 -99 -99 -99 -99 -99 -99 -99 -99 -99 -99 -99 -99 -99 -99 -99 -99 -99 -99 -99 -99 -99 -99 -99 -99 -99 -99 -99 -99 -99 -99 -99 -99 -99 -99 -99 -99 -99 -99 -99 -99 -99 -99 -99 -99 -99 -99 -99 -99 -99 -99 -99 -99 -99 -99 -99 -99 -99 -99 -99 -99 -99 -99 -99 -99 -99 -99 -99 -99 -99 -99 -99 -99 -99 -99 -99 -99 -99 -99 -99 -99 -99 -99 -99 -99 -99 -99 -99 -99 -99 -99 -99 -99 -99 -99 -99
-99 -99 -99 -99 -99 -99 -99 -99 -99 -99 -99 -99 -99 -99 -99 -99 -99 -99 -99 -99 -99 -99 -99 -99 -99 -99 -99 -99 -99 -99 -99 -99 -99 -99 -99 -99 -99 -99 -99 -99 -99 -99 -99 -99 -99 -99 -99 -99 -99 -99 -99 -99 -99 -99 -99 -99 -99 -99 -99 -99 -99 -99 -99 -99 -99 -99 -99 -99 -99 -99 -99 -99 -99 -99 -99 -99 -99 -99 -99 -99 -99 -99 -99 -99 -99 -99 -99 -99 -99 -99 -99 -99 -99 -99 -99 -99
0 0 0 0 0 0 0 0 0 0 0 0 0 0 0 0 0 0 0 0 0 0 0 0 0 0 0 0 0 0 0 0 0 0 0 0 0 0 0 0 0 0 0 0 0 0 0 0 0 0 0 0 0 0 0 0 0 0 0 0 0 0 0 0 0 0 0 0 0 0 0 0 0 0 0 0 0 0 0 0 0 0 0 0 0 0 0 0 0 0 0 0 0 0 0 0
0 0 0 0 0 0 0 0 0 0 0 0 0 0 0 0 0 0 0 0 0 0 0 0 0 0 0 0 0 0 0 0 0 0 0 0 0 0 0 0 0 0 0 0 0 0 0 0 0 0 0 0 0 0 0 0 0 0 0 0 0 0 0 0 0 0 0 0 0 0 0 0 0 0 0 0 0 0 0 0 0 0 0 0 0 0 0 0 0 0 0 0 0 0 0 0
0 0 0 0 0 0 0 0 0 0 0 0 0 0 0 0 0 0 0 0 0 0 0 0 0 0 0 0 0 0 0 0 0 0 0 0 0 0 0 0 0 0 0 0 0 0 0 0 0 0 0 0 0 0 0 0 0 0 0 0 0 0 0 0 0 0 0 0 0 0 0 0 0 0 0 0 0 0 0 0 0 0 0 0 0 0 0 0 0 0 0 0 0 0 0 0
0 0 0 0 0 0 0 0 0 0 0 0 0 0 0 0 0 0 0 0 0 0 0 0 0 0 0 0 0 0 0 0 0 0 0 0 0 0 0 0 0 0 0 0 0 0 0 0 0 0 0 0 0 0 0 0 0 0 0 0 0 0 0 0 0 0 0 0 0 0 0 0 0 0 0 0 0 0 0 0 0 0 0 0 0 0 0 0 0 0 0 0 0 0 0 0
0 0 0 0 0 0 0 0 0 0 0 0 0 0 0 0 0 0 0 0 0 0 0 0 0 0 0 0 0 0 0 0 0 0 0 0 0 0 0 0 0 0 0 0 0 0 0 0 0 0 0 0 0 0 0 0 0 0 0 0 0 0 0 0 0 0 0 0 0 0 0 0 0 0 0 0 0 0 0 0 0 0 0 0 0 0 0 0 0 0 0 0 0 0 0 0
0 0 0 0 0 0 0 0 0 0 0 0 0 0 0 0 0 0 0 0 0 0 0 0 0 0 0 0 0 0 0 0 0 0 0 0 0 0 0 0 0 0 0 0 0 0 0 0 0 0 0 0 0 0 0 0 0 0 0 0 0 0 0 0 0 0 0 0 0 0 0 0 0 0 0 0 0 0 0 0 0 0 0 0 0 0 0 0 0 0 0 0 0 0 0 0
0 0 0 0 0 0 0 0 0 0 0 0 0 0 0 0 0 0 0 0 0 0 0 0 0 0 0 0 0 0 0 0 0 0 0 0 0 0 0 0 0 0 0 0 0 0 0 0 0 0 0 0 0 0 0 0 0 0 0 0 0 0 0 0 0 0 0 0 0 0 0 0 0 0 0 0 0 0 0 0 0 0 0 0 0 0 0 0 0 0 0 0 0 0 0 0
0 0 0 0 0 0 0 0 0 0 0 0 0 0 0 0 0 0 0 0 0 0 0 0 0 0 0 0 0 0 0 0 0 0 0 0 0 0 0 0 0 0 0 0 0 0 0 0 0 0 0 0 0 0 0 0 0 0 0 0 0 0 0 0 0 0 0 0 0 0 0 0 0 0 0 0 0 0 0 0 0 0 0 0 0 0 0 0 0 0 0 0 0 0 0 0
0 0 0 0 0 0 0 0 0 0 0 0 0 0 0 0 0 0 0 0 0 0 0 0 0 0 0 0 0 0 0 0 0 0 0 0 0 0 0 0 0 0 0 0 0 0 0 0 0 0 0 0 0 0 0 0 0 0 0 0 0 0 0 0 0 0 0 0 0 0 0 0 0 0 0 0 0 0 0 0 0 0 0 0 0 0 0 0 0 0 0 0 0 0 0 0
0 0 0 0 0 0 0 0 0 0 0 0 0 0 0 0 0 0 0 0 0 0 0 0 0 0 0 0 0 0 0 0 0 0 0 0 0 0 0 0 0 0 0 0 0 0 0 0 0 0 0 0 0 0 0 0 0 0 0 0 0 0 0 0 0 0 0 0 0 0 0 0 0 0 0 0 0 0 0 0 0 0 0 0 0 0 0 0 0 0 0 0 0 0 0 0
0 0 0 0 0 0 0 0 0 0 0 0 0 0 0 0 0 0 0 0 0 0 0 0 0 0 0 0 0 0 0 0 0 0 0 0 0 0 0 0 0 0 0 0 0 0 0 0 0 0 0 0 0 0 0 0 0 0 0 0 0 0 0 0 0 0 0 0 0 0 0 0 0 0 0 0 0 0 0 0 0 0 0 0 0 0 0 0 0 0 0 0 0 0 0 0
0 0 0 0 0 0 0 0 0 0 0 0 0 0 0 0 0 0 0 0 0 0 0 0 0 0 0 0 0 0 0 0 0 0 0 0 0 0 0 0 0 0 0 0 0 0 0 0 0 0 0 0 0 0 0 0 0 0 0 0 0 0 0 0 0 0 0 0 0 0 0 0 0 0 0 0 0 0 0 0 0 0 0 0 0 0 0 0 0 0 0 0 0 0 0 0
0 0 0 0 0 0 0 0 0 0 0 0 0 0 0 0 0 0 0 0 0 0 0 0 0 0 0 0 0 0 0 0 0 0 0 0 0 0 0 0 0 0 0 0 0 0 0 0 0 0 0 0 0 0 0 0 0 0 0 0 0 0 0 0 0 0 0 0 0 0 0 0 0 0 0 0 0 0 0 0 0 0 0 0 0 0 0 0 0 0 0 0 0 0 0 0
0 0 0 0 0 0 0 0 0 0 0 0 0 0 0 0 0 0 0 0 0 0 0 0 0 0 0 0 0 0 0 0 0 0 0 0 0 0 0 0 0 0 0 0 0 0 0 0 0 0 0 0 0 0 0 0 0 0 0 0 0 0 0 0 0 0 0 0 0 0 0 0 0 0 0 0 0 0 0 0 0 0 0 0 0 0 0 0 0 0 0 0 0 0 0 0
0 0 0 0 0 0 0 0 0 0 0 0 0 0 0 0 0 0 0 0 0 0 0 0 0 0 0 0 0 0 0 0 0 0 0 0 0 0 0 0 0 0 0 0 0 0 0 0 0 0 0 0 0 0 0 0 0 0 0 0 0 0 0 0 0 0 0 0 0 0 0 0 0 0 0 0 0 0 0 0 0 0 0 0 0 0 0 0 0 0 0 0 0 0 0 0
0 0 0 0 0 0 0 0 0 0 0 0 0 0 0 0 0 0 0 0 0 0 0 0 0 0 0 0 0 0 0 0 0 0 0 0 0 0 0 0 0 0 0 0 0 0 0 0 0 0 0 0 0 0 0 0 0 0 0 0 0 0 0 0 0 0 0 0 0 0 0 0 0 0 0 0 0 0 0 0 0 0 0 0 0 0 0 0 0 0 0 0 0 0 0 0
9 8 9 9 8 9 9 0 0 0 0 0 0 0 0 0 0 0 0 0 0 0 0 0 0 0 0 0 0 0 0 0 0 0 0 0 0 0 0 0 0 0 0 0 0 0 0 0 0 0 0 0 0 0 0 0 0 0 0 0 0 0 0 0 0 0 0 0 0 0 0 0 0 0 0 0 0 0 0 0 0 0 0 0 0 0 0 0 0 0 0 0 0 0 0 0
19 19 19 19 19 19 19 18 17 0 9 0 0 0 0 0 0 0 0 0 0 0 0 0 0 0 0 0 0 0 0 0 0 0 0 0 0 0 0 0 0 0 0 0 0 0 0 0 0 0 0 0 0 0 0 0 0 0 0 0 0 58 0 0 0 0 0 0 0 0 0 0 0 0 0 0 0 0 0 0 0 0 0 0 0 0 0 0 0 0 0 0 0 0 0 0
19 19 19 19 19 19 19 19 19 15 16 9 0 0 0 0 0 0 0 0 0 0 0 0 0 0 0 0 0 0 0 0 0 0 0 0 0 0 0 0 0 0 0 0 0 0 0 0 0 0 0 0 0 0 0 63 0 0 0 157 166 166 166 152 103 0 165 166 156 116 105 114 0 0 0 0 0 0 0 0 0 0 0 0 0 0 0 0 0 0 0 0 0 0 0 0
20 20 20 20 20 20 20 20 20 20 15 0 0 0 0 0 0 0 0 0 0 0 0 0 0 0 0 0 0 0 0 0 0 0 0 0 0 0 0 0 0 0 0 0 0 0 0 0 0 0 0 0 0 0 0 0 0 0 104 169 172 172 172 172 172 172 172 172 171 172 172 151 158 90 0 0 0 0 29 34 32 18 0 0 0 0 0 0 0 0 0 0 0 0 0 0
21 21 21 21 21 20 15 13 10 5 0 0 0 0 0 0 0 0 0 0 0 0 0 0 0 0 0 0 0 0 0 0 0 0 0 0 0 0 0 0 0 0 0 0 0 0 0 0 0 0 0 0 0 0 0 0 0 0 0 0 81 104 0 0 59 44 30 0 43 51 39 0 0 0 0 0 0 0 0 0 18 21 21 18 14 0 0 0 0 0 0 0 0 0 0 0
21 21 19 0 0 0 0 0 0 0 0 0 0 0 0 0 0 0 0 0 0 0 0 0 0 0 0 0 0 0 0 0 0 0 0 0 0 0 0 0 0 0 0 0 0 0 0 0 0 0 0 0 0 0 0 0 0 0 0 0 0 0 0 0 0 100 0 0 0 0 0 0 0 0 0 0 0 0 0 0 0 0 0 0 0 0 0 0 0 0 0 0 0 0 0 0
0 0 0 0 0 21 45 33 27 33 32 0 0 0 0 26 22 20 0 0 0 0 0 0 0 0 0 0 0 0 0 0 37 37 0 0 0 0 0 0 0 0 0 0 0 0 0 0 0 0 0 0 0 0 0 0 0 0 0 0 0 0 0 0 0 62 132 150 144 106 0 0 0 0 0 0 0 0 0 0 0 0 0 0 0 0 0 0 0 0 0 0 0 0 0 0
9 15 18 20 28 58 68 68 68 68 0 56 67 68 68 68 68 68 68 71 68 0 0 0 0 0 0 0 0 0 0 71 78 78 78 74 74 64 0 0 0 32 0 0 0 0 0 0 0 0 0 0 0 0 0 0 0 0 0 0 0 0 0 0 0 0 0 0 0 0 117 0 0 0 0 0 0 0 0 0 0 0 0 0 0 0 0 0 0 0 0 0 0 0 0 0
23 23 23 23 23 44 67 70 70 70 70 70 70 70 70 70 70 70 70 70 71 73 75 75 79 74 71 74 74 73 70 80 80 80 80 80 80 0 0 80 80 77 0 0 0 0 0 0 0 0 0 0 0 0 0 0 0 0 0 0 0 0 0 0 0 24 123 0 0 0 0 0 0 0 0 0 0 0 0 0 0 0 0 0 0 0 0 0 0 0 0 0 0 0 0 0
24 24 24 24 24 24 37 54 56 53 63 0 72 72 72 72 62 56 53 44 58 58 50 43 38 61 82 82 82 82 82 82 82 82 82 82 82 82 82 82 82 0 0 0 0 0 0 0 0 0 0 0 0 0 0 0 0 0 0 0 0 0 0 0 177 202 206 206 206 206 204 179 149 137 129 120 95 0 0 0 0 0 0 0 0 0 0 0 0 0 0 0 0 0 0 0
25 25 25 25 25 25 25 24 14 14 36 71 74 74 61 32 14 14 14 14 14 14 14 14 14 19 39 60 84 85 85 85 85 85 85 85 85 85 75 84 85 0 0 0 0 0 0 0 0 149 0 0 0 0 0 0 0 0 0 0 0 0 0 0 210 211 211 211 211 187 73 49 49 49 49 49 49 49 49 49 49 49 0 35 0 0 0 0 0 0 0 0 0 0 0 0
25 25 25 25 25 25 25 25 22 16 14 39 76 69 31 14 14 14 14 14 14 14 14 14 14 14 14 14 37 87 87 87 87 87 87 87 87 87 76 85 87 87 80 0 0 0 0 0 203 217 216 185 160 175 217 217 217 215 195 119 193 217 193 0 216 217 217 217 215 73 50 50 50 50 50 50 50 42 46 50 50 50 50 48 50 45 0 0 0 0 0 0 0 0 0 0
26 26 26 26 23 21 18 16 15 15 17 34 39 28 15 15 15 15 15 15 15 15 15 15 15 16 22 54 84 89 89 89 89 89 89 89 85 85 80 84 89 89 89 89 81 63 44 79 158 223 223 223 223 223 0 0 223 223 223 212 206 220 223 223 223 223 218 0 65 52 52 52 52 52 52 52 51 49 49 48 52 52 52 52 52 52 51 47 58 98 103 112 131 146 150 150
27 27 24 19 16 15 15 15 15 15 15 15 15 15 15 15 15 15 15 15 15 15 15 15 46 89 91 91 91 91 91 91 91 91 91 78 81 90 91 91 91 91 91 91 91 91 91 91 105 121 187 228 228 228 228 228 228 228 228 228 228 228 228 228 228 224 87 53 53 53 53 53 53 53 53 53 53 53 53 53 53 53 53 53 53 53 53 53 0 154 154 154 154 154 154 154
21 21 18 15 15 15 15 15 15 15 15 15 15 15 15 15 15 15 15 15 15 15 0 15 59 93 93 93 93 93 93 93 93 89 83 91 93 93 93 93 93 93 93 93 93 93 93 93 93 93 138 206 197 199 211 209 206 226 234 234 234 234 234 234 234 234 226 207 142 63 63 64 57 54 54 55 54 0 54 54 54 54 55 61 67 74 80 77 134 158 158 158 158 158 0 158
16 16 16 16 16 16 16 16 16 16 16 16 16 16 16 16 16 16 16 16 16 16 16 30 53 53 48 66 83 91 96 96 89 78 91 96 96 96 96 96 96 96 96 96 96 96 94 83 79 70 53 179 198 198 198 198 198 211 225 230 239 239 239 239 239 239 239 177 159 117 102 102 100 101 92 99 88 69 80 80 82 91 98 99 99 99 97 92 108 118 117 122 146 159 162 0
16 16 16 16 16 16 16 16 16 16 16 16 16 16 16 16 16 16 16 16 16 16 16 16 29 48 48 48 48 48 51 52 53 48 48 60 68 69 67 64 62 54 60 60 48 55 45 43 43 43 43 180 203 203 203 203 203 203 203 203 228 245 245 245 245 245 244 203 108 104 104 104 104 104 104 104 104 104 104 104 103 103 101 101 101 101 101 91 0 101 101 101 101 88 89 119
16 16 16 16 16 16 16 16 16 16 16 16 16 16 16 16 16 16 16 16 16 23 27 43 49 49 49 49 48 49 43 39 49 49 49 49 49 48 45 44 44 44 44 44 44 44 44 44 44 44 44 194 208 208 208 208 208 208 208 208 208 219 250 250 250 250 174 107 107 107 107 107 107 107 107 107 107 107 107 106 104 103 103 97 103 101 83 75 0 99 103 103 103 91 89 103
17 17 17 17 17 17 17 17 17 17 17 17 17 17 17 17 17 17 17 23 38 48 50 50 50 50 50 50 50 48 40 48 46 50 50 50 50 49 47 45 45 45 45 45 45 45 45 45 45 45 45 208 212 212 212 212 212 212 212 183 207 221 212 173 114 106 111 98 104 107 109 109 109 109 109 109 109 109 108 111 127 132 125 107 105 105 105 100 105 105 105 0 104 102 105 99
17 17 17 17 17 17 17 17 17 17 17 17 17 17 17 17 17 17 17 28 35 42 63 51 51 51 51 51 51 51 34 49 51 51 51 51 51 51 49 46 46 46 46 46 46 46 46 46 46 46 112 217 217 217 217 217 217 217 217 217 206 217 139 69 67 67 67 67 67 0 81 99 111 111 108 90 84 92 74 76 110 165 165 162 157 137 116 108 108 108 108 108 108 108 108 108
191 255 139 17 61 126 171 214 187 119 38 17 17 17 17 17 17 17 17 17 23 115 379 597 325 64 52 52 52 52 46 40 52 52 52 52 52 52 49 47 47 47 47 47 47 47 47 47 47 85 216 221 221 221 221 221 221 0 221 221 221 221 221 199 161 108 68 68 68 68 68 68 74 85 72 68 68 68 68 80 101 151 168 168 168 168 168 154 121 110 110 110 110 110 110 110
421 421 356 316 418 421 421 421 421 421 312 39 18 18 18 18 18 18 18 18 463 689 689 690 690 161 53 53 53 53 53 34 48 53 53 53 53 73 224 183 216 214 200 164 50 48 48 48 85 208 226 226 226 226 226 226 226 226 226 226 226 226 220 156 135 80 70 70 70 70 70 70 70 70 70 70 70 70 72 164 172 172 172 172 172 172 172 172 171 149 133 117 135 156 152 154
429 411 429 429 429 429 429 429 420 147 19 18 18 18 18 18 18 18 18 114 592 703 703 703 620 63 54 54 54 54 54 52 0 54 54 54 54 59 191 252 252 252 252 252 233 172 108 140 227 230 230 230 230 228 226 222 220 220 221 222 224 223 224 133 71 71 71 71 71 71 71 71 71 71 71 71 71 71 71 146 175 175 175 175 175 175 175 175 175 175 181 209 213 236 236 236
437 437 437 437 437 437 437 437 384 60 19 19 19 19 19 28 22 32 460 792 797 739 717 717 717 648 146 0 55 55 55 55 0 50 130 155 167 210 257 257 257 257 257 257 257 257 255 238 235 234 233 231 229 224 224 224 224 224 224 224 224 224 239 368 391 381 328 274 220 156 78 73 73 73 73 73 73 73 73 87 153 178 178 178 178 178 178 178 178 204 224 240 240 240 240 240
445 445 445 445 445 445 445 445 445 406 243 162 21 269 574 758 696 726 813 813 813 807 733 730 730 730 730 669 521 387 254 227 0 344 175 0 257 262 262 262 262 262 262 262 262 262 262 260 242 235 228 228 228 228 228 228 228 228 228 228 228 228 288 419 463 463 463 463 463 463 437 334 169 74 74 74 74 74 74 85 193 185 182 229 182 182 182 182 189 229 245 245 245 245 245 245
253 420 454 454 454 454 454 454 454 454 454 454 631 821 828 828 828 828 828 828 828 828 756 743 743 744 744 744 732 733 744 744 684 535 273 0 240 236 252 266 266 266 266 266 266 266 266 266 266 241 232 232 232 232 232 224 231 232 232 232 232 232 232 252 434 471 471 471 471 471 471 471 457 396 356 255 356 459 352 317 1013 1288 1183 1345 767 958 979 400 240 249 249 249 249 249 251 304
205 348 445 462 459 462 462 462 462 462 462 548 687 697 752 838 843 843 843 843 843 843 837 762 757 757 757 757 0 757 757 439 271 269 250 271 271 271 253 242 232 258 257 271 638 584 500 596 442 236 236 236 236 236 236 236 236 236 236 236 236 236 236 236 280 480 480 480 480 480 480 480 480 480 520 1131 1371 1379 1379 1378 1430 1392 1379 1496 1563 1413 1070 333 254 254 254 254 254 265 410 431
97 97 157 470 371 428 411 418 449 464 464 511 641 692 706 772 843 851 854 858 858 858 849 780 770 770 770 770 771 771 771 654 479 406 332 279 282 289 309 443 753 1898 1952 1596 1745 1727 1734 1784 1837 987 825 731 240 240 240 240 240 240 240 240 240 240 253 366 436 488 488 488 488 488 488 488 488 488 889 1403 1403 1403 1403 1403 1695 2467 2436 2506 2565 2343 972 258 258 258 258 258 258 266 404 439
99 99 139 443 478 459 335 441 444 474 466 32137 710 712 716 716 716 716 718 755 795 806 810 774 783 783 783 783 783 761 703 672 718 626 595 375 356 356 356 552 1791 2586 2591 2068 2003 1893 1893 1893 1785 1301 1294 1218 337 245 245 245 245 245 245 245 245 245 259 446 495 490 497 497 497 497 497 497 497 497 721 1427 1427 1427 1425 1427 1427 2150 2610 2610 2610 2610 2458 1107 400 263 263 263 284 385 440 446
101 101 111 285 456 440 376 486 486 486 486 11306 520 661 728 728 728 728 728 728 728 728 728 729 757 797 797 797 641 371 362 362 362 362 362 362 362 362 362 411 1284 48212 52030 49381 3231 3461 2611 2339 2496 1472 1316 1316 1313 1157 602 249 249 249 249 276 296 322 316 330 296 180 234 446 495 505 482 505 505 636 1354 1385 1323 1122 1073 1188 1112 1262 2011 2654 2654 2654 2654 2652 1014 377 449 300 339 447 454 454
102 102 102 402 494 494 484 494 494 494 495 606 609 828 778 845 821 754 740 740 740 740 659 429 521 544 570 681 662 474 342 359 368 368 368 368 368 368 755 1841 1952 23216 50601 30437 4483 4483 4380 2906 2803 2537 2154 2113 1595 1337 0 288 278 275 282 334 339 339 338 248 177 177 177 177 209 245 183 241 289 199 262 192 676 1050 1050 1050 1050 1050 1069 1385 2398 2696 2633 2561 2405 2392 1727 461 461 461 461 461
104 104 104 179 354 502 502 502 502 553 897 1069 1069 1069 1069 1069 1069 1052 818 752 644 460 319 310 310 310 310 310 310 310 310 317 344 1018 1247 2105 2171 2142 2277 2279 2271 2251 2342 2845 4053 3733 1698 1071 1461 1276 1729 1457 1090 622 412 344 344 344 344 344 319 236 194 180 180 180 180 180 180 180 180 180 180 180 180 180 190 750 906 1053 1067 1067 1067 1067 1316 1707 2588 2596 2596 2358 1241 469 469 469 472 471
106 106 106 106 644 1059 1042 931 922 1039 1086 1086 1086 1086 1084 1074 1086 1086 926 393 315 315 315 315 315 311 301 305 308 307 305 304 303 891 1951 1433 737 659 626 614 923 1288 1519 1856 2632 1726 993 993 965 838 351 350 350 350 350 350 350 350 350 350 282 183 183 183 183 183 183 183 183 183 183 183 183 183 183 240 330 478 484 591 538 848 894 892 1083 1109 2450 2453 1712 1023 484 483 484 484 473 285
107 107 107 400 1099 1103 1103 1103 1103 1103 1103 1103 1084 815 380 314 538 772 409 320 320 320 320 319 305 302 312 320 320 320 320 320 320 325 408 473 524 580 648 658 658 706 1008 1008 1008 1008 1007 1007 569 355 355 355 355 355 355 355 355 355 355 355 259 186 186 186 186 186 186 186 186 186 186 186 186 185 186 331 363 466 492 492 492 492 492 492 930 2357 1517 498 492 492 492 492 479 0 0 0
