meteoriteanalysis/data/pop/popcount/gpw_pop_counts_hd_1990.asc
ncols 720 
nrows 360
xllcorner -180
yllcorner -90
cellsize .5
NODATA_value -99
[rows 180 to 239 of 360, columns 384 to 479 of 720]
3766 4074 4656 5672 6456 7084 8258 7894 7412 5245 2319 8036 152130 19614 17057 18469 23658 27348 27835 25944 25275 21407 17329 30824 18979 11072 10571 10571 11121 9721 5523 5673 46996 140905 144459 0 342757 192183 226404 549089 0 0 0 0 0 0 590424 343722 507759 314024 404641 554029 70250 11619 9502 41187 2898 2744 19210 43577 46145 0 0 0 0 0 0 0 0 0 0 0 0 0 0 0 0 0 0 0 0 0 0 0 0 0 0 0 0 0 0 0 0 0 0 0
8218 4142 4147 5959 3975 8075 11913 9254 8173 5694 4422 27307 33197 24541 18209 17548 15148 24926 27888 26729 25587 21978 20040 12122 11605 10896 10569 10569 11717 13058 13404 17487 22302 34574 211675 340147 535772 349427 250557 0 0 0 0 0 405430 1344180 594500 135745 179796 795974 903912 217637 85998 34676 10536 16049 3248 2944 17436 30252 0 0 0 0 0 0 0 0 0 0 0 0 0 0 0 0 0 0 0 0 0 0 0 0 0 0 0 0 0 0 0 0 0 0 0 0
7634 5430 22524 11914 4271 5441 9711 10461 7991 10585 22996 30843 28600 28298 22006 8064 5244 4769 10527 16651 25581 23423 20786 18248 13060 11579 10690 10826 12991 13419 17180 22297 22297 352789 352569 732154 503684 157493 187145 135343 0 0 0 0 337614 266812 68095 58334 94867 1882238 540046 247142 117116 40875 15021 14569 5488 8150 11717 12044 0 0 0 0 0 0 0 0 0 0 0 0 0 0 0 0 0 0 0 0 0 0 0 0 0 0 0 0 0 0 0 0 0 0 0 0
8649 9530 23882 17472 3698 4583 9592 12872 14206 24054 25318 25487 0 25812 25546 13290 4914 4762 4762 4789 19697 19864 20439 18665 15433 12608 10956 15807 15960 13938 14009 20081 42882 332588 0 1272697 1000125 169995 189335 0 0 0 0 219850 177344 63524 32793 37843 34947 46212 371721 281032 55242 25145 14451 13559 15142 23196 17373 0 0 0 0 0 0 0 0 0 0 0 0 0 0 0 0 0 0 0 0 0 0 0 0 0 0 0 0 0 0 0 0 0 0 0 0 0
7173 8762 4349 10190 8913 6611 4745 10073 38250 28357 18188 21477 29033 27200 23542 12761 7573 6921 4886 5395 9864 11493 12012 11571 12494 20662 19949 21095 20581 23722 22501 26092 143342 339114 625598 1102907 714156 333977 156314 94024 74234 0 0 221237 131301 31563 24330 16067 20160 31676 47192 135506 50392 19691 9891 19926 12176 36639 0 0 0 0 0 0 0 0 0 0 0 0 0 0 0 0 0 0 0 0 0 0 0 0 0 0 0 0 0 0 0 0 0 0 0 0 0 0
15839 13811 8855 6969 7914 4286 3736 4018 38501 30998 20287 44837 45236 47395 10768 7754 7754 7787 7877 8117 13179 11519 31089 22047 25109 26714 22000 21106 35117 42403 26620 27300 130515 770190 567195 1174476 707685 109835 75633 0 259977 341232 341843 178536 118244 108991 52356 15641 22490 33119 100318 58855 47523 21035 19673 87699 0 0 0 0 0 0 0 0 0 0 0 0 0 0 0 0 0 0 0 0 0 0 0 0 0 0 0 0 0 0 0 0 0 0 0 0 0 0 0 0
14368 15150 11571 9359 10331 5782 5119 4464 15636 15250 78676 62579 48327 41700 7758 7746 7746 7840 7895 7917 15640 17200 79403 64701 26686 24173 14592 15858 43826 45522 30376 48959 76900 271421 775063 998034 457023 157497 68718 82986 152984 206348 233611 167518 104575 61502 27921 52856 29060 408855 436951 276787 78277 5578 59501 97797 0 0 0 0 0 0 0 0 0 0 0 0 0 0 0 0 0 0 0 0 0 0 0 0 0 0 0 0 0 0 0 0 0 0 0 0 0 0 0 0
32152 32246 15305 30038 27662 7088 258834 272858 14711 15221 31324 45848 50378 58813 37866 8737 7742 7844 9047 9269 16395 17805 72646 74719 26672 19206 8297 8300 46570 50654 28301 30392 71934 119944 0 568981 316187 35921 57008 84585 84585 104623 165943 164367 119685 75812 0 110104 37589 61783 92364 0 44762 40836 130495 0 0 0 0 0 0 0 0 0 0 0 0 0 0 0 0 0 0 0 0 0 0 0 0 0 0 0 0 0 0 0 0 0 0 0 0 0 0 0 0 0
45685 43180 61972 61246 47703 53484 3445068 564990 44356 41710 46347 59299 149267 166077 109432 79499 23168 29415 36439 36736 35366 23526 30634 32081 24112 25272 8358 8297 47669 53371 22161 23967 42234 69968 0 292230 141935 61956 41547 52230 67207 107149 122760 99614 119941 114015 113451 121710 69260 12686 12686 80997 137949 186315 138874 0 0 0 0 0 0 0 0 0 0 0 0 0 0 0 0 0 0 0 0 0 0 0 0 0 0 0 0 0 0 0 0 0 0 0 0 0 0 0 0 0
205228 108321 125162 62736 78778 76325 94463 67055 48664 49925 49795 94978 143964 182083 123477 88357 46583 38132 37242 37200 50939 38814 22382 19951 22331 20754 8543 20060 53133 49632 20445 20420 20420 51204 0 68132 101399 80015 35517 29793 29692 64376 76014 72217 105334 93906 92433 84332 58455 12677 12677 20158 227124 208564 89315 0 0 0 0 0 0 0 0 0 0 0 0 0 0 0 0 0 0 0 0 0 0 0 0 0 0 0 0 0 0 0 0 0 0 0 0 0 0 0 0 0
51099 205954 195653 91156 95466 161536 114651 87969 54075 50528 50222 102955 109345 140024 93137 87670 52130 38448 43494 56034 71151 48864 31736 22193 23066 26580 24200 24217 41589 50081 50081 29789 19338 32514 0 0 57818 67099 52429 29770 29695 28763 28741 30734 76078 91376 85817 83595 50997 12667 21496 58063 90462 142736 212675 0 0 0 0 0 0 0 0 0 0 0 0 0 0 0 0 0 0 0 0 0 0 0 0 0 0 0 0 0 0 0 0 0 0 0 0 0 0 0 0 0
37775 126829 251688 138336 64062 121670 95115 71313 51309 54361 47515 55349 67790 67536 68834 71271 57384 57738 48504 56667 230914 216523 124891 111043 43303 36546 24197 24197 36905 43255 30475 18578 23894 32897 20331 0 40180 18769 24220 24144 27876 28717 28717 28717 18298 26722 51948 104750 92807 31036 41650 65663 60231 51335 0 0 0 0 0 0 0 0 0 0 0 0 0 0 0 0 0 0 0 0 0 0 0 0 0 0 0 0 0 0 0 0 0 0 0 0 0 0 0 0 0 0
3809 15054 15128 15128 15128 20594 39846 39846 39846 43029 40173 23002 21860 33424 45284 69963 84084 84084 77700 72401 97069 87605 184052 893707 62600 46495 36448 28205 26688 25775 25861 22285 23006 33081 20964 0 62728 18752 18752 18752 20969 27388 28691 25557 15450 14799 60974 108090 101276 90331 81493 88273 60128 42427 0 0 0 0 0 0 0 0 0 0 0 0 0 0 0 0 0 0 0 0 0 0 0 0 0 0 0 0 0 0 0 0 0 0 0 0 0 0 0 0 0 0
0 10513 15113 15956 26334 37224 39807 39807 39807 39655 39315 36478 26715 18775 17246 35456 78847 80903 83816 73048 68315 73328 101767 166629 178548 96631 37883 32530 23376 19521 20722 20186 18858 29520 34183 0 0 20815 18733 18733 18733 24150 27299 15357 14785 17948 80317 107708 96586 84926 82805 91458 86132 90768 1488655 0 0 0 0 0 0 0 0 0 0 0 0 0 0 0 0 0 0 0 0 0 0 0 0 0 0 0 0 0 0 0 0 0 0 0 0 0 0 0 0 0
0 0 15097 20942 39764 39764 39764 39764 39124 38632 38751 39273 38683 16885 15147 8538 8310 46038 50505 48448 54421 53954 80537 96615 37233 23030 30834 32639 37485 21219 18943 18680 18652 28319 35847 32929 0 0 26210 18713 19420 20758 20767 17831 21937 49616 55836 61605 75396 80454 84627 91362 89622 78468 64947 0 0 0 0 0 0 0 0 0 0 0 0 0 0 0 0 0 0 0 0 0 0 0 0 0 0 0 0 0 0 0 0 0 0 0 0 0 0 0 0 0
0 0 12493 16408 28025 37295 40177 39718 33397 31883 33707 38458 22218 14600 13667 8301 8301 8301 8301 14626 36233 40411 68843 73224 24656 16380 17208 26916 56473 57008 54861 38950 18913 29617 29493 34811 19466 0 36917 47710 0 20743 20743 42395 68106 69357 55772 55772 55267 56314 72494 69397 45631 41130 26948 0 0 0 0 0 0 0 0 0 0 0 0 0 0 0 0 0 0 0 0 0 0 0 0 0 0 0 0 0 0 0 0 0 0 0 0 0 0 0 0 0
0 0 0 14564 17499 34893 45473 41544 31767 31227 31229 15671 8655 8291 8291 8291 8291 8291 8291 8772 11644 11644 11644 19307 22160 14010 14010 27132 46507 49575 37414 19159 20688 23078 30210 28598 26132 4669 62048 85939 88583 0 25429 73818 87107 84348 76225 68899 41963 27925 38902 15289 18938 32862 25254 0 0 0 0 0 0 0 0 0 0 0 0 0 0 0 0 0 0 0 0 0 0 0 0 0 0 0 0 0 0 0 0 0 0 0 0 0 0 0 0 0
0 0 0 229621 29349 47159 47159 36519 31187 31187 31187 12013 8280 8280 8280 8280 8280 7608 6335 7587 12490 11723 11701 17403 14271 13991 13991 41974 0 36408 14082 17610 22411 0 37406 0 15954 19887 30095 70870 103593 95929 66390 86704 88383 88120 73656 48735 20350 18967 15829 4457 4457 23265 30300 0 0 0 0 0 0 0 0 0 0 0 0 0 0 0 0 0 0 0 0 0 0 0 0 0 0 0 0 0 0 0 0 0 0 0 0 0 0 0 0 0
0 0 668729 14565 37805 47094 41540 32680 31144 31144 28076 9886 8268 8268 8268 8264 7184 6022 5963 8689 14332 14327 13943 14253 14139 13972 13974 42208 46709 13471 12236 17216 17609 0 29436 13266 14167 23106 25026 25932 43550 82466 132327 310833 113241 92597 89019 40735 18941 18941 13576 4450 4450 25082 36483 0 0 0 0 0 0 0 0 0 0 0 0 0 0 0 0 0 0 0 0 0 0 0 0 0 0 0 0 0 0 0 0 0 0 0 0 0 0 0 0 0
0 0 0 14504 23036 39636 34890 33154 32298 31098 30117 16891 9031 8256 8253 7654 5955 5955 5955 6887 13516 14706 14373 14768 15687 15133 15829 23749 24841 14105 12874 15383 18339 36436 27026 20214 13004 17415 25174 27699 25509 28746 65416 151397 37935 67311 53684 26884 26856 20739 6412 4444 4444 42336 88985 0 0 0 0 0 0 0 0 0 0 0 0 0 0 0 0 0 0 0 0 0 0 0 0 0 0 0 0 0 0 0 0 0 0 0 0 0 0 0 0 0
0 0 0 19693 21545 32495 35237 35237 34375 31072 31050 31050 21197 7706 6517 5945 5945 5945 5945 5945 11064 16899 16807 16899 38319 51778 39596 33459 21285 23080 18077 17105 17298 31000 33803 24500 18654 25270 27823 26799 17835 23374 32776 96357 0 59937 46932 30335 30335 26691 12076 12949 35609 76812 130386 129735 78604 0 0 0 0 0 0 0 0 0 0 0 0 0 0 0 0 0 0 0 0 0 0 0 0 0 0 0 0 0 0 0 0 0 0 0 0 0 0 0
0 0 0 16659 35180 35180 35180 35283 37365 39668 34385 31000 31000 14045 5936 5936 5936 5936 5936 5398 10469 16872 16524 16406 31692 51971 51831 0 26545 52891 39632 17270 17747 29261 28946 26232 22830 25748 22759 17621 14442 8507 22187 59834 0 84143 57971 30286 30286 29009 28809 34134 85446 104597 193301 181264 64876 0 0 0 0 0 0 0 0 0 0 0 0 0 0 0 0 0 0 0 0 0 0 0 0 0 0 0 0 0 0 0 0 0 0 0 0 0 0 0
0 0 0 0 35120 35120 35120 42024 49057 45831 44515 31394 30981 37553 15963 5374 5330 5730 5416 4806 7084 6582 6042 4785 21967 38877 38562 54785 56229 59163 53908 72194 28616 26481 26872 0 26424 16254 10895 16766 11105 8492 47836 121939 0 50332 77104 28955 30233 29651 28760 25347 64846 64473 45109 34045 43222 0 0 0 0 0 0 0 0 0 0 0 0 0 0 0 0 0 0 0 0 0 0 0 0 0 0 0 0 0 0 0 0 0 0 0 0 0 0 0
0 0 0 0 38146 35599 58825 134655 120326 49307 45671 42339 44674 40749 7272 4642 4642 4642 4642 4642 4642 4642 4642 4731 11729 11830 16799 40422 53282 55864 394386 331672 25596 25728 26491 29289 21929 8900 8900 10303 8875 8497 65318 123299 0 0 27398 10650 12746 11291 11381 5693 4412 19459 19245 51816 59982 0 0 0 0 0 215673 0 0 0 0 0 0 0 0 0 0 0 0 0 0 0 0 0 0 0 0 0 0 0 0 0 0 0 0 0 0 0 0 0
0 0 0 36811 48101 46044 124499 134616 119880 46623 45665 45665 44721 19155 4633 4633 4633 4633 4633 4633 4633 4633 4633 4700 11368 11813 12019 12067 12067 12098 53284 156004 84398 17116 24103 18750 11378 8921 8884 8884 18106 33349 66275 120225 0 0 14225 7601 2712 1967 1324 2270 12644 20461 16657 21795 38727 0 0 0 0 0 0 0 0 0 0 0 0 0 0 0 0 0 60680 0 0 0 0 0 0 0 0 0 0 0 0 0 0 0 0 0 0 0 0 0
0 0 36368 48009 48009 71457 133417 134355 121372 46180 45577 45577 26828 4624 4624 4624 4624 4624 4624 4624 4624 4625 4662 5396 11276 11706 10718 10762 10932 13381 21025 146976 657221 164528 15502 14629 13210 10979 9036 9835 33798 39786 128528 144995 0 9867 11779 6204 4092 3188 4894 6542 20083 20751 17355 21339 81679 0 0 0 0 0 0 0 0 0 0 0 0 0 0 0 0 0 37173 0 0 0 0 0 0 0 0 0 0 0 0 0 0 0 0 0 0 0 0 0
0 27468 47912 47912 47912 55779 118999 130084 110171 49090 45485 44416 8651 4615 4615 4615 4615 4615 4615 4615 11133 11172 11191 11218 11230 5501 2746 5193 5910 10849 20669 21109 115674 133803 15123 14322 13183 13183 13284 50084 70360 79543 166646 197742 0 0 47951 26929 3120 3478 6480 6616 31148 28516 50946 57092 98368 0 0 0 0 0 0 0 0 0 0 0 0 0 0 0 0 36165 34664 29657 0 0 0 0 0 0 0 0 0 0 0 0 0 0 0 0 0 0 0 0
0 10688 18164 40946 42289 35388 39388 55043 32586 44576 45390 30762 3011 4241 4605 4605 4605 4605 4605 4605 9954 10792 11153 11168 10349 3347 2692 4829 5898 10429 23345 23418 22207 17927 14013 13934 15952 17897 36328 69151 78996 146686 385303 381282 280285 0 73988 24923 6574 6303 9262 9342 29652 50617 67801 101188 106548 0 0 0 0 0 0 0 0 0 0 0 0 0 0 0 40746 43994 26981 61437 0 0 0 0 0 0 0 0 0 0 0 0 0 0 0 0 0 0 0 0
0 5699 5699 25156 32232 32232 32232 32232 31339 2567 18311 2022 1904 2683 3609 4346 4595 4595 4595 4595 12758 10600 9127 9058 9007 11062 3461 3328 5585 8891 24665 25956 100161 26989 13983 13983 30781 41014 43187 80894 64952 33046 126534 482843 396118 0 0 72232 32520 10586 11234 23741 0 36559 47365 82893 104608 0 0 0 0 0 0 0 0 0 0 0 0 0 0 6209 19229 24179 27478 79470 62158 0 0 0 0 0 0 0 0 0 0 0 0 0 0 0 0 0 0 0
2752 5686 9858 29439 32159 32159 32159 32159 32159 7264 1900 1900 1900 1900 1900 2517 4319 4516 4585 4585 16472 15785 21153 22049 14805 14735 12464 15488 14327 17675 21945 25881 91679 26261 17665 25033 37293 27512 18057 8581 7575 10981 10936 33927 152416 341597 0 248616 49480 50132 49776 50013 49710 36733 42186 75918 151369 166932 0 0 0 0 0 0 0 0 0 0 0 0 0 17727 46067 36376 51147 86815 40891 0 0 0 0 0 0 0 0 0 0 0 0 0 0 0 0 0 0 0
4715 5673 14814 31983 32084 32084 32084 28316 23564 9421 1992 1896 1896 1896 1896 1896 1896 1937 3402 4578 16437 20113 40408 39858 17699 14871 14869 15375 15605 16052 17528 23684 886099 34139 36690 27970 9946 5943 6103 7145 7109 9109 14918 14413 63075 302627 424216 204848 53534 109963 94179 57479 55650 77623 339687 88628 97729 0 0 0 0 0 0 0 0 0 0 0 0 0 14843 34294 35933 52505 27549 74957 76086 0 0 0 0 0 0 0 0 0 0 0 0 0 0 0 0 0 0 0
5620 5659 5659 28914 31299 26530 24971 8685 8658 8658 5483 1891 1891 1891 1891 1891 1891 1891 1923 3889 16262 14656 14319 28196 11984 9439 13551 12100 12100 12100 43215 62637 173676 38005 33499 28929 30408 8177 5601 6337 8248 16581 19837 23862 77151 492008 749926 414678 71517 102309 87567 71706 40080 75564 115130 115815 42302 0 0 0 0 0 0 0 0 0 0 0 109344 22750 26589 47012 31760 64644 38089 17925 0 0 0 0 0 0 0 0 0 0 0 0 0 0 0 0 0 0 0 0
5645 5645 6241 20846 12100 8637 9365 8637 8637 8637 7306 1886 1886 1886 1886 1886 1886 1886 1886 2105 12503 13082 13082 13082 8442 6723 10488 12742 12886 34631 109107 87017 37083 41677 33981 35552 45471 50311 48219 55735 25727 21108 24007 97225 50870 225791 473311 141276 67141 64981 81199 77008 34920 45750 153676 171148 0 0 0 0 0 0 0 0 0 4703 9176 14668 27316 70001 40375 31808 18521 32381 38172 35730 0 0 0 0 0 0 0 0 0 0 0 0 0 0 0 0 0 0 0 0
5630 5623 6992 8614 8614 8614 8614 8614 8614 8614 5356 1882 1882 1882 1882 1882 1882 1882 1882 1882 4391 12422 13048 10245 6706 6709 11467 14158 14166 39100 63446 18108 11270 0 32305 35498 42817 61068 89322 100296 86635 55824 20534 13630 23698 75530 163032 52156 55507 58895 61933 96840 36014 36524 83166 0 0 0 0 0 0 0 0 0 0 7644 8503 10648 16377 43905 18934 15777 11924 18223 56109 27676 0 0 0 0 0 0 0 0 0 0 0 0 0 0 0 0 0 0 0 0
3045 2427 1331 5385 13147 13643 14074 13997 13916 13835 11283 8532 3013 1877 1877 1877 1877 1877 1877 1877 1877 4225 10425 6718 6871 6709 13043 14159 20823 14931 51722 12773 23778 41728 41485 36241 103546 113258 134634 92059 82536 68723 16633 10778 17680 29937 77602 48782 54406 105864 125468 94121 20963 0 0 0 0 0 0 0 0 0 0 0 6959 4965 5630 3752 7924 14545 12443 13337 66375 92922 172137 0 0 0 0 0 0 0 0 0 0 0 0 0 0 0 0 0 0 0 0 0
1281 1281 1281 1281 23365 33516 33516 33516 33516 33516 33516 33516 7700 5147 3679 3274 3044 2023 2248 2238 3167 4455 8878 15508 16666 13504 11788 69487 28934 21754 27628 18598 47688 57225 58880 52974 92769 356510 883405 123046 93852 65409 22001 2524 11243 34087 41926 30001 24694 270482 93409 0 0 0 0 0 0 0 0 0 0 0 0 0 7351 6099 6898 7636 12505 15923 17841 30053 83922 99149 122880 0 0 0 0 0 0 0 0 0 0 0 0 0 0 0 0 0 0 0 0 0
1268 1277 1277 1277 7183 33232 33421 33421 33415 32450 33421 33421 7678 7562 7562 7562 7562 7446 5785 5296 4343 3408 4253 12661 3270 2252 3175 11838 12221 12853 17466 22441 55432 57063 60606 65468 91809 219468 231643 103329 92452 78358 32324 6897 16340 18238 8887 31273 76014 97740 0 0 0 0 0 0 0 0 0 0 0 0 0 0 18504 6667 5639 15660 14429 21249 42126 70702 76988 31335 138660 0 0 0 0 0 0 0 0 0 0 0 0 0 0 0 0 0 0 0 0 0
0 1273 1273 1274 1269 9078 8487 4517 1178 3427 11283 16678 5958 5869 6824 7540 7540 7523 2799 2799 2799 2799 2323 1997 1856 1856 1856 5761 12185 12185 13291 29573 44038 61565 77167 76678 68302 78648 57048 76135 116096 133411 64721 34710 25300 9393 5081 16759 44923 0 0 0 0 0 0 0 0 0 0 0 0 0 0 0 4873 7023 9748 51425 38241 107466 340266 985079 51542 55034 0 0 0 0 0 0 0 0 0 0 0 0 0 0 0 0 0 0 0 0 0 0
0 906 1506 1781 1446 945 945 896 1544 4473 4278 4853 3584 3541 3353 3176 3113 3027 2790 2790 2790 2242 2085 2029 2029 2135 7774 7853 11648 14260 25367 32950 26533 41294 80529 89742 58010 54287 74216 98828 152656 118902 46426 175023 67093 35003 4936 0 0 0 0 0 0 0 0 0 0 0 0 0 0 0 0 0 0 14616 7849 15107 76547 147354 275774 216860 39320 72013 0 0 0 0 0 0 0 0 0 0 0 0 0 0 0 0 0 0 0 0 0 0
0 0 1494 2024 2020 1202 942 942 942 2466 3530 3538 3526 3450 773 593 593 605 2782 2782 2782 2101 2023 2023 2023 2130 7768 7620 8649 22988 37676 35441 25572 19229 37100 77235 63834 73709 79701 86449 116519 85302 28280 35091 53932 426872 0 0 0 0 0 0 0 0 0 0 0 0 0 0 0 0 0 0 0 14074 0 24283 62284 134563 409268 138807 64137 103283 0 0 0 0 0 0 0 0 0 0 0 0 0 0 0 0 0 0 0 0 0 0
0 0 0 1871 2018 1939 1246 979 1786 3205 3383 3455 3407 3313 2634 1518 1437 1445 2773 2773 2767 2141 2017 1931 1646 3434 5673 5109 6486 7871 22139 35659 198141 478431 34742 54329 108191 97996 132124 101318 110215 124783 34999 27514 43943 0 0 0 0 0 0 0 0 0 0 0 0 0 0 0 0 0 0 0 0 26153 16024 15745 13639 70378 172123 77740 79505 0 0 0 0 0 0 0 0 0 0 0 0 0 0 0 0 0 0 742291 0 0 0 0
0 0 0 1478 2011 2011 2008 2521 3186 3198 3207 3321 3376 1947 1432 1432 1432 1440 2743 2757 2528 2109 1549 1090 1244 3536 389 2481 5588 7718 30508 44099 49539 49730 29618 78342 96660 92232 80858 49012 106559 44180 16295 17126 28047 21271 0 0 0 0 0 0 0 0 0 0 0 0 0 0 0 0 0 0 9672 8352 6724 7581 8398 77006 141418 98331 104082 0 0 0 0 0 0 0 0 0 0 0 0 0 0 0 0 0 0 0 0 0 0 0
0 0 0 809 1810 2005 2027 2393 2544 3101 3182 3178 2725 1752 1536 1428 1428 1425 659 659 659 566 148 44 901 1110 1045 1039 4511 6639 16668 49136 49024 45040 31853 30566 24518 21894 25049 29680 48138 10064 10640 9749 17001 17208 0 0 0 0 0 0 0 0 0 0 0 0 0 0 0 0 0 6821 14773 9674 6342 4487 13322 81376 198506 71432 59079 0 0 0 0 0 0 0 0 0 0 0 0 0 0 0 0 0 0 0 0 0 0 0
0 0 0 0 1261 1971 2022 2348 2463 3163 3228 6728 3484 1927 1868 1811 1425 1423 658 657 657 634 418 179 675 1075 1110 2468 6044 6350 9149 15709 19834 26086 24315 17576 18080 20664 26425 26423 6994 4033 5286 5938 6515 17390 15047 0 0 0 0 0 0 0 0 0 0 0 0 0 0 0 0 36623 9294 10644 12784 6561 18832 135631 236468 77924 0 0 0 0 0 0 0 0 0 0 0 0 0 0 0 0 0 0 0 0 0 0 0 0
0 0 0 0 369 1576 2070 2292 3138 7072 9911 12811 3275 1920 1920 1920 658 660 655 655 655 655 647 627 655 774 3882 6290 6327 6942 14792 15695 13843 15459 11220 12420 23002 43197 27872 7026 3803 2256 2920 5869 10448 46923 38619 0 0 0 0 0 0 0 0 0 0 0 0 0 0 0 9789 23322 15419 14889 9277 8348 27600 41318 54312 147412 0 0 0 0 0 0 0 0 0 0 0 0 0 0 0 0 0 0 0 0 0 0 0 0
0 0 0 0 0 12564 1493 2925 11521 12878 11651 12621 8129 1913 1913 1913 652 652 652 652 652 652 652 652 652 652 3653 9589 11349 15190 18070 18428 13437 45258 9164 15008 128440 202281 5956 3757 3778 3083 2385 5120 8292 51284 57448 0 0 0 0 0 0 0 0 0 0 0 0 0 0 0 0 46244 27504 10958 9197 14849 15521 17386 57165 0 0 0 0 0 0 0 0 0 0 0 0 0 0 0 0 0 0 0 0 0 0 0 0 0
0 0 0 0 0 10050 1222 5027 12932 8539 6950 12216 11110 1915 1656 1407 661 661 661 661 661 806 3957 4147 4123 4108 10028 21644 23164 21066 17636 29063 55862 142793 74914 101402 347002 235831 9921 4251 0 6072 3246 2719 4899 25578 71625 0 0 0 0 0 0 0 0 0 0 0 0 0 0 0 0 104593 28076 13204 9196 16467 22176 12126 65280 0 0 0 0 0 0 0 0 0 0 0 0 0 0 0 0 0 0 0 0 0 0 0 0 0
0 0 0 0 0 1207 1218 5282 10364 6641 6418 4299 2781 1645 1527 1420 677 677 677 677 677 793 9139 10028 10028 10028 15386 19511 21371 21204 8983 7808 23136 217456 159489 116638 199207 149729 57925 6724 6666 6468 17848 17273 10248 30883 191025 0 0 0 0 0 0 0 0 0 0 0 0 0 0 0 0 27974 39314 49392 23544 23990 20631 14012 44545 0 0 0 0 0 0 0 0 0 0 0 0 0 0 0 0 0 0 0 0 0 0 0 0 0
0 0 0 0 0 1128 1214 757 1425 3344 2787 1672 1460 1460 1460 1460 329 586 675 675 675 675 12230 12440 11239 10175 12017 18980 20240 15919 10423 12639 13112 34719 79267 231247 247408 92405 10704 7118 10057 55782 35271 70208 24727 36204 73809 0 0 0 0 0 0 0 0 0 0 0 0 0 0 0 0 0 22086 38488 40780 32325 16275 23562 24637 0 0 0 0 0 0 0 0 0 0 0 0 0 0 0 0 0 0 0 0 0 0 0 0 0
0 0 0 0 0 657 1208 742 461 378 1011 1594 1521 1453 1453 1453 1020 14 186 440 766 901 9386 10287 13564 15898 13162 118234 42194 37555 17341 34254 17810 125437 88022 268510 92253 84517 342442 19194 14040 56609 111790 133733 113280 0 0 0 0 0 0 0 0 0 0 0 0 0 0 0 0 0 0 0 24042 33294 47073 32483 45982 53673 39226 0 0 0 0 0 0 0 0 0 0 0 0 0 0 0 0 0 0 0 0 0 0 0 0 0
0 0 0 0 0 298 905 734 460 442 1237 1826 1967 1471 1447 1449 6145 525 10 160 1197 1932 4210 2235 8133 15465 16451 119374 32528 73873 153244 396342 482651 312649 152037 77765 17931 28957 282432 21354 17542 88157 114025 0 0 0 0 0 0 0 0 0 0 0 0 0 0 0 0 0 0 0 0 0 0 16173 35775 69005 0 0 0 0 0 0 0 0 0 0 0 0 0 0 0 0 0 0 0 0 0 0 0 0 0 0 0 0
0 0 0 0 0 221 901 877 670 416 960 1906 1995 1626 1546 1535 6603 3124 63 1316 1618 4272 8545 8404 7758 64976 83473 69798 18153 24351 201613 375400 967560 72087 103222 44374 19621 57562 145166 291644 64082 890383 0 0 0 0 0 0 0 0 0 0 0 0 0 0 0 0 0 0 0 0 0 0 0 0 0 0 0 0 0 0 0 0 0 0 0 0 0 0 0 0 0 0 0 0 0 0 0 0 0 0 0 0 0 0
0 0 0 0 0 0 851 897 897 500 564 1907 1942 1650 1556 1567 6575 3556 984 1611 2154 10117 27130 18399 8811 9636 84667 99082 35572 25850 244020 1554775 2443377 212122 118411 42770 26521 148300 163792 101949 74566 0 0 0 0 0 0 0 0 0 0 0 0 0 0 0 0 0 0 0 0 0 0 0 0 0 0 0 0 0 0 0 0 0 0 0 0 0 0 0 0 0 0 0 0 0 0 0 0 0 0 0 0 0 0 0
0 0 0 0 0 0 634 893 893 572 399 1221 1595 1549 1549 1565 5993 4076 3026 2619 3692 7338 31385 25616 11005 7798 25655 30086 138311 165442 116003 522411 267929 55231 65457 40320 34815 72266 149272 82145 47562 26056 0 0 0 0 0 0 0 0 0 0 0 0 0 0 0 0 0 0 0 0 0 0 0 0 0 0 0 0 0 0 0 0 0 0 0 0 0 0 0 0 0 0 0 0 0 0 0 0 0 0 0 0 0 0
0 0 0 0 0 0 0 889 889 743 397 1119 1542 1247 1227 1337 6517 6517 6412 5252 7906 5310 22718 31387 7807 46552 24888 28499 54527 62110 42767 36909 28715 26274 24564 36454 28048 51434 154491 144895 96681 0 0 0 0 0 0 0 0 0 0 0 0 0 0 0 0 0 0 0 0 0 0 0 0 0 0 0 0 0 0 0 0 0 0 0 0 0 0 0 0 0 0 0 0 0 0 0 0 0 0 0 0 0 0 0
0 0 0 0 0 0 0 749 885 859 640 811 877 802 792 821 6488 6488 6488 6845 8447 7875 4686 7596 28889 124306 22991 18972 32352 238702 61863 37090 28726 22808 18359 43408 312702 52888 46229 120302 62090 0 0 0 0 0 0 0 0 0 0 0 0 0 0 0 0 0 0 0 0 0 0 0 0 0 0 0 0 0 0 0 0 0 0 0 0 0 0 0 0 0 0 0 0 0 0 0 0 0 0 0 0 0 0 0
0 0 0 0 0 0 0 0 755 2035 2633 789 789 789 789 820 6335 6458 6458 6420 7434 8366 8157 9962 15545 34335 8186 14993 25537 201430 30255 28233 48043 162750 24800 78778 77893 186942 94961 191645 129696 0 0 0 0 0 0 0 0 0 0 0 0 0 0 0 0 0 0 0 0 0 0 0 0 0 0 0 0 0 0 0 0 0 0 0 0 0 0 0 0 0 0 0 0 0 0 0 0 0 0 0 0 0 0 0
0 0 0 0 0 0 0 0 0 3632 4033 2513 1564 1787 1002 838 2621 4891 3420 3274 4161 3340 3288 7840 89950 76536 7962 28225 36654 23663 25645 73646 153959 304948 134720 78290 188089 161717 175980 282072 0 0 0 0 0 0 0 0 0 0 0 0 0 0 0 0 0 0 0 0 0 0 0 0 0 0 0 0 0 0 0 0 0 0 0 0 0 0 0 0 0 0 0 0 0 0 0 0 0 0 0 0 0 0 0 0
0 0 0 0 0 0 0 0 0 0 4304 4304 4304 4304 2335 836 836 835 836 1548 3965 2944 4057 7197 10186 15163 9432 74102 114414 274382 48674 247409 208179 98738 48440 77968 87442 243482 238430 0 0 0 0 0 0 0 0 0 0 0 0 0 0 0 0 0 0 0 0 0 0 0 0 0 0 0 0 0 0 0 0 0 0 0 0 0 0 0 0 0 0 0 0 0 0 0 0 0 0 0 0 0 0 0 0 0
0 0 0 0 0 0 0 0 0 0 3732 4283 4283 4283 2391 1149 868 634 755 2056 4615 4563 4652 4843 5583 5553 5925 9094 9118 13161 156561 230269 140976 74481 38166 136392 416315 1896269 0 0 0 0 0 0 0 0 0 0 0 0 0 0 0 0 0 0 0 0 0 0 0 0 0 0 0 0 0 0 0 0 0 0 0 0 0 0 0 0 0 0 0 0 0 0 0 0 0 0 0 0 0 0 0 0 0 0
