meteoriteanalysis/data/pop/popcount/gpw_pop_counts_hd_1990.asc
ncols 720 
nrows 360
xllcorner -180
yllcorner -90
cellsize .5
NODATA_value -99
[rows 0 to 59 of 360, columns 576 to 671 of 720]
-99 -99 -99 -99 -99 -99 -99 -99 -99 -99 -99 -99 -99 -99 -99 -99 -99 -99 -99 -99 -99 -99 -99 -99 -99 -99 -99 -99 -99 -99 -99 -99 -99 -99 -99 -99 -99 -99 -99 -99 -99 -99 -99 -99 -99 -99 -99 -99 -99 -99 -99 -99 -99 -99 -99 -99 -99 -99 -99 -99 -99 -99 -99 -99 -99 -99 -99 -99 -99 -99 -99 -99 -99 -99 -99 -99 -99 -99 -99 -99 -99 -99 -99 -99 -99 -99 -99 -99 -99 -99 -99 -99 -99 -99 -99 -99
-99 -99 -99 -99 -99 -99 -99 -99 -99 -99 -99 -99 -99 -99 -99 -99 -99 -99 -99 -99 -99 -99 -99 -99 -99 -99 -99 -99 -99 -99 -99 -99 -99 -99 -99 -99 -99 -99 -99 -99 -99 -99 -99 -99 -99 -99 -99 -99 -99 -99 -99 -99 -99 -99 -99 -99 -99 -99 -99 -99 -99 -99 -99 -99 -99 -99 -99 -99 -99 -99 -99 -99 -99 -99 -99 -99 -99 -99 -99 -99 -99 -99 -99 -99 -99 -99 -99 -99 -99 -99 -99 -99 -99 -99 -99 -99
-99 -99 -99 -99 -99 -99 -99 -99 -99 -99 -99 -99 -99 -99 -99 -99 -99 -99 -99 -99 -99 -99 -99 -99 -99 -99 -99 -99 -99 -99 -99 -99 -99 -99 -99 -99 -99 -99 -99 -99 -99 -99 -99 -99 -99 -99 -99 -99 -99 -99 -99 -99 -99 -99 -99 -99 -99 -99 -99 -99 -99 -99 -99 -99 -99 -99 -99 -99 -99 -99 -99 -99 -99 -99 -99 -99 -99 -99 -99 -99 -99 -99 -99 -99 -99 -99 -99 -99 -99 -99 -99 -99 -99 -99 -99 -99
-99 -99 -99 -99 -99 -99 -99 -99 -99 -99 -99 -99 -99 -99 -99 -99 -99 -99 -99 -99 -99 -99 -99 -99 -99 -99 -99 -99 -99 -99 -99 -99 -99 -99 -99 -99 -99 -99 -99 -99 -99 -99 -99 -99 -99 -99 -99 -99 -99 -99 -99 -99 -99 -99 -99 -99 -99 -99 -99 -99 -99 -99 -99 -99 -99 -99 -99 -99 -99 -99 -99 -99 -99 -99 -99 -99 -99 -99 -99 -99 -99 -99 -99 -99 -99 -99 -99 -99 -99 -99 -99 -99 -99 -99 -99 -99
-99 -99 -99 -99 -99 -99 -99 -99 -99 -99 -99 -99 -99 -99 -99 -99 -99 -99 -99 -99 -99 -99 -99 -99 -99 -99 -99 -99 -99 -99 -99 -99 -99 -99 -99 -99 -99 -99 -99 -99 -99 -99 -99 -99 -99 -99 -99 -99 -99 -99 -99 -99 -99 -99 -99 -99 -99 -99 -99 -99 -99 -99 -99 -99 -99 -99 -99 -99 -99 -99 -99 -99 -99 -99 -99 -99 -99 -99 -99 -99 -99 -99 -99 -99 -99 -99 -99 -99 -99 -99 -99 -99 -99 -99 -99 -99
-99 -99 -99 -99 -99 -99 -99 -99 -99 -99 -99 -99 -99 -99 -99 -99 -99 -99 -99 -99 -99 -99 -99 -99 -99 -99 -99 -99 -99 -99 -99 -99 -99 -99 -99 -99 -99 -99 -99 -99 -99 -99 -99 -99 -99 -99 -99 -99 -99 -99 -99 -99 -99 -99 -99 -99 -99 -99 -99 -99 -99 -99 -99 -99 -99 -99 -99 -99 -99 -99 -99 -99 -99 -99 -99 -99 -99 -99 -99 -99 -99 -99 -99 -99 -99 -99 -99 -99 -99 -99 -99 -99 -99 -99 -99 -99
-99 -99 -99 -99 -99 -99 -99 -99 -99 -99 -99 -99 -99 -99 -99 -99 -99 -99 -99 -99 -99 -99 -99 -99 -99 -99 -99 -99 -99 -99 -99 -99 -99 -99 -99 -99 -99 -99 -99 -99 -99 -99 -99 -99 -99 -99 -99 -99 -99 -99 -99 -99 -99 -99 -99 -99 -99 -99 -99 -99 -99 -99 -99 -99 -99 -99 -99 -99 -99 -99 -99 -99 -99 -99 -99 -99 -99 -99 -99 -99 -99 -99 -99 -99 -99 -99 -99 -99 -99 -99 -99 -99 -99 -99 -99 -99
-99 -99 -99 -99 -99 -99 -99 -99 -99 -99 -99 -99 -99 -99 -99 -99 -99 -99 -99 -99 -99 -99 -99 -99 -99 -99 -99 -99 -99 -99 -99 -99 -99 -99 -99 -99 -99 -99 -99 -99 -99 -99 -99 -99 -99 -99 -99 -99 -99 -99 -99 -99 -99 -99 -99 -99 -99 -99 -99 -99 -99 -99 -99 -99 -99 -99 -99 -99 -99 -99 -99 -99 -99 -99 -99 -99 -99 -99 -99 -99 -99 -99 -99 -99 -99 -99 -99 -99 -99 -99 -99 -99 -99 -99 -99 -99
-99 -99 -99 -99 -99 -99 -99 -99 -99 -99 -99 -99 -99 -99 -99 -99 -99 -99 -99 -99 -99 -99 -99 -99 -99 -99 -99 -99 -99 -99 -99 -99 -99 -99 -99 -99 -99 -99 -99 -99 -99 -99 -99 -99 -99 -99 -99 -99 -99 -99 -99 -99 -99 -99 -99 -99 -99 -99 -99 -99 -99 -99 -99 -99 -99 -99 -99 -99 -99 -99 -99 -99 -99 -99 -99 -99 -99 -99 -99 -99 -99 -99 -99 -99 -99 -99 -99 -99 -99 -99 -99 -99 -99 -99 -99 -99
-99 -99 -99 -99 -99 -99 -99 -99 -99 -99 -99 -99 -99 -99 -99 -99 -99 -99 -99 -99 -99 -99 -99 -99 -99 -99 -99 -99 -99 -99 -99 -99 -99 -99 -99 -99 -99 -99 -99 -99 -99 -99 -99 -99 -99 -99 -99 -99 -99 -99 -99 -99 -99 -99 -99 -99 -99 -99 -99 -99 -99 -99 -99 -99 -99 -99 -99 -99 -99 -99 -99 -99 -99 -99 -99 -99 -99 -99 -99 -99 -99 -99 -99 -99 -99 -99 -99 -99 -99 -99 -99 -99 -99 -99 -99 -99
0 0 0 0 0 0 0 0 0 0 0 0 0 0 0 0 0 0 0 0 0 0 0 0 0 0 0 0 0 0 0 0 0 0 0 0 0 0 0 0 0 0 0 0 0 0 0 0 0 0 0 0 0 0 0 0 0 0 0 0 0 0 0 0 0 0 0 0 0 0 0 0 0 0 0 0 0 0 0 0 0 0 0 0 0 0 0 0 0 0 0 0 0 0 0 0
0 0 0 0 0 0 0 0 0 0 0 0 0 0 0 0 0 0 0 0 0 0 0 0 0 0 0 0 0 0 0 0 0 0 0 0 0 0 0 0 0 0 0 0 0 0 0 0 0 0 0 0 0 0 0 0 0 0 0 0 0 0 0 0 0 0 0 0 0 0 0 0 0 0 0 0 0 0 0 0 0 0 0 0 0 0 0 0 0 0 0 0 0 0 0 0
0 0 0 0 0 0 0 0 0 0 0 0 0 0 0 0 0 0 0 0 0 0 0 0 0 0 0 0 0 0 0 0 0 0 0 0 0 0 0 0 0 0 0 0 0 0 0 0 0 0 0 0 0 0 0 0 0 0 0 0 0 0 0 0 0 0 0 0 0 0 0 0 0 0 0 0 0 0 0 0 0 0 0 0 0 0 0 0 0 0 0 0 0 0 0 0
0 0 0 0 0 0 0 0 0 0 0 0 0 0 0 0 0 0 0 0 0 0 0 0 0 0 0 0 0 0 0 0 0 0 0 0 0 0 0 0 0 0 0 0 0 0 0 0 0 0 0 0 0 0 0 0 0 0 0 0 0 0 0 0 0 0 0 0 0 0 0 0 0 0 0 0 0 0 0 0 0 0 0 0 0 0 0 0 0 0 0 0 0 0 0 0
0 0 0 0 0 0 0 0 0 0 0 0 0 0 0 0 0 0 0 0 0 0 0 0 0 0 0 0 0 0 0 0 0 0 0 0 0 0 0 0 0 0 0 0 0 0 0 0 0 0 0 0 0 0 0 0 0 0 0 0 0 0 0 0 0 0 0 0 0 0 0 0 0 0 0 0 0 0 0 0 0 0 0 0 0 0 0 0 0 0 0 0 0 0 0 0
0 0 0 0 0 0 0 0 0 0 0 0 0 0 0 0 0 0 0 0 0 0 0 0 0 0 0 0 0 0 0 0 0 0 0 0 0 0 0 0 0 0 0 0 0 0 0 0 0 0 0 0 0 0 0 0 0 0 0 0 0 0 0 0 0 0 0 0 0 0 0 0 0 0 0 0 0 0 0 0 0 0 0 0 0 0 0 0 0 0 0 0 0 0 0 0
0 0 0 0 0 0 0 0 0 0 0 0 0 0 0 0 0 0 0 0 0 0 0 0 0 0 0 0 0 0 0 0 0 0 0 0 0 0 0 0 0 0 0 0 0 0 0 0 0 0 0 0 0 0 0 0 0 0 0 0 0 0 0 0 0 0 0 0 0 0 0 0 0 0 0 0 0 0 0 0 0 0 0 0 0 0 0 0 0 0 0 0 0 0 0 0
0 0 0 0 0 0 0 0 0 0 0 0 0 0 0 0 0 0 0 0 0 0 0 0 0 0 0 0 0 0 0 0 0 0 0 0 0 0 0 0 0 0 0 0 0 0 0 0 0 0 0 0 0 0 0 0 0 0 0 0 0 0 0 0 0 0 0 0 0 0 0 0 0 0 0 0 0 0 0 0 0 0 0 0 0 0 0 0 0 0 0 0 0 0 0 0
0 0 0 0 0 0 0 0 0 0 0 0 0 0 0 0 0 0 0 0 0 0 0 0 0 0 0 0 0 0 0 0 0 0 0 0 0 0 0 0 0 0 0 0 0 0 0 0 0 0 0 0 0 0 0 0 0 0 0 0 0 0 0 0 0 0 0 0 0 0 0 0 0 0 0 0 0 0 0 0 0 0 0 0 0 0 0 0 0 0 0 0 0 0 0 0
0 0 0 0 0 0 0 0 0 0 0 0 0 0 0 0 0 0 0 0 0 0 0 0 0 0 0 0 0 0 0 0 0 0 0 0 0 0 0 0 0 0 0 0 0 0 0 0 0 0 0 0 0 0 0 0 0 0 0 0 0 0 0 0 0 0 0 0 0 0 0 0 0 0 0 0 0 0 0 0 0 0 0 0 0 0 0 0 0 0 0 0 0 0 0 0
0 0 0 0 0 0 0 0 0 0 0 0 0 0 0 0 0 0 0 0 0 0 0 0 0 0 0 0 0 0 0 0 0 0 0 0 0 0 0 0 0 0 0 0 0 0 0 0 0 0 0 0 0 0 0 0 0 0 0 0 0 0 0 0 0 0 0 0 0 0 0 0 0 0 0 0 0 0 0 0 0 0 0 0 0 0 0 0 0 0 0 0 0 0 0 0
0 0 0 0 0 0 0 0 0 0 0 0 0 0 0 0 0 0 0 0 0 0 0 0 0 0 0 0 0 0 0 0 0 0 0 0 0 0 0 0 0 0 0 0 0 0 0 0 0 0 0 0 0 0 0 0 0 0 0 0 0 0 0 0 0 0 0 0 0 0 0 0 0 0 0 0 0 0 0 0 0 0 0 0 0 0 0 0 0 0 0 0 0 0 0 0
0 0 0 0 0 0 0 0 0 0 0 0 0 0 0 0 0 0 0 0 0 0 0 0 0 0 0 0 0 0 0 0 0 0 0 0 0 0 0 0 0 0 0 0 0 0 0 0 0 0 0 0 0 0 0 0 0 0 0 0 0 0 0 0 0 0 0 0 0 0 0 0 0 0 0 0 0 0 0 0 0 0 0 0 0 0 0 0 0 0 0 0 0 0 0 0
0 0 0 0 0 0 0 0 0 0 0 0 0 0 0 0 0 0 0 0 0 0 0 0 0 0 0 0 0 0 0 0 0 0 0 0 0 0 0 0 0 0 0 0 0 0 0 0 0 0 0 0 0 0 0 0 0 0 0 0 0 0 0 0 0 0 0 0 0 0 0 0 0 0 0 0 0 0 0 0 0 0 0 0 0 0 0 0 0 0 0 0 0 0 0 0
0 0 0 0 0 0 0 0 0 0 0 0 0 0 0 0 0 0 0 0 0 0 0 0 0 0 0 0 0 0 0 0 0 0 0 0 0 0 0 0 0 0 0 0 0 0 0 0 0 0 0 0 0 0 0 0 0 0 0 0 0 0 0 0 0 0 0 0 0 0 0 0 0 0 0 0 0 0 0 0 0 0 0 0 0 0 0 0 0 0 0 0 0 0 0 0
0 0 0 0 0 0 0 0 0 0 0 0 0 0 0 0 0 0 0 0 0 0 0 0 0 0 0 0 0 0 0 0 0 0 0 0 0 0 0 0 0 0 0 0 0 0 0 0 0 0 0 0 0 0 0 0 0 0 0 0 0 0 0 0 0 0 0 0 0 0 0 0 0 0 0 0 0 0 0 0 0 0 0 0 0 0 0 0 0 0 0 0 0 0 0 0
9 8 9 9 9 9 9 0 0 0 0 0 0 0 0 0 0 0 0 0 0 0 0 0 0 0 0 0 0 0 0 0 0 0 0 0 0 0 0 0 0 0 0 0 0 0 0 0 0 0 0 0 0 0 0 0 0 0 0 0 0 0 0 0 0 0 0 0 0 0 0 0 0 0 0 0 0 0 0 0 0 0 0 0 0 0 0 0 0 0 0 0 0 0 0 0
19 19 19 19 19 19 19 19 17 0 9 0 0 0 0 0 0 0 0 0 0 0 0 0 0 0 0 0 0 0 0 0 0 0 0 0 0 0 0 0 0 0 0 0 0 0 0 0 0 0 0 0 0 0 0 0 0 0 0 0 0 59 0 0 0 0 0 0 0 0 0 0 0 0 0 0 0 0 0 0 0 0 0 0 0 0 0 0 0 0 0 0 0 0 0 0
20 20 20 20 20 20 20 20 19 15 16 9 0 0 0 0 0 0 0 0 0 0 0 0 0 0 0 0 0 0 0 0 0 0 0 0 0 0 0 0 0 0 0 0 0 0 0 0 0 0 0 0 0 0 0 64 0 0 0 158 167 167 167 153 104 0 166 167 156 116 106 114 0 0 0 0 0 0 0 0 0 0 0 0 0 0 0 0 0 0 0 0 0 0 0 0
20 20 20 20 20 20 20 20 20 20 15 0 0 0 0 0 0 0 0 0 0 0 0 0 0 0 0 0 0 0 0 0 0 0 0 0 0 0 0 0 0 0 0 0 0 0 0 0 0 0 0 0 0 0 0 0 0 0 105 170 173 173 173 173 173 173 173 172 171 173 172 152 159 90 0 0 0 0 29 34 32 18 0 0 0 0 0 0 0 0 0 0 0 0 0 0
21 21 21 21 21 20 15 13 10 5 0 0 0 0 0 0 0 0 0 0 0 0 0 0 0 0 0 0 0 0 0 0 0 0 0 0 0 0 0 0 0 0 0 0 0 0 0 0 0 0 0 0 0 0 0 0 0 0 0 0 82 104 0 0 59 44 31 0 43 51 39 0 0 0 0 0 0 0 0 0 18 21 22 18 14 0 0 0 0 0 0 0 0 0 0 0
22 22 19 0 0 0 0 0 0 0 0 0 0 0 0 0 0 0 0 0 0 0 0 0 0 0 0 0 0 0 0 0 0 0 0 0 0 0 0 0 0 0 0 0 0 0 0 0 0 0 0 0 0 0 0 0 0 0 0 0 0 0 0 0 0 100 0 0 0 0 0 0 0 0 0 0 0 0 0 0 0 0 0 0 0 0 0 0 0 0 0 0 0 0 0 0
0 0 0 0 0 21 45 33 27 34 32 0 0 0 0 27 22 20 0 0 0 0 0 0 0 0 0 0 0 0 0 0 37 38 0 0 0 0 0 0 0 0 0 0 0 0 0 0 0 0 0 0 0 0 0 0 0 0 0 0 0 0 0 0 0 62 133 151 145 107 0 0 0 0 0 0 0 0 0 0 0 0 0 0 0 0 0 0 0 0 0 0 0 0 0 0
9 15 18 20 28 58 68 68 68 68 0 56 67 68 68 68 68 68 69 71 68 0 0 0 0 0 0 0 0 0 0 72 78 78 78 74 75 64 0 0 0 33 0 0 0 0 0 0 0 0 0 0 0 0 0 0 0 0 0 0 0 0 0 0 0 0 0 0 0 0 118 0 0 0 0 0 0 0 0 0 0 0 0 0 0 0 0 0 0 0 0 0 0 0 0 0
24 24 24 24 24 44 67 70 70 70 70 70 70 70 70 70 70 70 70 70 71 74 75 76 79 75 72 74 74 73 71 80 80 80 80 80 80 0 0 80 80 77 0 0 0 0 0 0 0 0 0 0 0 0 0 0 0 0 0 0 0 0 0 0 0 24 123 0 0 0 0 0 0 0 0 0 0 0 0 0 0 0 0 0 0 0 0 0 0 0 0 0 0 0 0 0
24 24 24 24 24 24 37 54 56 53 64 0 72 72 72 72 62 56 53 44 58 59 51 43 38 62 83 83 83 83 83 83 83 83 83 83 83 83 83 83 83 0 0 0 0 0 0 0 0 0 0 0 0 0 0 0 0 0 0 0 0 0 0 0 178 202 207 207 207 207 205 179 150 137 129 121 95 0 0 0 0 0 0 0 0 0 0 0 0 0 0 0 0 0 0 0
25 25 25 25 25 25 25 24 14 14 36 71 74 74 62 32 14 14 14 14 14 14 14 14 14 19 39 60 84 85 85 85 85 85 85 85 85 85 76 84 85 0 0 0 0 0 0 0 0 149 0 0 0 0 0 0 0 0 0 0 0 0 0 0 211 212 212 212 212 188 73 49 49 49 49 49 49 49 49 49 49 49 0 36 0 0 0 0 0 0 0 0 0 0 0 0
26 26 26 26 26 26 26 25 22 16 14 39 76 70 31 14 14 14 14 14 14 14 14 14 14 14 14 14 37 87 87 87 87 87 87 87 87 87 77 86 87 87 80 0 0 0 0 0 204 218 217 186 161 176 218 218 218 216 196 120 193 218 194 0 217 218 218 218 216 73 50 50 50 50 50 50 50 43 46 50 50 50 50 48 50 45 0 0 0 0 0 0 0 0 0 0
26 26 26 26 23 21 18 16 15 15 17 34 39 28 15 15 15 15 15 15 15 15 15 15 15 16 23 55 85 89 89 89 89 89 89 89 85 86 80 84 89 89 89 89 82 64 44 79 159 223 223 223 223 223 0 0 223 223 223 213 207 221 223 223 223 223 219 0 66 52 52 52 52 52 52 52 51 49 49 48 52 52 52 52 52 52 51 47 59 98 104 112 132 147 151 151
27 27 24 19 16 15 15 15 15 15 15 15 15 15 15 15 15 15 15 15 15 15 15 15 47 89 92 92 92 92 92 92 92 92 92 78 82 90 92 92 92 92 92 92 92 92 92 92 105 122 188 229 229 229 229 229 229 229 229 229 229 229 229 229 229 225 88 53 53 53 53 53 53 53 53 53 53 53 53 53 53 53 53 53 53 53 53 53 0 155 155 155 155 155 155 155
21 21 18 15 15 15 15 15 15 15 15 15 15 15 15 15 15 15 15 15 15 15 0 15 59 94 94 94 94 94 94 94 94 89 84 91 94 94 94 94 94 94 94 94 94 94 94 94 94 94 139 207 198 200 212 210 206 227 235 235 235 235 235 235 235 235 226 207 142 63 63 64 57 55 54 55 54 0 54 54 54 54 55 61 68 74 80 77 134 159 159 159 159 159 0 159
16 16 16 16 16 16 16 16 16 16 16 16 16 16 16 16 16 16 16 16 16 16 16 30 53 53 49 67 84 91 96 96 89 78 91 96 96 96 96 96 96 96 96 96 96 96 94 84 79 70 53 180 199 199 199 199 199 212 226 231 240 240 240 240 240 240 240 178 160 117 102 102 100 101 92 99 88 70 80 80 82 91 98 99 99 99 98 93 109 119 118 122 146 160 162 0
16 16 16 16 16 16 16 16 16 16 16 16 16 16 16 16 16 16 16 16 16 16 16 16 29 48 48 48 48 48 51 52 53 48 48 60 68 70 67 64 62 55 60 60 49 56 46 43 43 43 43 180 204 204 204 204 204 204 204 204 229 246 246 246 246 246 245 204 109 105 105 105 105 105 105 105 105 105 105 104 104 103 101 101 101 101 101 91 0 101 101 101 101 88 89 119
16 16 16 16 16 16 16 16 16 16 16 16 16 16 16 16 16 16 16 16 16 23 27 43 49 49 49 49 48 49 44 40 49 49 49 49 49 48 45 44 44 44 44 44 44 44 44 44 44 44 44 194 208 208 208 208 208 208 208 208 208 219 251 251 251 251 175 107 107 107 107 107 107 107 107 107 107 107 107 107 105 104 103 97 103 101 83 75 0 99 103 103 103 91 89 103
17 17 17 17 17 17 17 17 17 17 17 17 17 17 17 17 17 17 17 23 38 48 50 50 50 50 50 50 50 48 40 49 46 50 50 50 50 50 47 45 45 45 45 45 45 45 45 45 45 45 45 209 213 213 213 213 213 213 213 184 208 222 212 174 114 106 111 99 104 108 109 109 109 109 109 109 109 109 108 112 128 132 126 107 106 106 106 101 106 106 106 0 104 103 106 100
17 17 17 17 17 17 17 17 17 17 17 17 17 17 17 17 17 17 17 28 35 42 63 51 51 51 51 51 51 51 34 49 51 51 51 51 51 51 49 46 46 46 46 46 46 46 46 46 46 46 112 217 217 217 217 217 217 217 217 217 207 217 140 69 67 67 67 67 67 0 81 99 111 112 109 90 84 93 74 76 111 165 165 163 157 137 116 108 108 108 108 108 108 108 108 108
192 256 140 18 61 127 171 215 187 120 39 18 18 18 18 18 18 18 18 18 23 115 381 600 326 64 52 52 52 52 46 41 52 52 52 52 52 52 49 47 47 47 47 47 47 47 47 47 47 86 217 222 222 222 222 222 222 0 222 222 222 222 222 200 162 109 69 69 69 69 69 69 75 86 72 69 69 69 69 81 102 152 169 169 169 169 169 155 122 110 110 110 110 110 110 110
422 422 357 317 419 422 422 422 422 422 313 39 18 18 18 18 18 18 18 18 465 692 692 692 692 162 53 53 53 53 53 34 48 53 53 53 53 73 225 183 217 215 200 165 50 48 48 48 85 209 227 227 227 227 227 227 227 226 227 227 227 227 221 157 135 81 70 70 70 70 70 70 70 70 70 70 70 70 72 165 172 172 172 172 172 172 172 172 172 149 134 118 136 157 152 154
431 412 431 431 431 431 431 431 422 148 19 18 18 18 18 18 18 18 18 115 595 705 706 706 622 63 54 54 54 54 54 53 0 54 54 54 54 60 192 253 253 253 253 253 234 172 109 141 228 231 231 231 231 229 227 223 221 220 222 223 224 224 225 134 72 72 72 72 72 72 72 72 72 72 72 72 72 72 72 147 176 176 176 176 176 176 176 176 176 176 182 210 214 236 236 236
439 439 439 439 439 439 439 439 385 60 19 19 19 19 19 28 22 32 462 795 800 742 720 720 720 650 147 0 55 55 55 55 0 50 130 156 168 211 258 258 258 258 258 258 258 258 256 239 235 235 234 232 229 225 225 225 225 225 225 225 225 225 240 370 392 383 329 275 221 156 78 73 73 73 73 73 73 73 73 88 154 179 179 179 179 179 179 179 179 205 225 241 241 241 241 241
447 447 447 447 447 447 447 447 447 408 244 163 21 270 577 761 699 729 816 816 816 810 736 733 733 733 733 671 523 389 255 228 0 345 176 0 258 263 263 263 263 263 263 263 263 263 263 261 243 236 229 229 229 229 229 229 229 229 229 229 229 229 289 421 465 465 465 465 465 465 439 335 170 74 74 74 74 74 74 85 194 186 183 230 183 183 183 183 189 230 246 246 246 246 246 246
254 422 455 455 455 455 455 455 455 455 455 455 634 825 831 831 831 831 831 831 831 831 759 746 746 747 747 747 734 735 747 747 687 537 274 0 241 237 253 268 268 268 268 268 268 268 268 268 267 242 233 233 233 233 233 225 231 233 233 233 233 233 233 253 436 473 473 473 473 473 473 473 459 398 357 256 358 461 354 318 1017 1293 1188 1351 770 962 983 401 241 250 250 250 250 250 252 305
206 350 447 464 461 464 464 464 464 464 464 551 690 700 755 842 846 846 846 846 846 846 841 765 760 760 760 760 0 760 760 441 272 270 251 272 272 272 254 243 233 259 258 272 641 586 502 598 443 237 237 237 237 237 237 237 237 237 237 237 237 237 237 237 281 482 482 482 482 482 482 482 482 482 522 1136 1377 1384 1384 1383 1435 1397 1384 1502 1569 1419 1074 335 255 255 255 255 255 266 412 433
98 98 158 472 373 430 412 419 451 466 466 513 644 695 709 775 847 854 857 861 861 861 852 783 773 773 773 773 774 774 774 656 481 407 333 280 283 291 310 445 756 1905 1960 1602 1752 1734 1741 1791 1844 991 828 734 241 241 241 241 241 241 241 241 241 241 254 367 438 490 490 490 490 490 490 490 490 490 893 1409 1409 1409 1409 1409 1702 2477 2445 2516 2575 2352 976 259 259 259 259 259 259 267 406 440
99 99 139 445 480 461 337 443 446 476 468 32264 713 715 719 719 719 719 721 758 798 809 814 777 786 786 786 787 786 764 706 675 721 629 597 377 357 357 357 555 1798 2597 2602 2076 2011 1901 1901 1901 1793 1307 1299 1223 339 246 246 246 246 246 246 246 246 246 260 448 497 492 499 499 499 499 499 499 499 499 724 1433 1433 1433 1430 1433 1433 2159 2620 2620 2620 2620 2468 1111 401 264 264 264 285 387 442 448
101 101 112 286 458 442 377 488 488 488 488 11351 522 664 731 731 731 731 731 731 731 731 731 732 760 800 800 800 643 373 363 363 363 363 363 363 363 363 363 413 1289 48402 52236 49577 3244 3474 2621 2348 2506 1478 1321 1321 1319 1162 604 250 250 250 250 277 297 323 318 331 297 181 235 448 497 507 484 507 507 639 1360 1391 1328 1127 1078 1193 1117 1267 2019 2664 2664 2664 2664 2662 1018 379 451 301 341 449 456 456
103 103 103 404 496 496 486 496 496 496 497 608 611 831 782 849 824 757 743 743 743 743 661 430 524 546 572 684 665 476 344 360 369 369 369 369 369 369 758 1849 1960 23308 50802 30558 4501 4501 4397 2917 2815 2547 2162 2121 1601 1343 0 289 279 277 283 335 340 340 340 249 178 178 178 178 210 246 184 242 290 200 263 193 678 1054 1054 1054 1054 1054 1073 1390 2408 2707 2644 2571 2414 2401 1734 463 463 463 463 463
104 104 104 180 356 504 504 504 504 555 901 1073 1073 1073 1073 1073 1073 1056 821 755 647 462 321 311 311 311 311 311 311 311 311 318 345 1022 1252 2113 2179 2150 2286 2288 2280 2260 2352 2856 4069 3748 1705 1075 1467 1281 1736 1462 1094 624 414 346 346 346 346 346 321 237 195 181 181 181 181 181 181 181 181 181 181 181 181 181 191 753 909 1057 1071 1071 1071 1071 1321 1714 2598 2607 2607 2367 1246 471 471 471 474 473
106 106 106 106 647 1063 1046 934 925 1044 1090 1090 1090 1090 1089 1078 1090 1090 930 395 316 316 316 316 316 312 302 307 309 308 307 306 304 895 1959 1438 740 662 629 616 927 1294 1525 1863 2642 1733 996 996 969 841 352 351 351 351 351 351 351 351 351 351 283 184 184 184 184 184 184 184 184 184 184 184 184 184 184 241 331 480 486 593 540 851 898 895 1087 1113 2460 2463 1719 1027 486 485 486 486 475 286
108 108 108 402 1103 1107 1107 1107 1107 1107 1107 1107 1089 818 382 315 540 775 410 321 321 321 321 320 306 303 313 321 321 321 321 321 321 326 409 475 526 583 651 660 660 708 1012 1012 1012 1012 1011 1011 571 357 357 357 357 357 357 357 357 357 357 357 260 186 186 186 186 186 186 186 186 186 186 186 186 186 187 332 364 468 494 494 494 494 494 494 934 2367 1523 500 494 494 494 494 481 0 0 0
