data/pop/popcount/gpw_pop_counts_qd_1995a.asc
ncols 1440 
nrows 720
xllcorner -180
yllcorner -90
cellsize .25
NODATA_value -99
[rows 448 to 511 of 720, columns 1248 to 1343 of 1440]
20 20 20 20 20 20 20 20 20 20 15 13 13 13 13 13 13 13 13 13 13 13 13 13 7 7 7 7 7 22 54 50 57 53 49 45 50 25 24 24 24 24 24 24 24 24 24 24 24 30 36 28 25 25 25 29 201 255 255 255 255 255 255 255 241 274 290 279 290 290 0 0 0 0 0 0 0 0 0 0 0 0 0 0 0 0 0 0 0 0 0 0 0 0 0 0
20 20 20 20 20 20 20 20 20 15 13 13 13 13 13 13 13 13 13 13 13 13 13 13 7 7 7 7 7 7 10 7 20 19 12 7 12 24 24 24 24 24 24 24 24 24 24 24 24 24 25 25 25 25 24 18 149 251 255 255 255 255 255 255 268 288 290 290 290 290 0 0 0 0 0 0 0 0 0 0 0 0 0 0 0 0 0 0 0 0 0 0 0 0 0 0
20 20 20 20 20 20 20 20 17 13 13 13 13 13 13 13 13 13 13 13 13 13 13 13 7 7 7 7 7 7 7 7 7 7 7 7 15 23 23 23 23 23 23 23 23 42 102 114 92 86 36 25 25 25 25 29 31 108 254 254 254 254 254 257 288 289 289 289 289 512 1221 1410 1469 1453 1245 0 0 0 0 0 0 0 0 0 0 0 0 0 0 0 0 0 0 0 0 0
20 14 18 20 20 20 20 20 16 13 13 13 13 13 13 13 13 13 13 13 13 13 13 13 7 7 7 7 7 7 7 7 7 7 7 7 20 23 23 23 23 23 23 23 40 134 137 137 137 133 39 24 24 24 25 31 31 36 160 254 254 254 260 275 278 282 287 288 289 715 1499 1488 1499 1499 1499 0 0 0 0 0 0 0 0 0 0 0 0 0 0 0 0 0 0 0 0 0
20 20 20 15 13 13 13 15 14 13 13 13 13 13 13 13 13 13 13 13 13 13 13 13 7 7 7 7 7 7 7 7 7 7 6 14 23 23 23 23 23 23 23 27 131 136 136 136 136 136 68 36 36 24 26 31 31 31 31 196 253 262 277 277 277 277 284 293 348 441 801 695 953 1290 1495 0 0 0 0 0 0 0 0 0 0 0 0 0 0 0 0 0 0 0 0 0
20 20 20 15 13 13 13 13 13 13 13 13 13 13 13 13 13 13 13 13 13 13 13 13 7 7 7 6 4 6 7 7 7 5 3 5 11 22 23 23 23 23 23 72 134 136 136 136 136 108 37 92 130 41 66 41 31 31 31 50 89 423 550 406 417 422 299 347 364 364 376 597 602 20765 45865 405 20 0 0 0 0 0 0 0 0 0 0 0 0 0 0 0 0 0 0 0
20 20 20 15 13 13 43 24697 13 13 13 13 13 13 13 13 13 13 13 13 13 13 13 13 4 4 4 4 3 4 6 5 3 3 3 3 3 7 19 19 16 13 19 86 136 136 136 136 134 76 37 134 159 159 159 103 31 31 31 31 161 899 922 867 813 922 779 423 363 363 364 497 604 2147 648 374 301 0 0 0 0 0 0 0 0 0 0 0 0 0 0 0 0 0 0 0
20 20 20 19 17 13 161 2034 13 13 13 13 13 13 13 13 13 13 13 13 13 13 13 13 3 3 3 3 3 3 3 3 3 3 3 3 3 3 3 3 5 6 6 22 121 136 136 122 55 37 37 134 158 158 155 97 34 31 31 31 118 920 908 427 577 319 281 457 360 363 363 410 592 1452 517 334 13569 0 0 0 0 0 0 0 0 0 0 0 0 0 0 0 0 0 0 0
20 20 20 20 18 13 13 13 13 13 13 13 13 13 13 13 13 13 13 13 13 13 13 13 3 3 3 3 3 3 3 3 3 3 3 3 3 3 3 4 5 6 6 6 100 95 81 76 31 31 31 82 125 125 103 80 66 32 31 91 630 920 834 87 74 74 74 74 256 362 392 566 609 609 584 356 1353 0 0 0 0 0 0 0 0 0 0 0 0 0 0 0 0 0 0 0
20 20 20 20 19 15 13 13 13 13 13 15 16 16 16 16 16 16 16 16 16 17 17 17 3 3 3 3 3 3 3 3 3 3 3 3 3 3 3 4 6 6 6 6 14 10 8 20 21 21 37 80 80 80 80 79 73 46 42 129 383 324 101 74 74 74 74 74 287 361 373 602 607 607 607 453 354 460 792 727 19 0 0 0 0 0 0 0 0 0 0 0 0 0 0 0
20 20 20 20 20 20 20 13 13 14 15 19 20 20 20 20 20 20 20 20 20 20 20 20 3 3 3 3 3 3 3 3 3 3 3 4 4 5 5 5 6 6 6 6 6 6 14 20 21 21 37 80 80 80 80 67 40 40 49 76 74 74 74 74 74 74 74 74 323 360 388 601 606 606 590 538 449 629 849 1121 2394 0 0 0 0 0 0 0 0 0 0 0 0 0 0 0
20 20 20 20 20 20 20 15 13 19 20 20 20 20 20 20 20 20 20 20 20 20 20 20 3 3 3 3 3 3 3 3 3 3 3 5 6 6 6 6 6 6 6 6 6 7 19 12 19 21 22 68 80 80 80 56 40 40 72 78 74 77 80 71 71 73 73 99 337 331 398 605 605 605 508 468 468 360 953 1374 3618 55374 0 0 2973 1521 0 0 0 0 0 0 0 0 0 0
20 20 20 20 20 20 20 20 20 20 20 20 20 20 20 20 20 20 20 20 20 20 20 20 3 3 3 3 3 3 3 2 3 3 3 5 6 6 6 6 6 6 6 6 6 6 6 6 9 18 15 27 80 76 57 40 40 69 81 81 81 81 69 48 52 71 73 91 158 114 109 317 489 592 333 211 273 150 404 870 2453 2944 2024 39 6985 2671 0 0 0 0 0 0 0 0 0 0
20 20 20 20 20 20 20 20 20 20 20 20 20 20 20 20 20 20 20 20 20 20 20 20 3 3 3 3 3 3 3 3 3 3 4 6 6 6 6 6 6 6 6 6 6 7 12 6 9 15 15 17 36 56 40 40 46 80 81 81 81 67 49 48 48 77 102 83 103 103 103 103 219 403 138 138 144 408 420 693 1362 5707 11506 7556 8495 0 0 0 0 0 0 0 0 0 0 0
20 20 20 20 20 20 20 20 20 20 20 20 20 20 20 20 20 20 20 20 20 20 20 20 3 3 3 3 3 3 3 3 3 3 3 4 6 6 6 6 6 6 10 8 7 11 15 14 14 15 15 15 15 29 53 52 71 81 81 81 76 51 47 47 47 91 106 106 103 103 103 103 103 164 241 238 402 513 737 765 927 1060 3495 9172 0 0 0 0 0 0 0 0 0 0 0 0
20 20 20 20 20 20 20 20 20 20 20 20 20 20 20 20 20 20 20 20 20 20 20 19 3 3 3 3 3 3 3 3 3 3 3 4 6 6 6 6 8 14 15 14 15 15 15 15 15 15 15 15 15 36 80 80 80 80 80 80 79 55 47 47 47 102 106 106 103 103 103 103 103 269 439 410 410 437 748 857 824 1109 1339 2211 0 0 0 0 0 0 0 0 0 0 0 0
7 7 7 7 7 7 7 7 7 7 7 7 7 7 7 7 7 7 7 7 7 7 7 7 7 7 7 7 7 7 7 7 7 7 7 7 6 5 6 6 9 15 15 15 15 15 15 15 15 15 15 15 15 56 80 80 80 80 80 80 80 68 47 47 47 79 106 106 105 102 102 102 126 372 450 445 600 721 886 3219 731 731 17496 4860 0 0 0 0 0 0 0 0 0 0 0 0
7 7 7 7 7 7 7 7 7 7 7 7 7 7 7 7 7 7 7 7 7 7 6 7 7 7 7 7 7 7 7 7 7 7 7 7 6 2 6 11 13 15 15 15 15 15 15 15 15 15 15 15 15 63 80 80 80 80 80 80 80 58 47 47 47 80 105 105 139 159 162 187 247 367 449 449 730 1666 1827 2062 1798 1911 3907 9698 0 0 0 0 0 0 0 0 0 0 0 0
7 7 7 7 7 7 7 7 7 7 7 7 7 7 7 7 7 7 7 7 7 7 5 5 7 7 7 7 7 7 7 7 7 7 7 7 6 6 6 13 15 15 15 15 15 15 15 15 15 15 15 15 15 60 80 80 80 80 80 80 78 48 47 47 47 90 208 6594 158 172 209 320 320 371 448 453 623 2154 3124 3095 2640 1867 7234 28522 0 0 0 0 0 0 0 0 0 0 0 0
7 7 7 7 7 7 7 7 7 7 7 7 7 7 7 7 7 7 7 7 6 5 5 5 6 7 7 7 7 7 7 7 7 7 7 7 8 8 8 8 8 9 13 15 15 15 15 15 15 15 15 15 15 77 80 78 80 80 80 80 72 47 47 48 51 97 102 92 122 88 204 319 319 378 447 535 633 660 2149 2792 2808 2043 3155 14052 0 0 0 0 0 0 0 0 0 0 0 0
7 7 7 7 7 7 7 7 7 7 7 7 7 7 7 7 7 7 7 7 7 6 7 6 7 7 7 7 7 7 7 7 7 7 7 7 8 8 8 8 8 8 8 12 15 15 15 15 15 15 15 15 21 45 46 38 38 55 75 79 55 47 47 50 51 51 52 51 51 51 154 262 257 238 281 531 3320 7736 2185 3197 3298 2262 4461 67769 0 0 0 0 0 0 0 0 0 0 0 0
7 7 7 7 7 7 7 7 7 7 7 7 7 7 7 7 7 7 7 7 7 7 7 6 7 7 7 7 7 7 7 7 7 7 7 7 8 8 8 8 8 8 8 8 8 9 11 14 15 15 17 18 34 36 36 36 36 36 56 79 53 47 47 50 51 51 51 51 51 61 212 216 216 216 216 496 1644 3328 3251 3439 4366 4152 3692 198532 0 0 0 0 0 0 0 0 0 0 0 0
7 7 7 7 7 7 7 7 7 7 6 7 7 7 7 7 7 7 7 7 7 7 7 7 6 7 7 7 7 7 7 7 7 7 7 7 8 8 8 8 8 8 8 8 8 8 8 9 12 25 36 36 36 36 36 36 36 36 36 40 44 47 62 81 77 78 73 84 76 70 215 216 216 214 218 443 505 2403 3225 86643 7021 9501 28043 224293 443664 0 0 0 0 0 0 0 0 0 0 0
7 7 7 7 7 7 7 7 7 7 6 6 7 7 7 6 7 7 7 4 4 7 7 7 7 7 7 7 7 7 7 7 7 7 7 7 8 8 8 8 8 8 8 8 8 8 8 8 8 25 34 36 36 36 36 36 36 36 36 36 57 78 103 109 109 109 109 109 109 119 214 196 163 139 190 428 431 583 1995 2778 3855 6126 3091 9453 20116 138071 0 0 0 0 0 0 0 0 0 0
7 7 7 7 7 7 7 7 7 6 6 6 6 5 6 6 6 5 6 4 0 1 5 6 6 6 7 7 7 7 7 7 7 7 7 7 8 8 8 8 8 8 8 8 8 8 8 8 8 8 17 34 36 36 36 36 36 36 36 45 109 109 109 109 109 109 109 109 114 118 136 135 134 134 134 217 379 446 946 1802 12460 2051 3244 6138 8202 194594 0 0 0 0 0 0 0 0 0 0
7 7 7 7 7 7 7 7 7 6 6 6 6 7 7 7 7 7 6 6 0 0 3 6 6 7 7 7 7 7 7 7 7 7 7 7 8 8 8 8 8 8 8 8 8 8 8 8 8 8 22 34 36 36 36 36 36 36 36 51 109 109 109 109 109 109 109 114 134 134 134 134 134 134 144 319 323 323 781 1065 1420 981 2243 3336 8781 17604 0 0 0 0 0 0 0 0 0 0
7 7 7 7 7 7 7 7 7 7 6 7 7 7 7 7 7 7 7 4 0 1 3 7 7 7 7 7 7 7 7 7 7 7 7 7 8 8 8 8 8 8 8 8 8 8 8 8 8 8 21 35 35 35 35 35 35 35 35 55 108 108 108 108 108 108 108 114 134 280 415 395 470 4791 246 343 322 345 1921 2297 781 961 1821 1871 12581 26861 0 0 0 0 0 0 0 0 0 0
7 7 7 7 7 7 7 7 7 7 570 224 7 5 6 7 7 7 7 4 2 3 0 6 7 7 7 6 5 7 7 7 7 7 7 7 8 8 8 8 8 8 8 8 8 8 8 8 8 8 27 35 35 35 35 35 35 35 35 61 108 108 108 108 108 108 108 115 432 603 603 603 579 452 433 451 397 1178 1905 1907 766 643 1608 4166 16663 32460 0 0 0 0 0 0 0 0 0 0
7 7 7 7 7 7 7 7 7 7 1094 1381 7 7 7 7 7 7 7 7 6 5 4 5 6 7 7 6 6 7 4 7 7 7 7 7 8 8 8 8 8 8 8 8 8 8 8 8 8 27 67 67 67 67 67 67 67 74 79 79 79 79 79 165 264 264 264 509 602 602 602 602 593 417 422 449 450 608 625 627 627 688 970 1457 2689 3965 0 0 0 0 0 0 0 0 0 0
7 7 7 7 7 7 7 7 7 7 7 7 7 7 7 7 7 7 6 6 3 2 6 14 15 16 8 7 5 7 5 6 7 7 7 7 8 8 8 8 8 8 8 8 8 8 8 8 8 29 67 67 67 67 67 67 67 69 78 78 78 79 178 259 263 263 326 596 600 600 600 600 560 415 415 439 448 437 382 515 477 581 771 872 7765 3733 0 0 0 0 0 0 0 0 0 0
7 7 7 7 7 7 7 7 7 7 7 7 7 7 7 7 7 6 7 7 7 7 11 21 22 24 15 8 7 7 7 6 4 7 7 7 8 8 8 8 8 8 8 8 8 8 8 8 19 63 67 62 59 67 67 67 67 67 75 78 78 149 262 262 262 262 267 360 574 599 599 599 576 424 426 445 1731 3709 2405 2282 359 507 591 16513 4423 2723 0 0 0 0 0 0 0 0 0 0
7 7 7 7 7 7 7 7 7 7 7 7 7 7 7 7 7 7 7 7 7 7 12 24 22 22 22 18 20 19 20 11 6 7 7 7 8 8 8 8 8 8 8 8 8 8 8 8 36 67 67 63 67 67 67 67 67 68 78 78 78 115 262 262 262 262 262 262 609 725 715 653 598 520 501 482 1499 3496 2984 969 402 562 569 2411 2420 224 0 0 0 0 0 0 0 0 0 0
7 7 7 7 7 7 7 7 7 7 7 7 7 7 7 7 7 7 7 7 6 12 21 23 23 23 23 23 23 23 23 23 22 23 23 23 8 8 8 8 8 8 8 8 8 8 8 8 17 54 67 67 67 67 67 67 67 71 78 78 82 204 261 261 261 261 261 305 687 745 745 745 607 503 503 600 874 688 656 646 654 589 836 15401 20525 0 0 0 0 0 0 0 0 0 0 0
7 7 7 7 7 7 7 7 7 7 7 7 7 7 7 7 7 7 7 216 6 5 17 23 23 23 23 23 23 23 23 14 21 23 23 23 8 8 8 8 8 8 8 10 26 28 34 31 19 59 67 67 67 67 67 67 67 72 78 78 118 243 255 270 276 288 260 474 743 743 743 743 709 536 503 656 1229 1000 5995 628 633 1395 4845 14409 0 0 0 0 0 0 0 0 0 0 0 0
7 7 7 7 7 7 7 7 7 7 7 7 7 7 7 7 7 7 7 2515 7 5 0 12 23 23 23 23 23 23 14 1 22 23 23 23 8 8 8 8 8 8 8 29 35 35 35 35 35 46 66 66 67 67 66 67 69 77 77 80 115 207 285 325 328 328 315 582 725 741 741 741 745 1072 889 955 1445 1261 17422 623 621 3376 7115 7215 0 0 0 0 0 0 0 0 0 0 0 0
7 7 7 7 7 7 7 7 7 7 7 7 6 7 7 7 7 7 7 7 7 6 3 1 22 23 23 23 23 23 5 3 23 23 23 23 8 8 8 8 8 8 9 35 35 35 35 35 35 41 66 70 79 83 75 80 83 113 124 141 144 207 252 325 328 328 328 510 644 681 790 1476 1662 1706 1401 1495 1666 1147 662 382 484 4210 5674 6403 0 0 0 0 0 0 0 0 0 0 0 0
7 7 7 7 7 7 7 7 7 7 7 7 5 4 5 6 7 5 7 7 7 6 3 0 16 23 23 23 23 23 21 19 22 23 16 9 8 8 8 8 8 8 13 34 35 35 35 35 52 78 84 84 84 84 84 84 84 123 152 152 154 195 206 223 323 327 327 427 616 617 617 1274 1718 1724 1790 37064 1802 873 346 346 1130 5707 7153 5053 0 0 0 0 0 0 0 0 0 0 0 0
20 19 7 7 7 7 7 7 7 7 7 5 4 6 3 1 4 6 3 5 6 6 6 0 14 23 23 23 23 23 23 18 13 13 10 7 8 8 8 8 8 8 10 34 34 34 34 34 62 84 84 84 84 84 84 84 84 93 148 151 151 156 205 206 230 449 568 650 610 615 615 1253 1267 1423 1423 1170 727 873 345 501 6316 10352 10358 7303 0 0 0 0 0 0 0 0 0 0 0 0
21 21 19 19 19 19 19 19 13 7 6 5 6 6 5 1 1 7 4 6 6 6 5 10 26 28 28 23 13 7 7 7 7 7 7 7 8 8 8 8 8 8 8 28 34 34 34 30 31 55 83 83 83 83 83 83 83 125 151 151 151 167 205 205 205 570 666 666 630 573 542 763 1000 735 810 837 706 1230 789 4725 7581 8655 0 0 0 0 0 0 0 0 0 0 0 0 0 0
0 0 0 0 82 357 298 216 161 48 14 14 11 5 6 6 1 6 4 6 7 7 5 21 140 191 131 24 13 7 7 7 7 7 7 7 8 20451 8 8 8 8 17 30 34 34 34 34 40 76 83 83 83 83 83 83 83 111 151 151 151 175 205 397 609 692 2665 3116 714 521 521 498 454 521 1170 1135 1167 1516 1130 1420 5230 7445 0 0 0 0 0 0 0 0 0 0 0 0 0 0
0 0 0 0 60 293 255 433 438 313 45 26 14 5 5 4 3 10 10 11 14 16 16 46 418 363 111 27 13 7 7 7 7 7 7 7 8 1781 8 8 8 18 33 34 34 34 34 34 45 78 83 83 83 83 83 83 83 94 150 156 213 301 565 817 817 3025 7120 6595 1074 910 1264 595 489 457 2099 1951 1850 2000 2357 2765 4727 6541 0 0 0 0 0 0 0 0 0 0 0 0 0 0
0 0 0 0 0 0 0 0 0 324 211 98 13 4 4 3 18 18 18 18 21 23 2499 1965 464 408 54 35 13 7 7 7 7 7 7 7 8 8 8 8 12 20 31 34 34 34 34 34 34 41 72 83 83 83 83 83 83 83 221 287 320 329 803 981 815 3301 6844 2720 1419 1920 1943 2005 809 1707 2909 2934 2757 2548 2233 4321 5758 4768 0 0 0 0 0 0 0 0 0 0 0 0 0 0
0 0 0 0 0 0 0 0 0 190 204 197 142 24 4 4 18 18 18 16 20 21 4554 3676 589 520 294 187 49 23 7 7 7 7 7 7 8 8 8 8 11 34 34 34 34 34 34 34 34 34 34 44 82 86 83 83 83 83 238 328 328 328 1348 1658 1182 2240 3876 1383 1385 1956 2023 1454 719 2772 2935 2699 2730 19102 34296 19768 6919 439 0 0 0 0 0 0 0 0 0 0 0 0 0 0
0 0 0 0 0 0 0 0 89 204 204 188 181 162 65 153 132 130 18 17 18 2501 7943 0 0 593 538 1986 71 33 7 7 7 7 7 7 8 10 8 8 8 25 108 121 177 136 70 34 34 34 34 34 68 108 97 82 82 82 167 327 327 327 1242 1670 1670 1483 1308 1346 1407 1926 1844 781 645 1955 2691 4933 10468 18957 186023 0 0 0 0 0 0 0 0 0 0 0 0 0 0 0 0 0
0 0 0 0 0 0 0 0 0 0 0 157 166 180 180 151 202 202 140 40 18 10446 0 8529 6754 994 1080 134 118 53 7 7 7 7 7 7 8 93 130 94 106 159 185 187 187 148 77 52 59 34 38 88 105 109 105 100 94 132 272 326 326 827 1504 1636 1664 1611 1302 1311 4960 900 663 2351 2643 2360 8370 13711 39960 117909 59493 0 0 0 0 0 0 0 0 0 0 0 0 0 0 0 0 0
0 0 0 0 0 0 0 0 0 0 0 90 127 139 139 181 250 250 230 187 174 0 0 569 1435 1257 801 211 179 79 9 9 9 9 9 9 119 155 187 170 173 187 187 187 114 89 91 92 93 91 107 111 109 109 109 109 261 325 325 325 325 433 1399 1408 1422 1353 1297 1506 32223 2623 28164 2116 3596 5823 12433 41384 94844 79991 3186 0 0 0 0 0 0 0 0 0 0 0 0 0 0 0 0 0
0 0 0 0 0 0 0 0 0 0 0 0 0 118 118 176 273 273 254 241 0 0 0 778 1285 1117 1544 533 533 228 10 10 10 10 10 10 185 186 186 186 186 186 186 175 65 87 92 92 92 101 206 147 117 108 108 108 336 472 445 465 451 663 1177 1272 1188 1765 2330 2087 1971 2031 1224 1520 5849 30574 65695 217947 274576 0 0 0 0 0 0 0 0 0 0 0 0 0 0 0 0 0 0 0
0 0 0 0 0 0 0 0 0 0 0 0 0 214 215 366 289 288 161 0 0 0 0 2008 706 838 3046 1296 391 366 325 227 195 10 10 56 178 174 185 185 185 185 185 156 86 92 92 92 92 92 190 218 164 108 108 108 126 235 508 508 508 508 642 724 724 1331 2807 2499 1521 670 808 1035 6570 18562 120396 602410 1464206 0 0 0 0 0 0 0 0 0 0 0 0 0 0 0 0 0 0 0
0 0 0 0 0 0 0 0 0 0 0 0 0 462 531 612 622 238 0 0 0 51 2736 2478 1079 1650 1836 1894 770 560 529 859 959 2761 9455 1470 151 150 167 719 18992 185 185 109 92 92 92 92 101 101 180 218 191 108 108 4399 3349 510 657 507 507 691 931 1735 2246 2163 2129 620 754 777 853 927 5455 8353 22511 0 0 0 0 0 0 0 0 0 0 0 0 0 0 0 0 0 0 0 0 0
0 0 0 0 0 0 0 0 0 0 0 0 0 289 530 603 371 0 0 0 0 0 1213 1022 229 3406 3691 4441 4474 635 774 1011 1178 2561 6544 1344 141 141 141 517 20066 1355 158 101 92 80 99 245 212 217 217 217 206 160 257 5888 7914 3741 1107 930 1096 1359 1364 2541 2631 1999 1299 610 715 778 775 960 6854 8667 28612 0 0 0 0 0 0 0 0 0 0 0 0 0 0 0 0 0 0 0 0 0
0 0 0 0 0 0 0 0 0 0 0 0 0 0 525 10266 0 0 0 0 0 0 0 0 0 0 97726 23562 5519 606 606 568 755 1074 910 797 141 141 141 141 141 144 561 1383 284 91 255 374 233 216 216 216 243 437 429 721 3303 4979 1188 1072 1056 1217 1643 2670 2878 1338 1478 1240 699 710 7862 4472 5420 8748 47586 0 0 0 0 0 0 0 0 0 0 0 0 0 0 0 0 0 0 0 0 0
0 0 0 0 0 0 0 0 0 0 0 0 0 0 0 0 0 0 0 0 166 428 1871 0 0 0 632254 27014 3548 2414 1174 199 193 149 88 96 140 140 140 140 140 140 1309 1391 887 417 413 423 268 93 115 119 175 341 381 405 515 867 1109 4279 4248 2710 1997 1643 1406 1160 1705 1823 1248 681 10588 2026 6659 10298 10565 0 0 0 0 0 0 0 0 0 0 0 0 0 0 0 0 0 0 0 0 0
0 0 0 0 0 0 0 0 0 0 0 0 0 0 0 0 0 0 0 0 412 340 1215 0 0 0 225935 17984 7055 5477 2406 196 192 233 253 240 140 140 140 140 140 140 262 836 854 655 441 422 291 115 53 53 163 271 353 372 296 334 693 4391 6314 7357 6549 1612 1212 1389 1650 1924 96685 1336 753 674 5102 10551 6374 0 0 0 0 0 0 0 0 0 0 0 0 0 0 0 0 0 0 0 0 0
0 0 0 0 0 0 0 0 0 0 0 0 0 0 0 0 0 0 0 0 0 0 0 0 0 4355 15544 4894 2052 2324 576 244 243 257 258 243 139 139 158 173 213 345 419 349 840 892 9956 528 421 445 447 876 392 271 366 369 299 484 764 770 2443 7326 7321 4530 1856 1855 693 214 227945 4420 976 533 8549 8430 0 0 0 0 0 0 0 0 0 0 0 0 0 0 0 0 0 0 0 0 0 0
0 0 0 0 0 0 0 0 0 0 0 0 0 0 0 0 0 0 0 0 0 0 0 0 0 2795 3799 1555 543 721 370 235 238 256 261 249 139 139 426 551 395 395 404 461 534 1389 1753 1956 1179 653 783 5552 2614 743 2257 1956 1588 1255 1358 1451 1511 1319 1408 1588 1193 1750 1070 219 1518 2113 553 2411 6681 0 0 0 0 0 0 0 0 0 0 0 0 0 0 0 0 0 0 0 0 0 0 0
0 0 0 0 0 0 0 0 0 0 0 0 0 0 0 0 0 0 374 548 536 542 434 0 0 0 0 0 0 0 389 216 216 277 645 605 338 457 545 531 472 397 435 460 460 1245 1730 1629 1694 1680 796 1171 3106 3393 3374 2554 2441 2496 2373 4584 1728 704 585 528 529 1193 1815 1127 1152 1237 1757 5416 0 0 0 0 0 0 0 0 0 0 0 0 0 0 0 0 0 0 0 0 0 0 0 0
0 0 0 0 0 0 0 0 0 0 0 0 0 0 0 0 0 0 0 0 0 0 0 0 0 0 0 0 0 0 0 216 523 601 651 606 347 521 547 450 715 1054 893 699 650 784 766 739 716 2240 8489 8656 5085 3984 3723 2995 2878 3132 6412 64861 4542 895 399 408 520 713 1466 1727 1277 1243 3892 5528 0 0 0 0 0 0 0 0 0 0 0 0 0 0 0 0 0 0 0 0 0 0 0 0
0 0 0 0 0 0 0 0 0 0 0 0 0 0 0 0 0 0 0 0 0 0 0 0 0 0 0 0 0 0 0 403 584 628 649 606 340 391 545 545 686 1005 1044 980 944 924 893 828 731 2042 2436 5169 5860 38306 5024 1732 1504 17496 3042 4001 2804 404 398 398 493 1459 1901 1900 1612 1293 2575 3120 0 0 0 0 0 0 0 0 0 0 0 0 0 0 0 0 0 0 0 0 0 0 0 0
0 0 0 0 0 0 0 0 0 0 0 0 0 0 0 0 0 0 0 0 0 0 0 0 0 0 0 0 0 0 0 272 421 466 622 582 339 342 392 616 13362 845 1164 1361 1007 981 934 890 10407 20185 1799 1509 2759 3007 1744 8677 2674 1435 1761 2287 1931 518 384 358 447 1830 1744 1635 715 1392 2847 2798 0 0 0 0 0 0 0 0 0 0 0 0 0 0 0 0 0 0 0 0 0 0 0 0
0 0 0 0 0 0 0 0 0 0 0 0 0 0 0 0 0 0 0 0 0 0 0 0 0 0 0 0 0 0 0 330 398 376 4308 1490 338 338 405 695 700 935 1513 1609 1148 1068 1857 1869 12774 35364 2489 2704 2419 1766 1672 1459 1364 1434 1734 2360 2455 674 307 306 451 838 481 791 462 1199 2835 2112 0 0 0 0 0 0 0 0 0 0 0 0 0 0 0 0 0 0 0 0 0 0 0 0
0 0 0 0 0 0 0 0 0 0 0 0 0 0 0 0 0 0 0 0 0 0 0 0 0 0 0 0 0 0 0 641 530 340 584 720 337 339 469 711 731 1349 1676 1676 1470 1111 6973 0 10910 4885 5933 4391 4871 2700 1880 0 0 1466 1605 2179 2414 1216 305 305 413 413 413 427 446 1503 2828 2356 0 0 0 0 0 0 0 0 0 0 0 0 0 0 0 0 0 0 0 0 0 0 0 0
0 0 0 0 0 0 0 0 0 0 0 0 0 0 0 0 0 0 0 0 0 0 0 0 0 0 0 0 0 0 0 0 0 955 1013 1238 492 628 806 786 715 874 1837 1858 1788 1248 4394 10232 5122 9126 14375 8854 0 2603 1943 1692 1531 1463 1508 1442 1053 1031 393 304 411 411 411 411 411 651 1573 0 0 0 0 0 0 0 0 0 0 0 0 0 0 0 0 0 0 0 0 0 0 0 0 0
0 0 0 0 0 0 0 0 0 0 0 0 0 0 0 0 0 0 0 0 0 0 0 0 0 0 0 0 0 0 0 0 0 3856 2728 2210 827 827 815 1706 6679 978 1420 1791 1531 1647 8040 64749 3399 10407 44177 354993 0 45597 8939 630 843 1322 1511 1513 1202 1023 834 337 410 410 410 410 410 410 0 0 0 0 0 0 0 0 0 0 0 0 0 0 0 0 0 0 0 0 0 0 0 0 0 0
0 0 0 0 0 0 0 0 0 0 0 0 0 0 0 0 0 0 0 0 0 0 0 0 0 0 0 0 0 0 0 0 0 0 0 23453 1063 1003 966 1202 2970 746 779 794 1794 2584 3222 2769 2707 5800 0 0 1098386 244446 22809 8691 4804 1336 2084 1511 1135 1018 11406 10515 0 0 0 0 0 0 0 0 0 0 0 0 0 0 0 0 0 0 0 0 0 0 0 0 0 0 0 0 0 0 0 0
