data/pop/popcount/gpw_pop_counts_1d_1995a.asc
ncols 360
nrows 180
xllcorner -180
yllcorner -90
cellsize 1
NODATA_value -99
[rows 55 to 109 of 180, columns 192 to 287 of 360]
0 0 0 0 0 0 0 0 0 0 0 0 0 0 0 0 0 0 0 0 0 0 0 0 1058674 309693 269382 262374 203398 104665 114161 285079 379866 625506 749984 745796 871041 482399 1647459 1839221 199525 171712 180253 119102 189979 214642 232931 232931 248434 339537 281554 221203 162400 150647 186279 256037 1156263 3132768 1037527 3791027 4332783 2863338 2212475 765630 286523 108833 97238 96769 6959 989 1458 1646 2083 2294 2311 2441 2827 4074 7675 6978 4352 3803 3572 4465 12801 11437 5866 26230 42127 51377 107489 402009 1235751 2249483 1351243 2776485
0 0 0 0 0 0 0 0 0 0 0 0 0 0 0 0 0 0 0 0 0 0 0 2350371 1571770 1293458 322623 145133 92239 91195 91690 345909 5804423 442613 322269 512890 577808 532189 401988 387516 374589 387419 383541 211666 233826 231365 228352 235690 220477 214340 188928 108485 128194 180671 195255 260126 358077 492804 1722983 3113042 3143156 4743247 1707787 1333816 202431 115716 120805 13423 1016 1179 1816 1669 1671 1894 2347 2369 2493 3125 7954 8532 8413 7400 7695 6404 35486 30979 25577 19467 24779 34339 51972 94077 600184 1140803 1031319 1530867
434098 1656942 420847 0 0 0 0 0 0 128479 55544 0 0 0 0 0 0 0 0 0 0 0 0 3605188 960456 401764 89999 83163 89319 81635 73611 80589 1245131 446687 293830 335327 595821 563391 506575 406505 366628 193259 149660 124079 198768 229890 238376 238376 196365 61734 63636 72016 118763 177678 163419 210806 312915 739418 1598866 2043634 2981751 4857171 6080058 4010982 933775 165114 62903 36348 4342 2017 2242 1722 1648 2055 2331 2371 2523 3000 8842 13310 20886 21413 22428 27732 47653 44094 44150 55616 41991 61140 68489 135136 480840 1594119 1757976 1540041
60926 19650 28078 7722 0 0 0 0 491986 210770 65813 19123 15884 9081 0 0 0 0 0 0 0 0 2204937 2120004 1980798 599926 42448 35918 43591 61735 80367 192693 380687 391132 513371 478306 602640 599813 543150 438313 341255 166349 130213 122210 126134 146119 193388 237447 223178 54587 33554 97347 139649 188053 209984 237826 237555 288276 1203099 2414405 4832890 7320788 10807477 5559032 3164024 1055212 133507 19480 5414 2964 2132 2118 2278 2559 2338 2216 2033 2610 3880 28541 38371 37597 46509 46776 55648 45634 90288 55277 71926 108514 127884 1323989 4595045 4211890 5108386 3744415
22702 22702 19065 13122 29607 34505 17346 0 6254 6169 12293 15777 16109 15429 15428 12602 14109 3389754 5651945 15562525 1445613 100487 313570 249916 56087 43211 28695 30663 31772 33807 43418 180800 102981 105671 461857 1044607 659849 497891 461283 371473 328688 289051 135836 123448 124983 126893 125022 142973 150081 64365 34454 126825 145205 190109 748391 473725 286589 326561 1408129 4063363 6205058 5067731 3781538 4775596 5744757 3790387 1789786 627879 144722 37165 9318 5180 3165 4349 12115 13306 8893 19571 25479 69558 27877 18514 26217 31397 35276 53842 69495 48457 46817 89356 298081 5265528 9488568 6695224 7150604 5104601
22932 19022 13963 7364 15576 27462 25500 6398 6877 6876 6877 15800 16012 15293 15109 13747 15584 618931 2559692 5197600 316586 31490 92069 51005 37599 28474 29123 30414 31204 35520 36664 52308 54988 39976 356798 999472 0 0 0 335054 325954 302553 265263 128895 128093 128177 125392 105722 105141 52242 35705 84440 90936 95683 318072 311666 212699 511944 1655557 3305409 2308512 1836041 1944854 2948204 4242857 8142530 4837594 2114231 1120000 555231 133535 20151 9941 10675 16992 40098 95964 125670 136427 309189 50067 24911 28981 16549 20196 28623 59770 54001 41479 94961 922214 3496833 6632379 7440615 8332880 2909693
14364 8353 6338 3432 2849 3460 11254 6699 6944 6944 6944 14765 15468 15736 15736 276263 1021017 1706018 2316846 93959 11132 12583 21304 50827 45059 43080 34256 42503 52397 54741 51177 44154 37021 26564 22791 223324 163907 0 0 293145 336078 331281 335245 233914 142962 130100 122856 110350 106200 98741 59760 41151 46469 59724 215583 514231 1744251 1527573 2417354 967888 867562 592007 957216 2313122 6927073 18043856 7740590 6626020 2476309 1862090 962261 1090902 648246 270723 45376 44457 51062 87683 53460 57930 51400 30460 106962 100771 41724 14151 51403 98008 77502 243577 836431 1080560 3781338 3958457 2906705 1991665
7443 7335 21379 39092 5688 2945 2945 6240 6888 6930 6940 6878 6769 7644 7645 254207 493727 661805 1553466 1414112 8360 5687 0 0 54894 70260 54401 54495 58551 58709 58709 56574 59076 38977 23882 23882 22024 0 0 0 159107 297787 252514 197601 149365 146159 113248 107718 106843 108303 99844 76381 73317 73712 125281 1769531 2309867 1250267 390763 274828 394846 865334 1681050 3200915 3581060 6017799 7146156 6153946 5866621 5073442 4287284 4686842 2939875 3616934 940050 696543 918282 399814 313751 466166 113056 286808 1646935 2371479 131615 72345 114751 252797 331398 454614 1087859 1938224 2346005 2917770 3151559 2315517
7335 7396 27998 7312 2519 2870 2818 1211 858 858 858 858 858 3616 3616 3616 3616 3616 3616 3136450 2056421 8299 0 0 38751 98968 101808 87747 59233 59234 53298 46291 80618 116415 89761 39595 24095 21329 0 0 0 0 0 0 0 156997 140868 109270 109270 117338 203149 189202 160357 128970 149417 1165343 2711598 1039290 200819 251963 1027457 1521538 2096155 3534872 2448235 2868787 3841000 4980978 8981279 7214414 8077767 10109452 9492333 9812538 6585039 5130737 6063556 5320274 3539875 4355365 4325024 1909206 2101214 252818 22957 23003 145018 633857 883337 1213957 1182007 1777040 2364645 3188242 4081254 2033408
3613 2412 2266 2266 2266 2266 2266 1104 866 866 866 866 866 3647 3647 3647 3647 3647 3647 3647 1627439 9847 5587 0 0 57431 108949 107186 81249 72966 46269 62631 97671 119923 119923 69878 24301 24270 281411 309894 0 0 0 0 0 0 72415 66447 73417 111665 168878 174037 114140 98132 277750 6062782 3790895 1126703 757413 745329 1188354 1534317 2006124 1860423 1496814 1291131 2637072 2569875 3539764 6140470 10499766 8484432 9230940 12311816 8735380 7189630 7673007 9409326 2275749 1943489 1074017 813299 695452 87728 196623 249370 852626 932349 1860881 1140182 2489653 2092304 2352146 2053459 1190138 1038190
2285 2285 2285 2285 2285 2285 2285 1120 873 873 873 873 873 3678 3678 3678 3678 3678 3678 3678 99723 65945 8538 0 0 44502 109105 109986 108631 108738 98971 118332 120944 118755 118923 100852 31416 24508 51632 0 0 0 64117 603578 270987 0 0 0 0 0 0 0 0 0 0 2529783 1312042 807887 610717 1247527 2107551 2035187 2083257 1774666 1783540 1461836 1832552 1544951 1847008 2610053 2073686 2666944 4725234 4527180 3935195 5135846 9771187 10872626 11871472 7111918 4315158 1481984 635865 267013 369182 473766 1069929 1264412 1155508 776320 2279812 1702883 1301183 839043 756070 1315002
1523 2017 2302 2297 2297 2302 2295 1134 879 879 879 879 879 3705 3705 3705 3705 3705 3705 3705 187355 164740 8643 4839 0 0 70070 139846 107148 200096 149046 121836 121836 117401 119507 120387 51257 24364 24689 35073 136049 153993 155093 113951 77798 346363 727514 0 0 0 0 0 0 0 0 0 0 418181 573151 972626 6826057 3147840 2766190 2649655 2058151 2903745 1866392 2105967 2094645 1479948 1211169 1229073 1849348 4115336 7280643 7136682 10872020 9715061 19990922 7741311 747314 231056 330793 602951 254358 377855 388921 757409 612748 711999 1292297 1572219 1320439 963590 1538818 1897014
408 451 778 2116 2296 2302 2294 1149 886 886 886 886 886 3732 3732 3732 3732 3732 3732 206442 271132 63989 8953 8763 0 0 0 286856 228044 296091 293084 169138 122744 121254 122061 122744 38901 24873 24873 24849 35703 57697 79718 55452 56775 88463 76858 0 0 0 0 0 0 0 0 0 0 774011 2154858 1755840 4526522 5247446 2526483 2803033 2207445 1461066 1547553 1728755 1124429 1724253 1956702 1497238 2088058 1975151 3944442 9664104 22996730 6471665 8467103 0 1774620 167097 664851 1827592 1224086 353485 226651 436505 614140 403802 412795 711716 992149 745662 1145094 1592222
410 410 410 1733 2312 2312 2312 2017 1314 896 892 892 892 3732 3732 3732 3732 3732 3719 3652 29247 20386 9501 9508 8993 0 0 268706 304959 304959 304959 208823 123615 123615 123615 122522 27375 25049 25049 25049 25049 24784 17984 13928 3777 6968 29618 0 0 0 0 0 0 0 0 0 0 0 2556722 2500173 0 2713188 2310385 2541678 1845844 1784590 2729565 3443762 2154819 3916803 2765371 2652203 1392302 1657304 3227669 0 0 0 0 0 1702856 113840 1013367 2379044 1277350 266238 196194 231339 349608 239550 154421 664280 1020344 6776677 3053041 828125
413 413 413 837 2328 2328 2328 2328 2328 2032 1303 899 898 4064 3867 3757 3757 3757 3757 3757 29871 22168 11194 11334 10670 0 0 0 361640 1519288 310831 279407 126230 123156 118883 111742 25218 25218 25218 25218 25218 23896 20807 5119 3189 2655 0 0 0 0 0 0 0 0 0 0 0 0 0 0 0 3321052 2964558 2924293 2584546 2604094 2125368 2036286 1135691 1845451 1528324 1893304 1472840 4537122 4879835 0 0 0 0 0 0 617145 1059492 1667176 978248 539510 111775 431926 330318 182688 200426 194362 410071 5212705 7904717 0
414 416 416 1004 2343 2343 2343 2343 2343 2343 2343 2005 21971 21971 19024 18214 19828 19771 19714 19657 34302 29796 12559 12905 37205 0 0 0 0 1025834 292868 292868 161654 100167 93098 70027 25379 25379 25379 25379 21299 12808 4010 118 1951 2330 0 0 0 0 0 0 0 0 0 0 0 0 0 0 0 4705658 2768921 2721968 2319529 2687749 1584291 1452646 459635 804154 1833372 1243943 2849801 0 0 0 0 0 0 0 0 0 397839 1048667 759359 275438 223909 1001700 749985 212930 247826 146737 285862 3501706 0 0
414 418 418 1221 2357 2357 2116 2268 2357 2309 2357 2357 22104 22104 18038 23446 30728 30728 30710 30728 40634 37274 21634 21073 138389 205132 0 0 0 242909 298400 256698 59917 34326 34326 30863 23186 16005 11015 7066 1998 1808 1497 1136 80 0 0 0 0 0 0 0 0 0 0 0 0 0 0 0 0 5523940 2431018 2018315 2816231 2701192 3398085 3372501 474380 766146 1324334 3588881 0 0 0 0 0 0 0 0 0 0 394562 1745126 930302 128823 913513 1155322 619467 207557 521696 550139 203805 2671111 0 0
2200 2695 2713 2560 2350 2152 2006 2274 2365 2316 2317 2370 22230 20851 15855 23630 30903 30903 30214 30903 85526 91467 89232 74482 69067 129200 181281 0 0 0 644692 400832 57680 34750 34521 27729 5896 4010 4005 5549 17842 63364 42487 0 0 0 0 0 0 0 0 0 0 0 0 0 0 0 0 0 0 1998542 3079563 2683275 2323582 3057037 7121449 3402443 2323613 1452808 2878600 0 0 0 0 0 0 0 0 0 0 0 559745 2509272 1695794 595936 236504 731298 678381 593670 1751164 1279924 1038815 230933 753872 0
2761 2761 4473 20616 11381 2482 1931 2919 2276 2280 2365 2357 21007 18039 16710 20724 24221 24523 24124 411393 593518 177302 117018 252124 289400 98334 299468 0 0 0 0 1077692 402580 67738 39080 7788 35147 67611 33359 7213 12240 0 0 0 0 0 0 0 0 0 0 0 0 0 0 0 0 0 0 0 0 1298693 5285291 2486282 1788528 2527011 1845218 2262564 6097931 5746177 0 0 0 0 0 0 0 0 0 0 0 0 901464 2723649 0 0 354163 928334 1345832 794798 1661010 1846274 1186171 447885 454554 1279024
2646 3090 23038 29425 29425 25530 21561 42117 27782 40869 38921 17105 21708 19187 17049 18867 18994 18994 18994 77451 2717313 371607 124726 358013 251938 139435 1151900 399092 0 0 0 1737563 1769188 128884 69035 41310 126360 129429 64494 15449 0 0 0 0 0 0 0 0 0 0 0 0 0 0 0 0 0 0 0 0 0 0 2960584 2496306 2559177 2368520 1868691 1706704 0 0 0 0 0 0 0 0 0 0 0 0 0 0 0 0 0 0 135571 752977 1427829 999587 1773808 1779615 1899977 892980 232246 282331
2787 35070 47077 29549 25516 34347 56327 55478 50394 47031 168171 133228 44320 26957 17129 24707 19265 35771 75153 138588 802561 970092 174368 209790 172416 293792 887345 905156 198101 0 0 1502699 1694911 417248 185925 98184 160357 0 0 0 0 0 0 0 0 0 0 0 0 0 0 0 0 0 0 0 0 0 0 0 0 0 1159662 3020210 2259041 2012303 2094127 2123573 0 0 0 0 0 0 0 0 0 0 0 0 0 0 0 0 0 0 250382 871278 2875904 1079644 1313470 1269052 951160 547064 126468 270371
136416 0 0 87736 33933 50586 55937 56017 63774 68408 346021 228998 247690 251336 114473 116395 118927 189198 300571 302505 615497 752299 127455 121416 170881 333533 837930 496649 305989 168946 0 1474220 1863467 492874 0 0 0 0 0 0 0 0 0 0 0 0 0 0 0 0 0 0 0 0 0 0 0 0 0 0 0 0 0 2164917 2532507 5301554 2737056 3772735 0 0 0 0 0 0 0 0 0 0 0 0 0 0 0 0 0 0 379980 1507076 8574205 1370306 667099 982473 279908 106259 60895 197030
218123 290533 297332 177188 177174 86460 52763 50680 65090 82440 231346 201042 314096 318199 122722 136590 137092 176253 216266 233509 382880 138162 271295 96604 235435 1002977 568508 510784 306879 86117 59760 0 0 0 0 0 0 0 0 0 0 0 0 0 0 0 0 0 0 0 0 0 0 0 0 0 0 0 0 0 0 0 0 3738899 4356658 5958684 4225367 5911608 0 0 0 0 0 0 0 0 0 0 0 0 0 0 0 0 0 0 258157 437345 0 0 479782 347437 622521 970093 172942 412025
227255 1146029 583205 223090 178106 105684 49324 33437 32828 43240 81928 157027 195792 230487 129669 121628 81582 162102 166128 89341 108900 131826 143078 49945 602708 1574858 1455899 1702295 267864 93259 308531 0 0 0 0 0 0 0 58684 0 0 0 0 0 0 0 0 0 0 0 0 0 0 0 0 0 0 0 0 0 0 0 0 0 4911430 4368953 4759026 5751092 0 0 0 0 0 0 0 0 0 0 0 0 0 0 0 0 0 0 146035 249569 0 0 0 74772 2157024 2503842 1946074 1274129
582082 1175342 896973 595619 236463 138089 72938 71043 29422 24424 15906 111764 113654 80032 142486 108948 79781 277549 210562 83293 67105 109407 144766 127120 674266 1563071 1567877 1598593 286589 117428 132097 291504 0 106928 69261 63772 79931 73413 64991 0 0 0 0 0 0 0 0 0 0 0 0 0 0 0 0 0 0 0 0 0 0 0 0 0 9104295 3810261 4996396 4135198 0 0 0 0 0 0 0 0 0 0 0 0 0 0 0 0 0 0 0 0 0 0 0 0 1206347 5809437 9673504 0
663011 614718 489679 480328 337778 221080 188398 159944 23664 11088 10366 50429 67557 10182 82544 104275 223806 161849 125821 104684 158374 129690 388257 769657 534823 1005772 2736374 1025999 401665 1613431 909374 297330 316931 211449 139861 42287 47177 54067 34406 0 0 0 0 0 0 0 0 0 0 0 0 0 0 0 0 0 0 0 0 0 0 0 0 0 0 4193300 3833105 0 0 0 0 0 0 0 0 0 0 0 0 0 0 0 0 0 0 0 240125 0 0 0 0 0 0 3598198 0 0
311411 202982 105397 388363 294449 197925 180504 19401 7817 9256 8197 18301 14848 10210 56879 157374 365362 171640 123533 142176 174157 152655 417110 959739 919457 1470041 2658342 1292979 785221 517825 194595 147826 179095 174213 107807 47020 45644 55801 0 0 0 0 0 0 0 0 0 0 0 0 0 0 0 0 0 0 0 0 0 0 0 0 0 0 0 5558283 0 0 1269901 0 0 0 0 0 0 0 0 0 0 0 0 0 0 0 0 0 492488 1308487 0 0 0 0 0 0 0 0
79401 132620 97457 149768 187439 73602 62199 50687 5411 21691 12409 2623 1309 6440 34072 62619 122080 163804 165614 176944 128022 81183 33602 583294 1535870 2826585 2005834 1074400 389031 99931 136705 123949 103915 86180 79466 111559 68979 52512 0 0 0 0 0 0 0 0 0 0 0 0 0 0 0 0 0 0 0 0 0 0 0 0 0 0 0 0 0 0 4406986 1286270 0 0 0 0 0 0 0 0 0 0 0 0 0 0 0 0 0 856983 0 0 0 0 0 0 0 0
73727 123301 120323 171409 110747 104865 49059 71853 19185 27267 19196 3574 3861 668 29555 46363 98103 143218 158658 181461 92584 41829 40870 311383 614948 1913102 2675032 333893 143588 85656 92682 73482 61118 78849 102060 113994 61628 0 0 0 0 0 0 0 0 0 0 0 0 0 0 0 0 0 0 0 0 0 0 0 0 0 0 0 0 0 0 0 5794483 866072 0 0 0 0 0 0 0 0 0 0 0 0 0 0 0 0 0 0 1465479 1423676 0 0 0 0 0 0
84567 108831 93385 89670 69534 83725 40658 76011 116032 108818 16623 31211 8624 13260 10754 35773 57266 49028 43869 81836 77670 47817 47545 53226 229160 590182 582911 105969 48481 50948 63323 63947 71742 106621 98410 84483 32681 0 0 0 0 0 0 0 0 0 0 0 0 0 0 0 0 0 0 0 0 0 0 0 0 0 0 0 0 0 0 0 0 0 0 0 0 0 0 0 0 0 0 0 0 0 0 0 0 0 0 0 2086534 272857 785884 0 0 0 0 0
119186 89919 109584 124212 101153 105240 785135 153771 138001 145830 74529 41781 33861 17846 14851 37211 49624 50634 152303 96045 75209 57258 42237 57356 31746 65537 92219 44780 44994 44701 70583 79450 92406 122111 110397 144289 0 0 0 0 0 0 0 0 0 0 0 0 0 0 0 0 0 0 0 0 0 0 0 0 0 0 0 0 0 0 0 0 0 0 0 0 0 0 0 0 0 0 0 0 0 0 0 0 846795 905132 0 0 0 968756 90063 0 0 0 0 0
89795 54647 56049 53540 39800 49523 123411 508258 290448 152676 187321 76435 46971 72588 71732 88075 56457 117283 817371 525400 195929 234747 85580 58797 12606 15846 41581 38926 45551 114920 125354 263314 164762 281982 129974 0 0 0 0 0 0 0 0 0 0 0 0 0 0 0 0 0 0 0 0 0 0 0 0 0 0 0 0 0 0 0 0 0 0 0 0 0 0 0 0 0 0 0 0 0 0 0 0 0 0 523597 3917230 0 0 3663840 548859 0 0 0 0 0
56088 50011 38113 35906 24267 10121 223722 326078 274230 263885 364986 124320 59570 72041 76234 291096 168122 174323 1375665 569566 899677 429732 146090 64323 34467 30059 26971 23475 43726 82706 158700 194130 255840 1264292 0 0 0 0 0 0 0 0 0 0 0 0 0 0 0 0 0 0 0 0 0 0 0 0 0 0 0 0 0 0 0 0 0 0 0 0 0 0 0 0 0 0 0 0 0 0 0 0 0 0 0 0 873516 1716834 0 0 1403217 362428 0 0 0 0
19547 10488 10918 11951 9273 12409 60623 77430 91174 91748 78824 72736 81059 54493 28924 113275 60307 297234 712743 474579 559098 1150600 1012926 470396 78135 41413 18236 28230 23470 83178 111221 144046 0 0 0 0 0 0 0 0 0 0 0 0 0 0 0 0 0 0 0 0 0 0 0 0 0 0 0 0 0 0 0 0 0 0 0 0 0 0 0 0 0 0 0 0 0 0 0 0 0 0 0 0 0 0 0 707836 545134 467935 343088 4487480 0 0 0 0
13819 14221 9297 14403 10937 15962 90176 75676 75176 82448 93053 117196 188876 458135 26063 39286 477584 1210872 1119804 780498 2951103 2205409 4499573 1615069 415911 789525 197669 31393 17362 41121 185965 0 0 0 0 0 0 0 0 0 0 0 0 0 0 0 0 0 0 0 0 0 0 0 0 0 0 0 0 0 0 0 0 0 0 0 0 0 0 0 0 0 0 0 0 0 0 0 0 0 0 0 0 0 0 0 0 582491 912814 738214 323330 0 0 0 0 0
17183 18524 26449 37130 26395 49312 261555 80580 103229 123126 107197 86597 53411 49209 52781 49260 301319 1030856 1671472 1426836 0 0 0 2076971 2207990 2470686 244110 86828 12437 103807 0 0 0 0 0 0 0 0 0 0 0 0 0 0 0 0 0 0 0 0 0 0 0 0 0 0 0 0 0 0 0 0 0 0 0 0 0 0 0 0 0 0 0 0 0 0 0 0 0 0 0 0 0 0 0 0 0 0 2219483 443375 288439 0 0 0 0 0
29249 85169 17250 41970 64210 128025 128366 77746 22644 41919 101200 87051 53004 55492 62652 87471 919432 2725284 1636357 767774 0 0 1048172 278035 2573810 1704411 290530 72585 62141 47689 0 0 0 0 0 0 0 0 0 0 0 0 0 0 0 0 0 0 0 0 0 0 0 0 0 0 0 0 0 0 0 0 0 0 0 0 0 0 0 0 0 0 0 0 0 0 0 0 0 0 0 0 0 0 0 0 0 0 0 694506 458477 922080 0 0 0 0
54946 33181 27263 22211 166950 129409 181460 64558 35727 29770 55667 93947 103407 96644 141597 117833 1548469 2988393 1908250 495567 928129 1065857 467904 133701 139130 441651 179280 172135 108635 0 0 0 0 0 0 0 0 0 0 0 0 0 0 0 0 0 0 0 0 0 0 0 0 0 0 0 0 0 0 0 0 0 0 0 0 0 0 0 0 0 0 0 0 0 0 0 0 0 0 0 0 0 0 0 0 0 0 0 0 509300 528333 485637 1434513 750030 0 0
100869 68696 53350 664782 76029 256630 239428 72535 36514 38128 78908 357418 119159 53007 216239 161507 693741 2922841 1128216 359315 671019 886112 436366 377849 683422 1171383 202078 926387 0 0 0 0 0 0 0 0 0 0 0 0 0 0 0 0 0 0 0 0 0 0 0 0 0 0 0 0 0 0 0 0 0 0 0 0 0 0 0 0 0 0 0 0 0 0 0 0 0 0 0 0 0 0 0 0 0 0 0 0 0 0 1056467 822881 761190 664607 0 0
475806 342348 276913 5644745 212513 285108 720612 456364 153832 158045 163690 124015 112047 50389 228111 97102 224611 524122 457825 190554 317350 420055 515590 512346 186510 151820 888977 724180 0 0 0 0 0 0 0 0 0 0 0 0 0 0 0 0 0 0 0 0 0 0 0 0 0 0 0 0 0 0 0 0 0 0 0 0 0 0 0 0 0 0 0 0 0 0 0 0 0 0 0 0 0 0 0 0 0 0 0 0 0 0 0 674956 1186941 1836040 0 0
500850 789484 500402 403561 235602 284870 431368 364259 242558 235674 645221 329978 153184 116353 207286 154278 127946 0 243577 167892 144890 147022 259094 385384 226179 226524 404677 0 0 0 0 0 0 0 0 0 0 0 0 0 0 0 0 0 0 0 0 0 0 0 0 0 0 0 0 0 0 0 0 0 0 0 0 0 0 0 0 0 0 0 0 0 0 0 0 0 0 0 0 0 0 0 0 0 0 0 0 0 0 0 0 0 0 3042526 0 0
40127 83607 120426 178655 183853 161096 111379 200592 430948 373597 347826 1715416 478741 159002 112526 104947 122237 121230 143128 97975 116980 121077 75107 424235 451559 412125 332233 0 0 0 0 0 0 0 0 0 0 0 0 0 0 0 0 0 0 0 0 0 0 0 0 0 0 0 0 0 0 0 0 0 0 0 0 0 0 0 0 0 0 0 0 0 0 0 0 0 0 0 0 0 0 0 0 0 0 0 0 0 0 0 0 0 0 0 20420806 12636285
0 80492 161595 178562 156507 173562 104596 48079 84707 148051 212185 402554 126102 124887 208158 156914 110186 155314 0 169303 105863 135549 261505 276563 323207 380534 296435 0 0 0 0 0 0 0 0 0 0 0 0 0 0 0 0 0 0 0 0 0 0 0 0 0 0 0 0 0 0 0 0 0 0 0 0 0 0 0 0 0 0 0 0 0 0 0 0 0 0 0 0 0 0 0 0 0 0 0 0 0 0 0 0 0 0 0 0 4341663
0 1143464 135266 179709 132281 95365 34203 33786 33044 31822 53171 71357 74577 113259 209110 106357 87329 112021 69666 317928 406062 327381 439648 328076 132641 90142 93119 0 0 0 0 0 0 0 0 0 0 0 0 0 0 0 0 0 0 0 0 0 0 0 0 0 0 0 0 0 0 0 0 0 0 0 0 0 0 0 0 0 0 0 0 0 0 0 0 0 0 0 0 0 0 0 0 0 0 0 0 0 0 0 0 0 0 0 0 0
0 878223 152954 147930 131976 89050 34519 33019 24925 28074 64045 64517 65687 114394 120615 68826 114847 90635 67046 103190 204577 741507 367708 255363 105682 34499 89151 216305 0 0 0 0 0 0 0 0 0 0 0 0 0 0 0 0 0 0 0 0 0 0 0 0 0 0 0 0 0 0 0 0 0 0 0 0 0 0 0 0 0 0 0 0 0 0 0 0 0 0 0 0 0 0 0 0 0 0 0 0 0 0 0 0 0 0 0 0
0 0 125475 142048 148342 134602 77217 24071 23439 23056 51480 61541 220309 221125 153951 112486 104160 111724 92461 95933 65665 223584 239441 208455 146217 104712 349556 715730 0 0 0 0 0 0 0 0 0 0 0 0 0 0 0 0 0 0 0 0 0 0 0 0 0 0 0 0 0 0 0 0 0 0 0 0 0 0 0 0 0 0 0 0 0 0 0 0 0 0 0 0 0 0 0 0 0 0 0 0 0 0 0 0 0 0 0 0
0 0 145643 285881 285329 175833 164875 35016 20977 20380 23511 21127 97965 185382 273154 1042924 115602 109980 71645 48540 39246 385256 0 181230 107215 86249 183855 195228 138324 0 0 0 0 0 0 0 0 0 0 0 0 0 0 0 0 0 0 0 0 0 0 0 0 0 0 0 0 0 0 0 0 0 0 0 0 0 0 0 0 0 0 0 0 0 0 0 0 0 0 0 0 0 0 0 0 0 0 0 0 0 0 0 0 0 0 0
0 127451 224985 568034 360319 196861 102666 19649 19649 19649 19650 20479 45091 45963 49303 393614 905501 81155 46925 38831 135844 511908 0 54076 17951 20180 102090 106616 185910 0 0 0 0 0 0 0 0 132158 0 0 0 0 0 0 0 0 0 0 0 0 0 0 0 0 0 0 0 0 0 0 0 0 0 0 0 0 0 0 0 0 0 0 0 0 0 0 0 0 0 0 0 0 0 0 0 0 0 0 0 0 0 0 0 0 0 0
0 162963 190720 368754 253889 179072 21741 19570 19570 19571 40764 43126 31415 17334 34436 98950 295077 64635 64100 182091 406858 1217983 0 238635 29862 43776 201011 367610 325901 0 0 0 0 0 0 0 185066 189003 0 0 0 0 0 0 0 0 0 0 0 0 0 0 0 0 0 0 0 0 0 0 0 0 0 0 0 0 0 0 0 0 0 0 0 0 0 0 0 0 0 0 0 0 0 0 0 0 0 0 0 0 0 0 0 0 0 0
17860 74766 135303 135303 76814 25355 8329 12786 19110 19485 50429 60652 53805 39063 50007 106790 248006 75898 153131 169878 137112 708812 1300432 886289 199671 177729 206867 322103 628717 0 0 0 0 0 0 0 156014 303814 0 0 0 0 0 0 0 0 0 0 0 0 0 0 0 0 0 0 0 0 0 0 0 0 0 0 0 0 0 0 0 0 0 0 0 0 0 0 0 0 0 0 0 0 0 0 0 0 0 0 0 0 0 0 0 0 0 0
24591 86338 128096 98389 51951 11210 7423 7423 7469 14379 62012 121782 57748 61249 60544 156195 1335644 139775 67086 38856 59461 110682 1075459 1871261 471000 414146 329250 853635 0 0 0 0 0 0 168373 152115 229201 195934 0 0 0 0 0 0 0 0 0 0 0 0 0 0 0 0 0 0 0 0 0 0 0 0 0 0 0 0 0 0 0 0 0 0 0 0 0 0 0 0 0 0 0 0 0 0 0 0 0 0 0 0 0 0 0 0 0 0
25585 44850 38760 35851 35077 16519 7386 7386 7386 7630 42684 50140 27283 53226 104838 289707 115319 160950 208071 305051 229587 240804 463257 978575 337100 411131 201075 533484 0 0 0 0 18486 53452 195125 132152 99982 195338 0 0 0 0 0 0 0 0 0 0 0 0 0 0 0 0 0 0 0 0 0 0 0 0 0 0 0 0 0 0 0 0 0 0 0 0 0 0 0 0 0 0 0 0 0 0 0 0 0 0 0 0 0 0 0 0 0 0
9420 10265 93392 106283 105907 97727 19660 11210 8941 8251 14433 46123 50047 111333 91927 121241 209047 225417 791843 1445631 338909 81148 140280 283427 614298 409826 0 0 0 0 0 0 31196 34272 66864 91659 455705 0 0 0 0 0 0 0 0 0 0 0 0 0 0 0 0 0 0 0 0 0 0 0 0 0 0 0 0 0 0 0 0 0 0 0 0 0 0 0 0 0 0 0 0 0 0 0 0 0 0 0 0 0 0 0 0 0 0 0
5214 6152 57735 90516 79671 106847 31095 33889 34525 19207 15403 25744 11699 24636 51692 93011 254005 323744 507180 543693 480092 215763 103631 93430 286913 0 0 0 0 0 0 0 45773 105599 238867 1777146 267176 0 0 0 0 0 0 0 0 0 0 0 0 0 0 0 0 0 0 0 0 0 0 0 0 0 0 0 0 0 0 0 0 0 0 0 0 0 0 0 0 0 0 0 0 0 0 0 0 0 0 0 0 0 0 0 0 0 0 0
0 7881 6412 4105 10289 18225 16541 9361 8686 12879 11461 9435 9611 35194 61012 144508 137548 312046 269192 342497 527279 444249 843020 0 0 0 0 0 0 0 0 0 40230 78188 524768 1286867 351210 0 0 0 0 0 0 0 0 0 0 0 0 0 0 0 0 0 0 0 0 0 0 0 0 0 0 0 0 0 0 0 0 0 0 0 0 0 0 0 0 0 0 0 0 0 0 0 0 0 0 0 0 0 0 0 0 0 0 0
