data/pop/popcount/gpw_pop_counts_1d_1990a.asc
ncols 360
nrows 180
xllcorner -180
yllcorner -90
cellsize 1
NODATA_value -99
[rows 0 to 54 of 180, columns 192 to 287 of 360]
-99 -99 -99 -99 -99 -99 -99 -99 -99 -99 -99 -99 -99 -99 -99 -99 -99 -99 -99 -99 -99 -99 -99 -99 -99 -99 -99 -99 -99 -99 -99 -99 -99 -99 -99 -99 -99 -99 -99 -99 -99 -99 -99 -99 -99 -99 -99 -99 -99 -99 -99 -99 -99 -99 -99 -99 -99 -99 -99 -99 -99 -99 -99 -99 -99 -99 -99 -99 -99 -99 -99 -99 -99 -99 -99 -99 -99 -99 -99 -99 -99 -99 -99 -99 -99 -99 -99 -99 -99 -99 -99 -99 -99 -99 -99 -99
-99 -99 -99 -99 -99 -99 -99 -99 -99 -99 -99 -99 -99 -99 -99 -99 -99 -99 -99 -99 -99 -99 -99 -99 -99 -99 -99 -99 -99 -99 -99 -99 -99 -99 -99 -99 -99 -99 -99 -99 -99 -99 -99 -99 -99 -99 -99 -99 -99 -99 -99 -99 -99 -99 -99 -99 -99 -99 -99 -99 -99 -99 -99 -99 -99 -99 -99 -99 -99 -99 -99 -99 -99 -99 -99 -99 -99 -99 -99 -99 -99 -99 -99 -99 -99 -99 -99 -99 -99 -99 -99 -99 -99 -99 -99 -99
-99 -99 -99 -99 -99 -99 -99 -99 -99 -99 -99 -99 -99 -99 -99 -99 -99 -99 -99 -99 -99 -99 -99 -99 -99 -99 -99 -99 -99 -99 -99 -99 -99 -99 -99 -99 -99 -99 -99 -99 -99 -99 -99 -99 -99 -99 -99 -99 -99 -99 -99 -99 -99 -99 -99 -99 -99 -99 -99 -99 -99 -99 -99 -99 -99 -99 -99 -99 -99 -99 -99 -99 -99 -99 -99 -99 -99 -99 -99 -99 -99 -99 -99 -99 -99 -99 -99 -99 -99 -99 -99 -99 -99 -99 -99 -99
-99 -99 -99 -99 -99 -99 -99 -99 -99 -99 -99 -99 -99 -99 -99 -99 -99 -99 -99 -99 -99 -99 -99 -99 -99 -99 -99 -99 -99 -99 -99 -99 -99 -99 -99 -99 -99 -99 -99 -99 -99 -99 -99 -99 -99 -99 -99 -99 -99 -99 -99 -99 -99 -99 -99 -99 -99 -99 -99 -99 -99 -99 -99 -99 -99 -99 -99 -99 -99 -99 -99 -99 -99 -99 -99 -99 -99 -99 -99 -99 -99 -99 -99 -99 -99 -99 -99 -99 -99 -99 -99 -99 -99 -99 -99 -99
-99 -99 -99 -99 -99 -99 -99 -99 -99 -99 -99 -99 -99 -99 -99 -99 -99 -99 -99 -99 -99 -99 -99 -99 -99 -99 -99 -99 -99 -99 -99 -99 -99 -99 -99 -99 -99 -99 -99 -99 -99 -99 -99 -99 -99 -99 -99 -99 -99 -99 -99 -99 -99 -99 -99 -99 -99 -99 -99 -99 -99 -99 -99 -99 -99 -99 -99 -99 -99 -99 -99 -99 -99 -99 -99 -99 -99 -99 -99 -99 -99 -99 -99 -99 -99 -99 -99 -99 -99 -99 -99 -99 -99 -99 -99 -99
0 0 0 0 0 0 0 0 0 0 0 0 0 0 0 0 0 0 0 0 0 0 0 0 0 0 0 0 0 0 0 0 0 0 0 0 0 0 0 0 0 0 0 0 0 0 0 0 0 0 0 0 0 0 0 0 0 0 0 0 0 0 0 0 0 0 0 0 0 0 0 0 0 0 0 0 0 0 0 0 0 0 0 0 0 0 0 0 0 0 0 0 0 0 0 0
0 0 0 0 0 0 0 0 0 0 0 0 0 0 0 0 0 0 0 0 0 0 0 0 0 0 0 0 0 0 0 0 0 0 0 0 0 0 0 0 0 0 0 0 0 0 0 0 0 0 0 0 0 0 0 0 0 0 0 0 0 0 0 0 0 0 0 0 0 0 0 0 0 0 0 0 0 0 0 0 0 0 0 0 0 0 0 0 0 0 0 0 0 0 0 0
0 0 0 0 0 0 0 0 0 0 0 0 0 0 0 0 0 0 0 0 0 0 0 0 0 0 0 0 0 0 0 0 0 0 0 0 0 0 0 0 0 0 0 0 0 0 0 0 0 0 0 0 0 0 0 0 0 0 0 0 0 0 0 0 0 0 0 0 0 0 0 0 0 0 0 0 0 0 0 0 0 0 0 0 0 0 0 0 0 0 0 0 0 0 0 0
0 0 0 0 0 0 0 0 0 0 0 0 0 0 0 0 0 0 0 0 0 0 0 0 0 0 0 0 0 0 0 0 0 0 0 0 0 0 0 0 0 0 0 0 0 0 0 0 0 0 0 0 0 0 0 0 0 0 0 0 0 0 0 0 0 0 0 0 0 0 0 0 0 0 0 0 0 0 0 0 0 0 0 0 0 0 0 0 0 0 0 0 0 0 0 0
0 0 0 0 0 0 0 0 0 0 0 0 0 0 0 0 0 0 0 0 0 0 0 0 0 0 0 0 0 0 0 0 0 0 0 0 0 80 0 0 0 0 46 0 0 108 70 0 0 0 0 0 0 0 0 0 0 0 0 0 0 0 0 0 0 0 0 0 0 0 0 0 0 0 0 0 0 0 0 0 9 24 25 24 23 12 0 0 0 0 0 0 0 0 0 0
162 0 220 0 171 107 37 0 0 0 0 0 0 0 0 0 0 0 0 0 0 0 0 0 0 0 0 0 0 0 0 0 0 0 0 0 0 0 0 0 0 0 0 0 0 0 0 0 0 0 0 0 0 0 0 0 0 0 0 0 0 0 0 0 0 0 0 0 0 0 0 0 0 0 0 0 0 0 0 0 0 0 18 28 29 28 28 25 0 0 0 0 0 0 0 0
92 102 187 0 281 185 86 0 15 15 0 0 0 0 0 0 0 0 0 0 0 0 0 0 0 0 0 0 0 0 0 0 0 0 0 0 0 0 0 0 0 0 0 0 0 0 0 0 0 0 0 0 0 0 0 0 0 0 0 0 0 0 0 0 0 0 0 0 0 0 0 0 0 0 0 0 0 0 0 0 0 0 0 0 0 0 0 0 19 26 25 25 19 0 0 0
0 0 193 242 223 158 0 0 0 0 0 0 0 0 0 0 0 0 0 0 0 0 0 0 0 0 0 0 0 0 0 0 0 0 0 0 0 0 0 0 0 0 0 0 0 0 0 0 0 0 0 0 0 0 0 0 0 0 0 0 0 0 0 0 0 0 0 0 0 0 0 0 0 0 0 0 0 0 0 0 0 0 0 0 0 0 0 0 0 0 0 23 23 13 0 0
0 0 0 0 0 0 0 0 0 0 0 0 0 0 0 0 0 0 0 0 0 0 0 0 0 0 0 0 0 0 0 0 0 0 0 0 0 0 0 0 0 0 0 0 0 0 0 0 0 0 0 0 0 0 212 214 0 0 0 0 0 0 0 0 0 0 0 0 0 0 0 0 0 0 0 0 0 0 0 0 0 0 0 11 0 0 0 0 0 36 38 44 50 53 53 0
0 0 0 0 0 0 0 0 0 0 0 0 0 0 0 0 0 0 0 0 0 0 0 0 0 0 0 0 0 0 0 0 0 0 0 0 0 0 0 0 0 0 0 0 0 0 205 256 263 200 0 0 0 0 0 0 0 0 0 0 0 0 0 0 0 0 0 0 0 0 0 0 0 0 0 0 0 19 25 28 32 38 41 40 39 40 41 42 57 64 71 79 79 79 79 79
0 0 0 0 0 0 0 0 0 0 0 0 0 0 0 0 0 0 0 0 0 0 0 0 0 0 0 0 0 0 0 0 0 0 0 0 0 0 0 0 0 0 0 0 262 289 223 0 0 0 0 0 0 0 0 0 0 0 0 0 0 0 0 0 0 0 0 0 0 0 0 0 0 0 0 41 44 44 44 44 44 44 44 44 44 44 47 51 73 85 85 85 85 85 85 85
0 0 0 0 0 0 0 0 0 0 0 0 0 0 0 0 0 0 0 0 0 0 0 0 0 0 0 0 0 0 0 0 0 0 0 0 0 0 0 0 0 0 248 303 252 0 0 0 0 0 0 0 0 0 0 0 0 0 0 0 0 0 0 0 0 0 0 0 0 28 30 30 34 35 42 46 128 184 205 76 56 54 51 53 75 87 90 90 90 90 90 90 90 89 69 48
0 0 0 0 0 0 0 0 0 0 0 0 0 0 0 0 0 0 0 0 0 0 0 0 0 0 0 0 0 0 0 0 0 0 0 0 0 0 0 0 0 324 337 207 0 0 0 0 0 0 0 0 0 0 0 0 0 370 375 371 240 0 0 189 0 0 0 0 0 32 63 95 87 168 557 562 752 973 974 795 317 98 95 95 95 95 95 95 95 95 95 95 95 89 94 95
0 0 0 0 0 0 0 0 0 0 0 0 0 0 0 0 0 0 0 0 0 0 0 0 0 0 0 0 0 0 0 0 0 0 0 0 0 0 0 0 225 279 351 274 0 0 0 0 0 0 0 0 0 0 0 0 369 451 451 442 0 0 503 0 296 351 461 406 206 129 90 120 171 171 171 171 527 1020 1028 1028 1028 461 100 100 100 100 100 100 100 100 100 100 100 100 100 100
0 0 0 0 0 0 0 0 0 0 0 11939 0 3902 2545 2796 2865 7388 0 0 0 0 0 0 0 0 0 0 0 0 0 0 0 0 0 0 0 0 0 0 0 0 0 136 0 0 0 0 0 0 0 0 0 0 0 361 475 475 423 474 315 0 488 539 545 543 518 482 329 179 139 128 180 207 624 552 785 1077 1081 1081 1062 509 106 106 106 106 106 106 106 106 106 106 106 106 106 106
0 0 0 0 0 0 31846 36535 8453 4427 5551 5935 3077 2506 1767 1625 3221 11961 14361 13853 63147 0 0 0 0 0 0 0 0 0 0 0 0 0 0 0 0 0 0 0 0 0 0 0 0 0 0 0 0 310 285 248 0 0 0 0 449 488 467 496 286 0 499 445 487 572 569 399 284 283 222 176 368 1024 1103 984 268270 1044 1053 1036 298 110 109 101 94 88 85 82 87 90 96 99 97 98 88 81
0 0 0 23469 33024 27453 9145 7065 6275 4592 3363 2272 2018 2608 2672 2605 8913 19738 16064 15379 90193 173307 5548 6150 21002 17300 0 0 0 0 0 0 0 0 0 0 0 0 0 0 227 292 0 0 247 269 370 0 308 409 411 623 11248 6176 421 282 0 515 518 511 474 0 0 1339 1757 445 592 599 599 599 566 698 962 1193 1199 1119 1088 1098 1016 1081 1043 707 133 80 80 80 80 80 80 80 76 80 80 80 78 65
0 0 0 19231 7104 3075 4252 5723 6486 6360 5373 6239 5966 5082 4481 3258 1978 12002 32677 47648 110384 94663 32007 1817 1748 1743 1743 1743 1420 0 0 0 381 0 0 0 0 399 423 429 448 497 30537 521 514 507 555 669 577 1613 13932 37466 49691 33001 2261 476 478 532 544 516 0 0 784 1237 1598 1456 808 610 625 624 498 568 939 4524 5255 3103 1562 881 907 610 129 82 82 82 83 84 84 84 84 84 84 84 84 83 78 68
0 19464 20136 10515 1592 1335 1622 2034 8522 17775 25448 17362 25908 46510 12305 12198 7568 17616 15854 15499 14241 4538 0 1620 1908 2168 2248 1967 1052 0 0 0 922 659 400 417 564 774 1228 1750 2145 3107 3056 2802 2802 56883 4689 10925 10925 11505 31329 28789 10895 654 62647 496 524 671 679 0 0 1101 1288 1426 97914 2264 2205 1215 523 499 397 436 460 1813 4542 2032 444 297 122 87 87 84 85 86 87 87 87 87 87 87 87 87 87 86 770 1065
22418 12678 5102 4456 3506 2534 7502 15034 44409 54512 0 0 0 83555 12184 9684 11722 12196 5028 4355 4683 5485 0 0 0 0 0 0 5823 4713 3694 3233 2838 2807 2693 2425 2835 2362 2231 2231 2624 6537 6562 4331 4141 72623 5188 9874 11198 8316 3290 853 853 838 830 684 546 642 1091 1340 49844 1340 1340 1693 2326 2355 2355 1962 505 398 398 406 452 478 478 453 402 140 90 89 91 91 91 91 91 91 91 91 91 91 91 91 91 92 924 1732
11312 4026 8165 6734 5798 6330 11600 22161 71565 0 0 0 62368 94384 26473 36767 16174 11559 39768 4741 5680 10960 29153 0 0 0 5088 263043 486374 9832 9780 8120 7042 4211 3150 3164 3147 3197 3184 6212 24531 15961 7585 7159 4527 3450 3354 2696 2267 1726 1575 1186 1201 1256 960 909 817 760 1112 1391 1391 1391 1683 2175 2445 2445 2438 1864 398 413 413 413 415 435 496 468 496 412 308 222 93 93 93 93 94 94 93 93 93 94 94 94 94 232 1019 1329
14948 8830 43322 27378 18670 36740 41421 0 0 0 69405 82121 37004 35970 36952 74556 29387 23238 16111 7404 9592 12718 48734 12783 8339 4749 32093 8964 15955 13078 12336 9246 8469 7797 6705 3958 3476 3832 6913 8517 29743 80746 19528 8973 3756 22040 2678 1930 1789 1789 1789 1789 2315 3471 19047 1119 1119 1134 1321 1792 2378 2619 29564 95296 2586 2534 2534 1986 1015 433 428 428 428 472 515 484 512 512 515 508 372 328 192 118 97 96 97 103 132 136 125 97 97 97 223 372
7169 6699 13136 17381 78263 88621 0 0 0 51290 104185 60754 48137 160744 42403 131653 53040 93631 40343 12218 10948 11969 49199 14038 13437 13311 15818 17297 22673 16780 11944 11295 8927 8111 9036 6936 9228 25082 19190 8809 8570 20837 23839 6004 3830 3830 3830 2902 1852 2395 3714 4214 5069 68764 6339 3159 1913 1958 2243 4266 4398 4386 52024 4362 2829 47762 2008 1934 1621 1369 1277 999 675 520 532 532 514 520 517 488 480 483 483 476 397 464 381 413 386 371 356 314 233 101 285 399
12075 9218 21729 30788 79725 0 0 0 0 155627 98377 276909 132260 81639 53337 75448 103080 61529 43001 28050 24760 28132 303809 0 12276 15662 16319 20297 27881 37095 32395 21965 19353 17455 103340 63091 14682 25670 176258 107322 8543 9063 9079 9241 7963 8139 8552 8327 6518 10850 13285 14358 13790 10851 5950 4455 2089 36908 2698 4642 98755 261071 4068 44784 8681 1577 1577 1537 1577 1577 1577 1579 1522 1373 1124 1007 776 513 531 494 723 699 653 516 499 499 499 443 383 383 383 383 335 277 408 413
44051 28129 57455 139710 149641 134725 0 0 0 0 306592 138881 780958 570492 158225 58126 0 542596 630967 0 18571 50467 37420 16334 19715 17710 23397 26774 27922 25010 26938 20213 17824 20223 70274 36167 22692 14705 11263 9040 13627 11226 9710 12806 12883 13139 13809 57700 20466 8201 6429 8959 45684 3993 3687 2687 2672 2724 4977 6357 43486 6133 4378 1893 283482 1791 43551 1789 1791 1805 1845 1940 2040 2230 2230 2230 2153 1748 1763 1843 2231 2322 2321 878 515 515 515 793 431 395 395 395 403 421 426 426
76312 147327 131943 215228 317899 898086 846264 0 0 0 0 0 0 0 0 0 148360 1432568 3197876 106938 144550 110626 45697 26685 27868 354445 51377 352765 80239 24910 23196 17203 21346 25549 26639 23098 30282 28602 16137 24157 36435 28170 66689 34363 318121 65723 79835 46093 200632 15760 5289 3410 4004 4015 4071 4300 3491 2661 2724 3737 5037 4835 4835 4433 2413 1940 1938 1926 1977 2020 2255 3280 3522 3528 3536 3099 2576 2299 2258 2273 2388 2393 3708 4931 3678 4612 5207 6553 5638 4885 2886 815 408 434 439 439
201892 170109 0 256660 195682 0 0 0 0 0 41168 0 95342 123329 197777 0 40150 84319 49264 308225 47901 65199 93549 50314 47471 51219 0 65469 72634 76210 53051 37475 42436 67741 36856 37319 97646 617843 224050 62381 179791 52041 84818 174837 755438 253117 55482 188558 150847 26464 28817 25678 10302 54281 8972 10364 124469 6002 8151 5467 3085 4509 5656 3678 2070 2086 2232 2269 2609 5224 36951 9787 5788 5297 6881 5643 2893 2372 2367 2337 99626 6040 8732 7876 6850 6857 6817 6846 6541 6142 122234 5009 2990 548 1038 2757
552072 177949 195766 92005 83124 0 51935 0 0 0 85562 0 537162 152490 114175 107553 293481 65920 47959 73063 38852 112097 148903 120059 80810 86947 364256 837934 584390 356810 213118 51880 53243 77665 88416 70233 87972 87231 55751 53195 90016 106649 183400 139505 597346 69909 44485 337335 372006 294223 60921 114550 51391 596242 35707 23233 12799 13064 15229 15418 11685 18573 12420 12120 4901 4136 3707 3077 3931 7627 11670 23661 29954 58720 10955 7801 6927 7769 8335 9445 16369 20140 13081 13762 14671 9497 8625 12999 10874 5292 8209 19282 13385 3303 3989 4785
0 214704 204824 164021 0 0 0 0 0 248589 206867 419119 589657 169107 179656 148364 78374 65014 177825 54626 64486 41857 141437 476931 436147 453550 512492 185796 783814 486753 194946 1862469 454965 84487 109764 978167 140548 165896 149250 155877 168301 883067 306647 116212 106490 124466 87919 197067 1640549 350527 203770 165959 64874 70833 115046 41538 42099 101756 38993 24063 16061 24780 61855 27927 19006 14874 6848 6719 7483 8040 10602 35272 512977 79961 152730 65201 35596 47730 213308 28219 696102 113298 40809 149108 37779 28112 32090 14316 15763 309874 15769 24192 22685 66813 4161 5752
1803572 492833 0 0 0 0 0 0 0 465463 226980 383416 349843 193130 243471 146507 274283 104207 460804 62486 83726 102147 108373 144946 649150 11580377 1526667 361274 203994 163976 368221 342462 153493 143868 224938 347834 480343 1052895 180448 309930 752640 107834 162678 142300 96886 76511 76520 288892 282181 1374936 77133 75423 81594 439489 50263 45550 45212 53405 39509 49213 75819 661052 90357 51639 45647 31526 109000 14307 22070 34053 754788 327247 175094 105230 687503 29953 28154 100556 49450 24158 255200 37711 75787 20810 26673 9299 47501 7464 16096 17111 16909 9855 6882 3931 4338 6259
0 288147 0 0 196803 480680 846704 0 757779 246903 234655 667814 360240 806087 326542 194100 353102 163482 319799 429654 175292 78370 97980 143087 524222 1077333 457584 738163 129703 178969 119271 141593 174160 527554 192987 159312 805865 219555 134725 109868 390425 355249 182079 389434 970164 92458 162874 191497 164049 323331 59368 53866 61864 54394 47655 59604 69924 309214 62269 84764 78265 726564 81373 45557 34369 39267 41843 41793 39849 50036 194110 760628 60646 74589 606575 26498 10234 37852 37396 35054 21695 18503 17934 14462 7772 5933 41046 26446 71420 28477 35119 6868 4286 4500 5380 5612
356137 470158 555303 595813 432786 647073 969165 668838 462537 406807 386073 671763 271257 418413 328723 1958460 197744 364844 565874 181383 200784 185150 711403 114489 189018 272323 578771 223578 159998 177466 131048 168068 343970 504315 233336 135615 318979 953128 1428868 169743 156002 94219 87768 250633 379908 26855 263211 329172 89347 67087 58991 390198 46752 44678 46261 62824 64161 208842 68122 35221 28675 34757 46182 36762 43935 53352 117820 53749 48713 94135 72254 779962 158796 50505 322218 830863 133355 42633 44698 438914 24349 14660 13577 9160 4552 3393 4619 7844 18138 48412 95960 133387 30865 19607 6462 0
540539 4071260 630944 481121 914704 959042 733637 834909 1692656 1387145 504497 641972 248395 213283 334120 262377 138985 339999 523947 522316 274519 203143 147764 241121 490776 183370 280845 740684 275235 586243 151785 155452 137028 118519 107720 293832 80071 173190 87139 70389 154942 86628 62068 194048 68605 35155 117918 45193 41931 84739 85272 103743 41957 33666 47361 44207 46310 60144 98567 32225 22797 25216 16692 21398 218238 274573 52866 61811 65973 67487 92489 61764 80061 322163 39746 42505 18575 14888 21409 26936 10845 10589 9548 2597 1088 1115 1882 1343 2242 13828 29690 446259 745637 28995 19184 17701
1825502 1337359 1057910 747731 981241 1017981 753283 1679687 890088 914457 927448 408926 294608 252305 278186 172635 162921 140034 163826 607677 256150 476354 242338 286804 645307 415093 196148 1243818 193362 169688 218753 183972 78610 759625 634185 157091 101734 53114 45229 283167 60852 58271 74687 637068 59016 106178 456549 46911 30510 24249 21638 22916 15922 30949 37199 31029 66789 44250 52428 341039 33382 29069 10560 155202 17902 18204 27777 35027 45422 242797 65494 34595 36739 41228 74345 8347 9825 14670 26233 18010 18878 20697 102870 5117 3867 4647 8147 8821 5663 10695 16167 39304 34574 30044 70576 430225
1965174 1156858 2155784 1035950 1145265 904357 2414391 2661201 1286222 992432 834009 591753 594891 647283 717978 414663 673699 368191 3380240 355047 385024 351281 630365 298285 1377915 211239 235754 281960 199671 154588 94174 136493 94678 207139 68261 55256 54862 22704 27067 26776 28348 29627 35568 34976 49168 309442 55499 55120 13992 11710 9112 7172 9321 13588 82764 16770 16171 13721 18697 27473 155251 165617 26015 15633 12503 9999 16238 25548 379551 80112 185277 138129 22930 11797 10612 7033 5122 8132 17022 17151 8466 12180 11828 7287 6179 8732 9563 9667 8376 9667 13591 16789 23082 27070 40991 49793
688973 649665 738460 628018 1193357 1119251 2097336 1355294 1062846 821355 673724 1254809 1183258 757267 591891 542677 961114 360021 647956 544520 560349 674997 607947 329115 1462909 355856 276381 163494 123449 74463 59430 94515 66474 68844 32451 18847 17541 16143 12025 15877 16310 17118 17050 21415 32157 39414 25331 11024 7820 5673 6328 6394 7134 10811 9275 5378 10320 11148 9146 16438 481752 448101 21290 16434 13381 7303 6926 10126 22624 32430 276247 49717 93696 20129 17483 10544 14294 17504 16406 12943 12637 11275 13162 10650 8816 9260 9666 9728 9948 10480 11077 11078 14929 19138 19138 19510
954528 803599 926099 547821 2311889 1389055 888701 622429 694295 1035317 922084 632386 800258 975247 851071 651302 529529 466164 511147 315920 552256 598715 1076339 1259250 308100 1908155 2460411 1318298 398605 107323 75011 89256 1394372 63861 80143 10551 10095 9214 13675 18297 14651 10519 11749 7385 9211 16625 10729 8486 5462 3961 3257 4253 4803 3232 2464 5290 2758 5285 24696 5112 9633 11945 10377 10646 10521 7085 5566 12377 27087 28296 28862 22610 23323 25409 47138 64290 50732 24818 24129 10858 10076 9308 9465 9118 8996 9091 10643 11331 12323 12613 11921 11312 48221 62110 63020 51865
616135 596722 366133 774451 705832 812979 1202168 2655365 738673 751023 728597 746785 600919 663708 851379 1091201 1303393 505564 227254 329066 245899 826215 616616 1146336 231490 1661720 794456 1517674 720056 164922 263588 65698 33853 22734 33298 35576 32692 20475 19868 165243 52704 15685 18845 4921 3912 4573 7688 7599 7664 10140 6448 2980 2013 2054 2076 201693 2174 4865 5307 7808 7285 6680 6031 6796 3912 5198 5476 20051 32949 42257 24611 56879 29588 37957 42614 70774 60873 21993 24633 12226 9557 9408 8010 7764 9222 8547 6808 8561 12561 12897 12946 17456 68648 71679 71679 71679
605089 546724 933437 945079 829449 567178 663309 603424 734285 578842 638240 805581 776394 592900 854515 880999 1014665 857670 1591299 0 932882 352678 187420 0 0 0 237588 267379 205284 204456 84228 50384 126651 14674 19675 329385 365265 17749 0 0 4290 17091 16491 11830 6446 4443 7638 9187 0 11381 14435 12365 9856 6420 4409 2450 2977 5258 5258 6540 7264 4985 79796 27329 11645 11590 5808 12765 32664 36020 64912 152937 109740 37852 12334 14169 17592 22407 25700 11034 10542 7793 5279 5076 5905 6019 5341 5341 6173 12297 13377 13435 37854 35780 35444 40428
1613842 0 480950 919484 876725 527346 768455 789099 776062 618177 533797 660965 817178 1160918 884594 900885 651347 265542 0 0 0 428889 418316 0 0 208932 626138 856528 477699 546721 217546 128578 52158 22157 17091 75841 0 0 0 0 2044 4518 3484 6210 5533 4451 5750 0 0 14357 16001 12690 13962 15058 14978 13181 9675 8399 7655 8203 8791 6428 10672 11265 19123 24860 149948 63618 69671 61233 65980 33084 75087 121663 54325 42018 16970 23275 45425 17355 10878 6223 5363 5363 5321 5207 5406 5269 5471 12674 13472 10636 6056 6019 6019 6019
0 0 0 258188 678711 740425 741915 843174 881510 801452 663012 768520 823478 1113542 2939026 676256 599690 0 0 0 0 0 0 0 0 0 288150 428257 485025 523771 450323 611743 194042 77291 49447 0 0 0 0 7631 5509 4853 5661 5943 4928 4932 0 0 0 15426 15381 13503 15018 172054 25065 23300 9942 9251 12220 11593 9096 10291 29651 41806 76397 70019 121346 94842 265776 334114 120601 82075 242596 384846 517220 282686 137008 123025 85822 39586 24011 22635 12106 5716 5458 5467 5534 5333 5534 8039 11472 6404 3394 4776 5595 5302
1069616 696105 0 0 509843 714730 713783 723791 955876 929248 783224 592345 670668 662996 656811 707091 0 0 0 0 0 0 0 0 0 0 0 0 353109 261316 305057 604802 524288 1035822 532309 0 0 0 0 181404 61675 4656 4158 4507 5016 4385 55926 69381 17690 24581 11318 6847 8081 17033 32360 39661 236494 84405 77495 97999 74499 114489 144413 81955 1229315 443940 98379 66076 144663 558846 225834 215864 107218 84453 175083 1373576 132749 118391 47319 36181 27881 26198 10847 7477 5594 5580 5628 3875 3060 2831 2713 2763 2763 2763 2763 2808
1796326 1008791 0 0 0 0 298663 499183 1191894 1174169 678419 1601835 751152 704952 534132 424402 0 0 0 0 0 0 0 0 0 0 0 0 0 0 766401 386540 479952 222733 228688 445900 0 0 0 0 2034 4051 4479 4102 5098 18202 138613 603858 135663 98031 7133 27733 4944 6638 30789 41898 97614 722714 205082 451844 122415 185924 1035847 226585 158161 0 150975 67837 99337 114987 117102 128704 44476 70890 90432 39579 72053 84657 37334 35496 33672 33672 33545 31725 5472 2747 3107 2697 2000 2180 2579 2778 2808 2814 5648 18265
0 1440245 1369541 874357 0 0 0 932171 849795 709132 634853 445542 597776 631873 553833 484008 0 0 0 0 819256 285494 363713 635692 0 0 0 0 0 478383 384756 364806 1945039 673008 379023 290743 464525 0 0 0 0 90 4862 4888 13239 63515 101836 224481 1016126 183043 41169 8393 73918 7699 26405 55798 297731 3301656 299472 826544 417559 226593 55524 70708 57047 39853 69589 134053 122480 142497 142728 190062 47650 196371 126026 31818 35573 58763 28854 28900 28816 33923 36908 24153 2358 1771 1632 1612 1631 1548 1706 2669 7192 15253 20084 308896
0 0 0 1259445 1132423 0 0 744529 678505 362979 672787 803282 0 0 361885 0 0 2214352 1022526 676196 810861 574584 448786 553583 719353 848989 586276 650150 648340 335590 319899 541179 2450032 459590 762549 714517 400130 1451711 0 0 0 16163 5111 8215 15684 67026 86489 59051 30637 24850 164292 106484 286015 432448 308961 401398 1015517 1349704 1120553 2196338 2299319 394180 74345 24671 71666 67135 46735 104667 122033 167345 49837 53629 15098 10501 10418 9999 7363 5056 467 942 2829 27322 37249 29140 40041 104632 62724 62421 7894 2293 2671 2692 5157 16490 216660 487840
0 0 0 0 887882 0 0 0 326624 354915 444042 0 0 0 379174 923054 800188 616509 436998 508088 1117372 898849 417088 415407 328766 262658 268291 211794 292330 359864 400501 371258 576508 412669 419863 615763 695302 0 0 0 0 68003 89969 13066 19589 42418 64778 45661 50132 70390 65550 319810 587047 417315 1492941 916007 323734 304007 143592 138051 88930 59850 27697 412024 543167 273593 133475 131567 131822 146791 38315 21159 3062 3059 2811 1370 1386 1368 1095 1396 6362 18545 17746 4429 20975 55805 350049 238716 335076 5111 27895 54163 18396 16574 741443 49333
0 0 0 0 0 0 0 0 0 353002 306312 1938436 0 0 0 1569892 1015478 589327 482733 450338 440890 397161 491481 535988 613940 520043 546361 531016 554332 556472 336116 280064 529681 600769 674993 699823 830699 0 0 0 0 0 21585 63656 105155 61112 108439 51106 65231 109950 69897 85128 95526 556939 375520 615816 1448983 490663 113744 58955 14997 9110 29003 65054 421930 444675 119202 95330 128279 61629 25957 4011 3103 3029 3099 1648 1418 1375 2913 4798 5463 5527 5944 6637 8371 11347 15989 21714 473893 272474 512283 175293 18907 281348 1009858 56253
0 1353777 1785035 0 0 0 0 0 0 334419 339496 0 0 0 0 587150 690387 534097 435847 458865 426865 352654 587252 960181 852965 865597 572741 526162 590466 538432 387494 330560 426042 393513 707121 687332 865986 0 0 0 0 0 373665 727127 259235 194466 156373 90757 88954 226341 144028 71030 90859 171043 329921 677168 855423 740598 160629 110400 50851 40839 28549 15885 209635 99348 49977 240571 119410 45071 23787 4797 3146 3107 3145 2746 1390 1300 2437 6556 7164 7066 6209 7136 14933 18698 13944 27676 54237 424999 799514 488168 260556 540342 618732 283831
0 0 0 0 0 0 0 0 0 0 0 0 0 0 0 0 0 353029 243910 0 396974 632740 0 0 1540227 1334676 729524 346526 397532 398614 397120 436421 599096 626153 553390 492202 480782 796943 1171117 876280 580412 677505 421333 162728 126367 203743 203743 203743 158516 124097 64700 88703 139366 283315 437186 265206 512650 411086 174119 128619 151511 135015 95757 58123 44551 82328 57895 137167 84354 45699 28220 4985 3759 3187 2981 2266 1971 1631 2053 6631 7864 7951 7723 6883 10673 11273 27731 75372 76381 1584906 1182651 1741411 921217 702527 636626 449654
0 0 0 0 0 0 0 0 0 0 0 0 0 0 0 0 0 0 0 0 0 0 0 0 1659923 1167270 387577 231685 240257 343164 401245 595838 746838 649192 478707 462820 708355 533121 1410576 3378344 1757103 362978 54191 48589 68466 201816 206343 206343 206343 161088 63835 84305 154025 225144 364585 189314 386587 469242 327743 413057 1461922 681531 347921 130149 67639 68883 100085 110501 38998 26098 14423 3706 3495 2409 2151 2255 2769 2542 2236 2367 2987 4724 6300 8178 8855 8557 7572 34196 76725 136047 638856 1979163 1346037 1524586 1495911 1599657
