data/pop/popcount/gpw_pop_counts_1d_1995.asc
ncols 360
nrows 180
xllcorner -180
yllcorner -90
cellsize 1
NODATA_value -99
[rows 55 to 109 of 180, columns 192 to 287 of 360]
0 0 0 0 0 0 0 0 0 0 0 0 0 0 0 0 0 0 0 0 0 0 0 0 1059587 309914 269575 262561 203605 105048 114652 286305 381499 623633 741124 736985 860747 476701 1627983 1817489 197168 169683 178123 117695 187735 212106 230179 230179 246189 339484 281554 221203 162400 150647 186279 256037 1156263 3132768 1037527 3791027 4332783 2857668 2197289 760344 284545 108082 96567 96103 6920 992 1462 1651 2090 2301 2318 2449 2836 4087 7700 7001 4366 3815 3584 4480 12843 11474 5886 26315 42263 51543 107837 403307 1239744 2256745 1355603 2785448
0 0 0 0 0 0 0 0 0 0 0 0 0 0 0 0 0 0 0 0 0 0 0 2349510 1572915 1294385 319762 145473 92634 91587 92084 347397 5829377 443217 318779 506831 570983 525902 397239 382938 370164 382842 379009 209165 231064 228632 225654 232905 218742 214340 188928 108485 128194 180671 195255 260126 358077 492804 1722983 3113042 3143156 4736398 1695999 1324607 201033 114917 119971 13339 1019 1183 1822 1675 1677 1900 2354 2377 2501 3135 7980 8559 8440 7424 7720 6424 35602 31079 25660 19530 24860 34451 52141 94382 602121 1144487 1034647 1535809
486108 1855457 471270 0 0 0 0 0 0 143873 62199 0 0 0 0 0 0 0 0 0 0 0 0 3259042 865641 388668 70555 80576 89702 81986 73928 80935 1250478 448608 294446 332551 588782 556735 500590 401701 362294 190975 147892 122614 196419 227174 235559 235559 194176 61734 63636 72016 118763 177678 163419 210806 312915 739418 1598866 2043634 2981751 4857149 6076843 3991064 927333 163975 62476 36124 4356 2023 2249 1728 1654 2062 2339 2379 2531 3009 8870 13353 20954 21482 22500 27821 47807 44237 44293 55796 42127 61338 68711 135573 482392 1599265 1763653 1545012
68226 22004 31443 8647 0 0 0 0 550931 236023 73698 21415 17675 8948 0 0 0 0 0 0 0 0 2188203 1920421 1530743 466840 39961 35996 43715 61970 80710 193521 382324 392814 515578 478123 595520 592726 536734 433135 337224 164384 128675 120767 124643 144393 191103 234642 220576 54165 33554 97347 139649 188053 209984 237826 237555 288276 1203099 2414405 4832890 7320788 10794567 5520652 3142194 1047937 132592 19370 5432 2974 2139 2125 2285 2567 2346 2223 2040 2619 3892 28633 38495 37719 46660 46927 55827 45782 90580 55455 72158 108866 128299 1328262 4609875 4225478 5124872 3756497
25422 25422 21350 14694 33154 38639 19424 0 7004 6908 13766 17667 17778 15077 15073 12313 13785 3311896 5522114 15205057 1412406 98179 308628 220773 43344 35265 28757 30730 31841 33880 43534 181558 103424 106125 463841 1048823 654911 492007 455833 367085 324805 285636 134231 121989 123506 125393 123544 141284 148307 63817 34454 126825 145205 190109 748391 473725 286589 326561 1408129 4063363 6205058 5066625 3761723 4742615 5705090 3764227 1777428 623547 144354 38147 9456 5197 3175 4363 12154 13349 8922 19634 25562 69783 27968 18575 26303 31498 35390 54017 69720 48613 46969 89645 299045 5282528 9519186 6716826 7173690 5121080
25680 21301 15636 8247 17443 30753 28555 7164 7701 7700 7701 17694 17722 14942 14762 13431 15226 604714 2500896 5078218 309314 30767 90315 43068 32601 28273 29187 30480 31271 35597 36744 52469 55202 40148 357789 999581 0 0 0 331096 322104 298979 262129 127372 126579 126663 123911 104473 103906 51975 35705 84440 90936 95683 318072 311666 212699 511944 1655557 3305409 2308460 1827379 1931431 2927851 4213565 8086300 4804194 2099636 1135656 571996 137554 20647 10031 10710 17047 40228 96275 126077 136870 310190 50230 24992 29045 16593 20231 28716 59963 54176 41613 95268 925192 3508118 6653783 7464608 8359770 2919082
16085 9353 7098 3843 3191 3874 12602 7501 7776 7776 7776 16534 17321 15374 15374 269917 997565 1666830 2263628 91801 10876 12294 21099 50937 45157 43173 34330 42595 52510 54860 51288 44250 37101 26621 22841 223363 163921 0 0 289681 332107 327366 331284 231151 141273 128563 121405 109046 104945 97645 59367 41151 46469 59724 215583 514231 1744251 1527573 2417351 967865 863753 587919 950607 2297155 6879255 17919274 7687142 6580271 2485176 1899615 991316 1123841 667750 278637 46007 44601 51215 87940 53603 58098 51550 30358 106233 100083 41484 14175 51571 98325 77753 244364 839130 1084050 3793549 3971235 2916084 1998093
8335 8214 23941 43776 6370 3298 3298 6988 7713 7760 7771 7702 7580 7468 7469 248368 482385 646599 1517784 1381628 8168 5556 0 0 55012 70412 54519 54613 58678 58836 58836 56696 59203 39062 23934 23934 22072 0 0 0 157228 294269 249531 195266 147601 144432 111910 106445 105580 107023 98742 76301 73317 73712 125281 1769531 2309867 1250179 390291 273758 392121 859359 1669443 3178819 3556335 5976252 7096814 6111461 5826108 5040410 4279874 4719543 2983425 3726143 968426 717489 913458 399828 313751 465998 112420 284836 1635574 2355119 130857 72641 115142 253614 332468 456082 1091374 1944480 2353574 2927187 3161731 2322997
8214 8282 31353 8189 2820 3214 3156 1356 961 961 961 961 961 3533 3533 3533 3533 3533 3533 3064435 2009183 8108 0 0 38835 99182 102028 87937 59362 59362 53413 46392 80792 116667 89955 39681 24147 21376 0 0 0 0 0 0 0 155143 139203 107979 107979 116105 202540 189100 160357 128970 149417 1165343 2711598 1039189 200187 250225 1020366 1511037 2081682 3510467 2431335 2848988 3814486 4946586 8919278 7164611 8022003 10039648 9427766 9790700 6603551 5175276 6051883 5292791 3516807 4326291 4295242 1896031 2086728 251542 23061 23108 145500 635902 886186 1217876 1185823 1782774 2372276 3198537 4094434 2039971
4046 2701 2537 2537 2537 2537 2537 1236 969 969 969 969 969 3563 3563 3563 3563 3563 3563 3563 1590062 9621 5459 0 0 57555 109184 107418 81424 73124 46369 62767 97882 120182 120182 70029 24354 24322 281428 309894 0 0 0 0 0 0 71559 65662 72549 110895 168878 174037 114140 98132 277750 6062782 3790895 1126703 755905 740186 1180151 1523725 1992277 1847580 1486478 1282219 2618870 2552132 3515325 6098095 10427264 8425851 9167225 12226840 8675080 7140006 7660177 9436553 2274212 1938071 1068739 807690 690805 88090 197520 250458 855394 935359 1866887 1143862 2497689 2099054 2359738 2060086 1193980 1041542
2559 2559 2559 2559 2559 2559 2559 1254 978 978 978 978 978 3593 3593 3593 3593 3593 3593 3593 97433 64430 8342 0 0 44599 109341 110223 108866 108973 99185 118588 121206 119011 119180 101070 31484 24561 51679 0 0 0 68970 648072 276239 0 0 0 0 0 0 0 0 0 0 2529783 1311989 807659 610680 1239016 2093001 2021141 2068878 1762417 1771228 1451744 1819900 1534290 1834261 2592033 2059369 2648535 4692620 4495935 3908033 5100400 9763154 10908706 11910854 7132107 4300568 1471769 633166 268230 370864 475559 1073407 1268499 1159238 778826 2287172 1708377 1305384 841751 758512 1319245
1681 2250 2578 2457 2462 2578 2570 1270 985 985 985 985 985 3620 3620 3620 3620 3620 3620 3620 183052 160955 8444 4739 0 0 70222 140149 107379 200528 149369 122099 122099 117655 119765 120648 51367 24417 24742 36353 146347 165650 166833 119380 78552 349718 734559 0 0 0 0 0 0 0 0 0 0 415294 569195 965915 6778924 3126112 2747096 2631365 2043942 2883696 1853511 2091429 2080187 1469729 1202808 1220589 1836591 4086934 7230388 7087427 10820596 9747302 20057254 7743984 744043 230853 332235 605696 255517 379533 390561 759861 614727 714297 1296472 1577294 1324469 964913 1543783 1903140
395 445 822 1909 2069 2200 2431 1286 992 992 992 992 992 3648 3648 3648 3649 3648 3648 201703 264914 62522 8969 9137 0 0 0 287476 228537 296731 293717 169504 123010 121516 122325 123010 38985 24927 24927 24903 36727 60692 84686 56838 57325 89321 77603 0 0 0 0 0 0 0 0 0 0 768670 2139980 1743719 4495261 5211221 2509037 2783689 2192205 1450983 1536874 1716818 1116668 1712351 1943195 1486902 2073646 1961522 3917214 9597402 22840810 6492732 8495197 0 1778789 167569 667882 1835917 1229661 355095 227685 437953 616123 404397 413050 709819 986359 739154 1141987 1597361
398 398 398 1569 2083 2083 2083 1859 1321 1002 999 999 999 3909 3909 3909 3909 3909 3895 3825 30629 21249 9943 9958 9418 0 0 269287 305618 305618 305618 209275 123882 123882 123882 122787 27434 25104 25104 25104 25104 24837 18023 13975 3814 7036 29905 0 0 0 0 0 0 0 0 0 0 0 2539080 2482915 0 2694463 2294444 2524132 1833099 1772272 2710723 3419991 2139942 3889761 2746276 2633899 1382690 1645862 3205386 0 0 0 0 0 1708961 114360 1017984 2389886 1283170 267451 197089 232388 350129 237612 149653 658355 1011266 6716357 3026013 825927
400 400 400 776 2097 2097 2097 2097 2097 1872 1315 1007 1006 4256 4050 3935 3935 3935 3935 3935 31283 23216 11723 11869 11174 0 0 0 362422 1522574 311503 280011 126503 123422 119140 111983 25273 25273 25273 25273 25273 23948 20852 5137 3219 2680 0 0 0 0 0 0 0 0 0 0 0 0 0 0 0 3298123 2944087 2904104 2566705 2586119 2110698 2022232 1127852 1832709 1517771 1880234 1462673 4505804 4846151 0 0 0 0 0 0 619956 1064317 1674772 982703 541970 112285 436908 328500 175330 192354 188962 402165 5166310 7834343 0
401 403 403 924 2111 2111 2111 2111 2111 2111 2111 1852 23010 23010 19922 19075 20765 20705 20645 20586 35922 31204 13152 13514 38963 0 0 0 0 1028052 293502 293502 162005 100383 93299 70178 25434 25434 25434 25434 21347 12839 4019 119 1970 2353 0 0 0 0 0 0 0 0 0 0 0 0 0 0 0 4673169 2749809 2703177 2303514 2669194 1573365 1442626 456463 798602 1820717 1235357 2830131 0 0 0 0 0 0 0 0 0 399651 1053447 762818 276879 226919 1015898 757404 207031 237844 140915 281858 3470534 0 0
401 405 405 1117 2123 2123 1906 2044 2123 2080 2123 2123 23148 23148 18891 24554 32180 32180 32162 32180 42554 39035 22657 22069 144928 214825 0 0 0 243435 299046 257252 60047 34400 34400 30930 23239 16052 11058 7112 2017 1826 1511 1147 81 0 0 0 0 0 0 0 0 0 0 0 0 0 0 0 0 5485804 2414234 2004385 2796788 2682550 3374651 3349237 471108 760858 1315197 3564127 0 0 0 0 0 0 0 0 0 0 396360 1753075 934540 130155 926465 1171703 628253 201853 502013 548068 200147 2646792 0 0
2131 2611 2629 2406 2117 1939 1807 2049 2130 2086 2087 2135 23280 21836 16605 24746 32364 32364 31642 32364 89568 95789 93449 78002 72332 136504 197937 0 0 0 646087 402858 58038 34828 34596 27790 5925 4047 4042 5600 18013 63978 42899 0 0 0 0 0 0 0 0 0 0 0 0 0 0 0 0 0 0 1984748 3058302 2664749 2307539 3035942 7072295 3378974 2307585 1442788 2858746 0 0 0 0 0 0 0 0 0 0 0 562296 2520698 1703518 598871 239619 741670 687985 599213 1766347 1298023 1044892 224745 746820 0
2675 2675 4206 18608 10254 2236 1739 2630 2050 2054 2131 2123 21999 18892 17500 21703 25365 25681 25264 430833 621565 185681 122548 264038 303295 108187 329561 0 0 0 0 1087055 406294 68311 39245 7814 35470 68234 33666 7280 12355 0 0 0 0 0 0 0 0 0 0 0 0 0 0 0 0 0 0 0 0 1289729 5248805 2469117 1776180 2509576 1832494 2246958 6055856 5706530 0 0 0 0 0 0 0 0 0 0 0 0 905569 2736055 0 0 357366 941496 1364915 806068 1684559 1872453 1193343 432584 446627 1267457
2564 2962 20801 26510 26510 23001 19425 37945 25029 36821 35176 17721 22734 20094 17854 19759 19892 19892 19892 81111 2845715 389169 130620 374931 265881 153447 1267653 439198 0 0 0 1753576 1785481 130073 69655 41690 127523 130621 65088 15592 0 0 0 0 0 0 0 0 0 0 0 0 0 0 0 0 0 0 0 0 0 0 2940145 2479075 2541510 2352180 1855802 1694938 0 0 0 0 0 0 0 0 0 0 0 0 0 0 0 0 0 0 136490 763652 1448076 1013762 1798962 1804849 1926918 888983 222892 278291
2700 31696 42413 26622 22988 30945 50747 49982 45402 42372 172478 139524 46415 28231 17938 25875 20175 37461 78705 145137 840486 1015934 182608 219704 181896 302462 905423 911647 200376 0 0 1516536 1710521 421096 187637 99089 161834 0 0 0 0 0 0 0 0 0 0 0 0 0 0 0 0 0 0 0 0 0 0 0 0 0 1151658 2999360 2243446 1998426 2079684 2108930 0 0 0 0 0 0 0 0 0 0 0 0 0 0 0 0 0 0 251909 883634 2916689 1094952 1331819 1285289 964192 542349 122035 266683
136837 0 0 79045 30571 45575 50396 50468 57456 61957 360832 239818 259394 263213 119883 121895 124547 198139 314775 316799 644581 787848 133478 127154 170304 326927 821335 486816 299939 169845 0 1487794 1880626 497413 0 0 0 0 0 0 0 0 0 0 0 0 0 0 0 0 0 0 0 0 0 0 0 0 0 0 0 0 0 2149973 2515025 5264960 2718172 3746707 0 0 0 0 0 0 0 0 0 0 0 0 0 0 0 0 0 0 381711 1528133 8695757 1389735 669582 971845 276882 104952 60095 195184
232168 309241 304094 159903 159623 77895 47536 45659 58642 77010 239271 210543 328939 333236 128521 143044 143570 184581 226485 244543 400973 144692 284116 99438 231177 983108 557245 500667 300801 84492 65111 0 0 0 0 0 0 0 0 0 0 0 0 0 0 0 0 0 0 0 0 0 0 0 0 0 0 0 0 0 0 0 0 3713082 4326579 5917542 4196200 5870790 0 0 0 0 0 0 0 0 0 0 0 0 0 0 0 0 0 0 259333 443255 0 0 485764 343678 615788 959596 171105 408342
241888 1218140 601671 204676 160462 95215 44437 30124 29576 38957 79426 164448 205044 241379 135796 127375 85438 169762 173979 93563 114047 138056 149818 49495 590768 1543661 1427057 1668577 262558 92513 346336 0 0 0 0 0 0 0 70601 0 0 0 0 0 0 0 0 0 0 0 0 0 0 0 0 0 0 0 0 0 0 0 0 0 4877521 4338796 4726176 5711385 0 0 0 0 0 0 0 0 0 0 0 0 0 0 0 0 0 0 146701 252747 0 0 0 73966 2133685 2476982 1928561 1262790
619560 1229354 911333 562682 213038 124409 65712 64005 26508 22184 15398 116778 119025 83814 149219 114096 83551 290664 220512 87230 70276 114577 146629 124602 660912 1532110 1536821 1566930 280915 115194 138149 350614 0 128643 83326 76724 96163 88323 78190 0 0 0 0 0 0 0 0 0 0 0 0 0 0 0 0 0 0 0 0 0 0 0 0 0 9041430 3783955 4961902 4106651 0 0 0 0 0 0 0 0 0 0 0 0 0 0 0 0 0 0 0 0 0 0 0 0 1193940 5757359 9587328 0
704439 629105 451643 435033 304316 199179 169735 144116 21472 10532 9913 52182 70750 10663 86444 109203 234383 169496 131767 109630 165858 135819 382273 754413 524231 985850 2682167 1005680 393711 1581471 891358 341185 381293 254391 168264 50875 56758 65047 41393 0 0 0 0 0 0 0 0 0 0 0 0 0 0 0 0 0 0 0 0 0 0 0 0 0 0 4164350 3806648 0 0 0 0 0 0 0 0 0 0 0 0 0 0 0 0 0 0 0 243494 0 0 0 0 0 0 3566170 0 0
329035 206246 102793 351535 265280 178318 163543 18391 7475 8851 7839 18805 15509 10692 59568 164811 382626 179751 129371 148895 182386 157368 409674 940734 901247 1440924 2605683 1267371 769670 507568 190742 144898 185352 195104 126685 56569 54915 67134 0 0 0 0 0 0 0 0 0 0 0 0 0 0 0 0 0 0 0 0 0 0 0 0 0 0 0 5519912 0 0 1285636 0 0 0 0 0 0 0 0 0 0 0 0 0 0 0 0 0 499474 1327042 0 0 0 0 0 0 0 0
81415 134752 99024 142045 174905 68722 59478 48470 5175 20742 11866 2508 1252 6723 35683 65578 127850 171544 173440 185305 134071 83724 33054 571745 1505443 2770588 1966100 1053117 381326 97953 133998 121494 101857 84473 77892 125351 82988 63176 0 0 0 0 0 0 0 0 0 0 0 0 0 0 0 0 0 0 0 0 0 0 0 0 0 0 0 0 0 0 4461591 1302209 0 0 0 0 0 0 0 0 0 0 0 0 0 0 0 0 0 869138 0 0 0 0 0 0 0 0
74913 125284 121249 164098 105904 100278 46913 68711 18346 26074 18356 3418 3692 639 30911 48553 102739 149986 166156 190035 96959 43805 42311 305221 602769 1875204 2622038 327281 140744 83960 90847 72027 59908 77287 113522 137144 74145 0 0 0 0 0 0 0 0 0 0 0 0 0 0 0 0 0 0 0 0 0 0 0 0 0 0 0 0 0 0 0 5866279 876804 0 0 0 0 0 0 0 0 0 0 0 0 0 0 0 0 0 0 1450701 1443522 0 0 0 0 0 0
85927 110581 93278 85748 66494 80063 38880 73060 110957 104059 15896 29846 8274 12796 10441 37192 59972 51345 45943 85704 81341 50077 49791 53510 224621 578491 571363 103870 47521 49939 62069 62680 70322 117310 118382 101640 39318 0 0 0 0 0 0 0 0 0 0 0 0 0 0 0 0 0 0 0 0 0 0 0 0 0 0 0 0 0 0 0 0 0 0 0 0 0 0 0 0 0 0 0 0 0 0 0 0 0 0 0 2026810 269611 763383 0 0 0 0 0
121102 91365 110740 119058 96729 100636 752094 153319 134849 140513 72190 41055 33750 17796 14812 37390 51167 51295 159285 100584 78763 59708 42803 57027 31084 64228 90393 43893 44016 44115 76231 93710 110601 146870 132817 173592 0 0 0 0 0 0 0 0 0 0 0 0 0 0 0 0 0 0 0 0 0 0 0 0 0 0 0 0 0 0 0 0 0 0 0 0 0 0 0 0 0 0 0 0 0 0 0 0 838788 896573 0 0 0 940998 87486 0 0 0 0 0
91239 55526 56951 52211 38270 47893 120990 506925 289685 152276 186830 76235 46848 72398 71544 87844 56309 116975 814130 520907 194290 231780 83981 57127 12248 15443 40681 37920 44257 125902 150812 316789 198223 339249 156370 0 0 0 0 0 0 0 0 0 0 0 0 0 0 0 0 0 0 0 0 0 0 0 0 0 0 0 0 0 0 0 0 0 0 0 0 0 0 0 0 0 0 0 0 0 0 0 0 0 0 518646 3880181 0 0 3558843 533142 0 0 0 0 0
57228 50911 38762 36484 23909 10498 223251 325222 273510 263193 364027 123994 59414 71852 76034 290333 167681 173866 1369414 562133 885765 423088 143731 62496 33488 29205 26205 22809 42616 99350 190929 233555 307797 1521045 0 0 0 0 0 0 0 0 0 0 0 0 0 0 0 0 0 0 0 0 0 0 0 0 0 0 0 0 0 0 0 0 0 0 0 0 0 0 0 0 0 0 0 0 0 0 0 0 0 0 0 0 865255 1700601 0 0 1363069 352050 0 0 0 0
22482 11440 11480 12340 9593 12828 60499 77227 90935 91508 78617 72545 80847 54350 28848 112978 60149 296454 709272 467276 550452 1132810 995125 457035 75915 40237 17718 27428 22954 100070 133807 173300 0 0 0 0 0 0 0 0 0 0 0 0 0 0 0 0 0 0 0 0 0 0 0 0 0 0 0 0 0 0 0 0 0 0 0 0 0 0 0 0 0 0 0 0 0 0 0 0 0 0 0 0 0 0 0 701141 539980 463510 336236 4451260 0 0 0 0
15894 16278 9879 14940 11344 16345 89940 75478 74979 82232 92809 116889 188382 456934 25995 39183 476330 1205052 1102687 768427 2905458 2171169 4381039 1569177 404093 767088 192051 30502 16962 49472 223731 0 0 0 0 0 0 0 0 0 0 0 0 0 0 0 0 0 0 0 0 0 0 0 0 0 0 0 0 0 0 0 0 0 0 0 0 0 0 0 0 0 0 0 0 0 0 0 0 0 0 0 0 0 0 0 0 576982 904180 731227 320274 0 0 0 0 0
19763 21244 28039 38514 27378 49506 260869 80369 102959 122803 106916 86370 53271 49080 52643 49131 300527 1021946 1645597 1404589 0 0 0 2017950 2145239 2400475 237173 84361 12089 124805 0 0 0 0 0 0 0 0 0 0 0 0 0 0 0 0 0 0 0 0 0 0 0 0 0 0 0 0 0 0 0 0 0 0 0 0 0 0 0 0 0 0 0 0 0 0 0 0 0 0 0 0 0 0 0 0 0 0 2198493 439182 285711 0 0 0 0 0
33444 97957 18540 43534 65101 127702 128029 77542 22585 41809 100935 86823 52865 55347 62489 87242 917019 2716527 1618894 728561 0 0 1003886 269570 2500665 1655972 282274 70523 60376 50604 0 0 0 0 0 0 0 0 0 0 0 0 0 0 0 0 0 0 0 0 0 0 0 0 0 0 0 0 0 0 0 0 0 0 0 0 0 0 0 0 0 0 0 0 0 0 0 0 0 0 0 0 0 0 0 0 0 0 0 687940 454140 913359 0 0 0 0
58364 36058 28570 23038 166830 129070 180983 64389 35633 29692 55521 93701 103135 96390 141226 117525 1544829 2984049 1894718 470256 880727 1011420 444007 126915 133381 426852 174186 167243 105549 0 0 0 0 0 0 0 0 0 0 0 0 0 0 0 0 0 0 0 0 0 0 0 0 0 0 0 0 0 0 0 0 0 0 0 0 0 0 0 0 0 0 0 0 0 0 0 0 0 0 0 0 0 0 0 0 0 0 0 0 504483 523336 481044 1420948 742936 0 0
104647 71254 55337 689436 75906 255957 238800 72344 36419 38029 78701 356479 118846 52868 215673 161083 691922 2911774 1119993 340963 636746 840856 414080 358551 648518 1112866 196123 900058 0 0 0 0 0 0 0 0 0 0 0 0 0 0 0 0 0 0 0 0 0 0 0 0 0 0 0 0 0 0 0 0 0 0 0 0 0 0 0 0 0 0 0 0 0 0 0 0 0 0 0 0 0 0 0 0 0 0 0 0 0 0 1046475 815096 753991 658323 0 0
491594 347369 280683 5643681 211956 284361 718721 455166 153428 157631 163261 123690 111753 50257 227512 96848 224021 517180 437720 180822 301143 398604 489256 486178 176985 144066 846001 700955 0 0 0 0 0 0 0 0 0 0 0 0 0 0 0 0 0 0 0 0 0 0 0 0 0 0 0 0 0 0 0 0 0 0 0 0 0 0 0 0 0 0 0 0 0 0 0 0 0 0 0 0 0 0 0 0 0 0 0 0 0 0 0 668573 1175716 1818674 0 0
503865 787922 499675 403591 235619 284123 430236 363303 241922 235056 643528 329113 152782 116047 206743 153874 127610 0 231137 159318 137490 139514 245861 365702 214627 214954 384009 0 0 0 0 0 0 0 0 0 0 0 0 0 0 0 0 0 0 0 0 0 0 0 0 0 0 0 0 0 0 0 0 0 0 0 0 0 0 0 0 0 0 0 0 0 0 0 0 0 0 0 0 0 0 0 0 0 0 0 0 0 0 0 0 0 0 3013749 0 0
41861 87460 125976 186888 190052 160673 111087 200066 429864 372617 346914 1710915 477485 158585 112231 104672 121917 118490 135818 92971 111005 114893 71271 402567 428496 391078 315266 0 0 0 0 0 0 0 0 0 0 0 0 0 0 0 0 0 0 0 0 0 0 0 0 0 0 0 0 0 0 0 0 0 0 0 0 0 0 0 0 0 0 0 0 0 0 0 0 0 0 0 0 0 0 0 0 0 0 0 0 0 0 0 0 0 0 0 20227698 12516777
0 84201 169042 186790 163632 174397 104356 48855 85929 148620 211628 401499 125772 124560 207612 156503 109897 154907 0 160657 100456 128627 248149 262438 306700 361098 281295 0 0 0 0 0 0 0 0 0 0 0 0 0 0 0 0 0 0 0 0 0 0 0 0 0 0 0 0 0 0 0 0 0 0 0 0 0 0 0 0 0 0 0 0 0 0 0 0 0 0 0 0 0 0 0 0 0 0 0 0 0 0 0 0 0 0 0 0 4300596
0 1196157 141499 187991 138377 99341 35737 35343 34567 32991 53032 71171 74382 112962 208561 106078 87284 119969 74672 305640 385323 310660 417195 311320 125867 85539 88364 0 0 0 0 0 0 0 0 0 0 0 0 0 0 0 0 0 0 0 0 0 0 0 0 0 0 0 0 0 0 0 0 0 0 0 0 0 0 0 0 0 0 0 0 0 0 0 0 0 0 0 0 0 0 0 0 0 0 0 0 0 0 0 0 0 0 0 0 0
0 918694 160003 154747 138058 93153 36110 34540 26073 29021 63906 64348 65514 114094 120299 68646 123655 102512 75832 116435 210208 727246 348934 242321 100285 32738 84598 205257 0 0 0 0 0 0 0 0 0 0 0 0 0 0 0 0 0 0 0 0 0 0 0 0 0 0 0 0 0 0 0 0 0 0 0 0 0 0 0 0 0 0 0 0 0 0 0 0 0 0 0 0 0 0 0 0 0 0 0 0 0 0 0 0 0 0 0 0
0 0 131257 148594 155178 140804 80775 25180 24520 24118 51632 61398 219809 220545 153547 112191 110785 126366 104578 108505 74270 249742 237768 197808 138749 99364 331703 678244 0 0 0 0 0 0 0 0 0 0 0 0 0 0 0 0 0 0 0 0 0 0 0 0 0 0 0 0 0 0 0 0 0 0 0 0 0 0 0 0 0 0 0 0 0 0 0 0 0 0 0 0 0 0 0 0 0 0 0 0 0 0 0 0 0 0 0 0
0 0 152355 299056 298477 183935 172472 36630 21944 21319 24324 22018 102257 187394 272749 1040978 122782 124391 81034 54901 44390 429325 0 168676 100910 81531 169680 168697 116958 0 0 0 0 0 0 0 0 0 0 0 0 0 0 0 0 0 0 0 0 0 0 0 0 0 0 0 0 0 0 0 0 0 0 0 0 0 0 0 0 0 0 0 0 0 0 0 0 0 0 0 0 0 0 0 0 0 0 0 0 0 0 0 0 0 0 0
0 133324 235353 594211 376924 205932 107397 20555 20555 20555 20556 21548 50972 51986 55757 443182 1017555 86101 53074 43919 153584 570691 0 45724 15179 17063 86321 90148 157194 0 0 0 0 0 0 0 0 125279 0 0 0 0 0 0 0 0 0 0 0 0 0 0 0 0 0 0 0 0 0 0 0 0 0 0 0 0 0 0 0 0 0 0 0 0 0 0 0 0 0 0 0 0 0 0 0 0 0 0 0 0 0 0 0 0 0 0
0 170472 199509 385747 265589 187323 22743 20472 20472 20472 46100 48778 35532 19606 38949 111916 333345 70137 72500 205953 457795 1356393 0 214155 25250 37015 169962 310828 275562 0 0 0 0 0 0 0 175434 179160 0 0 0 0 0 0 0 0 0 0 0 0 0 0 0 0 0 0 0 0 0 0 0 0 0 0 0 0 0 0 0 0 0 0 0 0 0 0 0 0 0 0 0 0 0 0 0 0 0 0 0 0 0 0 0 0 0 0
18683 78211 141537 141537 80354 26524 8713 13375 19990 20383 57037 68600 60856 44182 56560 120783 280505 85844 172073 187272 142309 774569 1374819 967184 168830 150276 174914 272351 531604 0 0 0 0 0 0 0 147892 287998 0 0 0 0 0 0 0 0 0 0 0 0 0 0 0 0 0 0 0 0 0 0 0 0 0 0 0 0 0 0 0 0 0 0 0 0 0 0 0 0 0 0 0 0 0 0 0 0 0 0 0 0 0 0 0 0 0 0
25725 90317 133999 102923 54345 11727 7765 7765 7813 15042 70137 137741 65316 69275 68478 176664 1510613 155367 66232 32889 50276 93587 1161790 2068569 398248 350175 278394 721778 0 0 0 0 0 0 159602 144196 217266 185730 0 0 0 0 0 0 0 0 0 0 0 0 0 0 0 0 0 0 0 0 0 0 0 0 0 0 0 0 0 0 0 0 0 0 0 0 0 0 0 0 0 0 0 0 0 0 0 0 0 0 0 0 0 0 0 0 0 0
26765 46916 40546 37503 36693 17280 7726 7726 7726 7982 48130 56711 30859 60201 118576 327665 128603 173045 223661 325067 230938 203609 480422 1022739 285029 347626 170016 451079 0 0 0 0 17525 50670 184964 125272 94777 185166 0 0 0 0 0 0 0 0 0 0 0 0 0 0 0 0 0 0 0 0 0 0 0 0 0 0 0 0 0 0 0 0 0 0 0 0 0 0 0 0 0 0 0 0 0 0 0 0 0 0 0 0 0 0 0 0 0 0
9786 10667 96631 109949 109562 101010 20359 11662 9326 8615 15256 49432 52955 125349 103871 134587 224755 242356 851346 1554262 363414 69057 118612 252204 519412 346523 0 0 0 0 0 0 29575 32488 63383 86888 431970 0 0 0 0 0 0 0 0 0 0 0 0 0 0 0 0 0 0 0 0 0 0 0 0 0 0 0 0 0 0 0 0 0 0 0 0 0 0 0 0 0 0 0 0 0 0 0 0 0 0 0 0 0 0 0 0 0 0 0
5385 6354 59628 93483 82282 110349 32115 35000 35657 19416 15382 26215 11662 25959 55615 100000 273093 348070 545291 584548 506939 183396 87625 78999 242595 0 0 0 0 0 0 0 43393 100100 226428 1684586 253266 0 0 0 0 0 0 0 0 0 0 0 0 0 0 0 0 0 0 0 0 0 0 0 0 0 0 0 0 0 0 0 0 0 0 0 0 0 0 0 0 0 0 0 0 0 0 0 0 0 0 0 0 0 0 0 0 0 0 0
0 8140 6623 4240 10626 18823 17083 9668 8969 12711 11312 9312 9486 34753 64767 155367 147884 335494 289420 368234 560481 376453 712805 0 0 0 0 0 0 0 0 0 38138 74117 497440 1219844 332922 0 0 0 0 0 0 0 0 0 0 0 0 0 0 0 0 0 0 0 0 0 0 0 0 0 0 0 0 0 0 0 0 0 0 0 0 0 0 0 0 0 0 0 0 0 0 0 0 0 0 0 0 0 0 0 0 0 0 0
