data/pop/popcount/gpw_pop_counts_qd_1990a.asc
ncols 1440 
nrows 720
xllcorner -180
yllcorner -90
cellsize .25
NODATA_value -99
[rows 128 to 191 of 720, columns 192 to 287 of 1440]
5 5 5 222 5 5 5 5 184 5 5 5 7 7 7 7 7 7 7 7 18 30 29 30 36 28 39 41 33 41 41 41 41 41 41 41 41 41 41 41 40 40 41 41 41 41 41 41 86 86 86 86 86 86 86 86 86 86 86 64 37 37 37 37 37 37 166 37 37 37 37 37 240 240 240 240 240 240 240 240 240 240 240 240 240 240 240 0 0 2 2 0 0 2 0 0
5 5 5 5 5 5 5 5 5 5 5 5 7 7 7 7 7 7 13 14 26 41 41 41 41 41 41 41 41 41 41 41 41 41 41 41 41 41 41 41 41 41 41 41 41 41 41 41 87 87 87 87 87 87 87 87 87 87 87 68 39 38 38 38 38 38 38 38 38 38 38 38 242 242 242 242 242 241 239 242 242 242 242 242 242 242 242 242 2 2 2 2 2 2 2 2
5 5 2 4 5 5 5 5 5 5 5 5 7 7 7 7 7 7 30 42 42 42 42 42 42 274 42 42 42 42 42 42 42 42 42 42 42 42 42 42 42 42 42 42 42 42 42 42 85 85 85 85 85 85 85 86 87 87 87 64 34 34 34 34 34 34 34 34 37 37 37 37 134 135 134 161 209 222 238 243 243 243 243 243 243 243 243 243 2 2 2 2 2 2 2 2
4 5 4 2 5 4 5 5 5 5 5 5 7 7 7 7 7 27 41 42 42 42 42 42 42 42 42 42 42 42 42 42 42 42 42 42 42 42 42 42 42 42 42 42 42 42 42 42 83 83 83 83 83 83 83 86 88 88 87 47 30 30 30 30 0 30 30 30 36 37 37 37 37 37 37 37 40 240 245 245 245 484 245 245 245 245 245 245 2 2 2 2 2 2 2 2
11 4 2 1 4 5 5 5 5 5 5 5 5 6 7 7 7 16 42 42 42 41 42 42 42 42 42 42 42 42 42 42 42 42 42 42 42 42 42 42 42 42 42 42 42 42 42 42 84 84 84 84 84 84 84 87 88 1228 83 31 30 30 30 30 30 30 31 31 36 0 37 37 37 37 37 37 37 232 247 247 247 247 247 247 247 247 247 247 2 2 2 2 2 0 2 2
117 84 25 5 5 6 5 4 5 6 6 6 6 6 6 6 7 7 14 20 18 10 19 35 42 42 42 42 42 42 42 42 42 42 42 42 42 42 42 42 82 42 42 161 42 70 114 42 84 84 84 84 90 84 84 87 89 89 89 51 31 89 59 30 31 31 36 37 38 0 0 38 38 38 38 38 38 219 248 248 248 248 248 244 247 235 224 248 2 53 842 2 2 0 2 2
187 196 194 119 6 5 7 49 4 5 6 6 6 6 6 6 7 7 7 7 7 7 7 27 43 43 42 38 43 43 43 43 43 43 43 43 43 43 43 43 134 43 43 44 4533 43 43 43 85 85 85 99 85 111 85 86 90 90 401 44 31 101 79 214 31 31 31 31 36 38 38 38 38 38 38 38 38 160 250 250 250 250 250 352 250 247 220 250 2 1 1244 2 2 405 0 0
147 137 120 50 7 7 148 491 264 3 6 6 6 17 19 7 7 7 7 7 7 7 7 7 20 16 8 9 11 25 41 43 46 56 48 51 74 85 116 283 297 93 119 123 9992 891 78 80 154 171 199 207 255 801 3430 398 750 4077 6835 556 31 31 31 36 66 35 31 31 37 38 38 38 87 38 38 38 38 101 252 252 252 252 252 252 252 252 252 252 2 2 2 83 1 14 0 0
47 14 26 12 7 7 7 57 258 0 5 6 8 112 139 145 147 135 104 114 117 77 77 77 77 77 77 77 77 77 60 43 60 135 131 126 129 129 129 278 306 280 129 129 129 129 2312 4133 208 208 208 208 1336 1146 369 336 498 232 720 321 138 102 143 144 150 0 0 30 46 52 49 38 1253 143 45 38 38 199 326 324 320 326 280 253 288 387 253 253 2 2 2 269 293 0 676 2
12 56 31 32 7 7 7 6 5 5 6 6 6 15 60 127 138 142 148 148 148 132 91 66 77 77 77 77 77 77 75 59 101 139 138 136 131 130 130 130 130 3018 130 130 130 130 375 5787 209 215 331 259 317 309 505 241 184 226 427 2070 1437 151 153 195 147 0 0 60 86 96 90 70 70 61 39 39 59 299 333 333 333 333 286 255 255 231 252 255 2 2 2 2 2 0 2 24
0 12802 23 0 5 7 7 7 6 5 4 5 6 6 43 413 137 2074 137 140 146 274 136 84 319 76 78 78 78 78 78 78 103 126 234 5208 136 135 132 131 131 131 131 131 131 131 131 131 917 1669 961 940 2173 893 839 153 72 104 243 243 257 592 2732 511 0 175 475 0 0 788 97 97 97 86 35 131 47 396 411 335 335 335 319 282 282 256 262 282 2 2 2 2 2 2 2 2
0 0 0 0 7 7 0 0 0 405 5 828 46 76 111 557 625 729 626 138 141 139 143 260 72 69 77 78 78 78 78 78 87 79 122 824 141 141 140 135 132 287 1310 1242 823 132 132 132 967 967 2682 2148 29109 701 463 79 73 227 2418 73 103 152 153 153 153 153 153 137 98 98 98 98 98 91 55 78 181 455 416 337 337 319 328 337 337 337 337 337 2 2 2 2 2 2 233 593
0 0 0 0 5 6 0 0 0 6 84 219 325 349 349 349 310 151 151 5107 151 151 144 881 75 79 71 72 75 78 79 82 132 130 142 203 142 142 142 142 139 136 271 936 564 132 132 132 294 228 81 73 73 70 73 73 73 73 73 73 73 120 121 121 152 154 154 148 133 133 131 99 98 539 409 461 428 456 607 236 2747 331 339 339 339 339 339 319 1 1 2 2 2 2 2 2
0 0 0 0 0 0 944 9 9 97 140 259 351 11928 353 351 316 155 152 1190 152 152 152 85 71 74 79 206 214 259 133 79 95 142 142 142 142 142 142 142 142 142 135 134 133 133 133 133 74 74 74 74 74 74 74 74 74 74 74 74 74 74 74 74 144 155 2628 162 187 187 263 417 412 570 2200 662 1132 557 416 367 735 341 341 341 341 341 374 0 0 30 2 2 4 64 247 60
0 0 0 0 0 0 15449 80 20 53 274 352 292 476 234 289 334 224 153 153 183 3765 128 97 216 78 75 82 80 77 773 1886 109 128 143 143 143 143 143 143 143 143 143 143 142 136 134 134 74 74 74 74 74 74 74 74 74 74 74 74 2383 74 74 125 183 189 189 189 383 497 970 1003 1007 753 603 612 636 578 489 489 1327 758 553 605 2676 3374 549 8252 0 174 199 488 178 280 440 170
0 0 0 0 1 2 0 0 75 9 173 275 11 6845 12 17 288 169 150 146 134 119 111 83 1058 958 289 180 1359 372 347 1884 1368 91 144 144 6257 3299 144 144 144 144 144 144 144 143 139 136 74 73 74 74 74 74 74 74 74 85 88 75 83 136 177 190 190 7145 283 888 1112 1040 5279 1023 5817 1546 978 1120 1076 586 1594 507 942 1129 851 664 1313 480 411 349 241 492 321 837 272 169 4799 175
82 0 0 0 0 0 319 6 8 9 99 0 0 1443 12 8 82 144 146 86 86 77 76 72 131 132 82 74 80 81 81 565 587 82 130 145 38875 22592 145 145 145 145 145 112 94 106 110 132 28 10 43 3874 76 91 97 99 157 179 179 176 180 180 181 181 183 188 475 2799 1624 1291 1277 1582 2740 10432 7357 10698 6384 803 1339 916 842 1408 5864 842 2193 860 1124 498 294 257 173 174 176 174 172 170
35 0 0 0 0 0 6 6 8 8 9 0 0 12 12 11 19 82 81 82 72 73 86 84 85 81 84 81 74 84 86 81 81 81 109 146 146 146 146 146 146 146 146 100 63 63 63 63 41 1 0 0 0 0 66 154 181 181 181 181 181 552 7306 181 181 181 150 1040 3247 2373 4091 7873 19484 213577 232617 27688 6433 979 1417 3249 726 1386 491 849 654 852 1150 793 1518 388 792 1193 505 306 211 219
462 0 0 0 0 0 0 0 6 0 0 7 9 12 11 12 12 12 40 67 67 76 86 85 80 79 74 74 208 200 269 230 275 275 248 171 196 220 230 263 263 260 254 226 96 66 64 0 62 32 15 2 2 2 13 106 161 9289 182 182 182 182 182 182 182 343 549 1105 2894 3393 3060 3340 4706 145504 119459 12394 6391 2199 1146 3173 693 836 662 1362 4655 645 1281 11556 7002 613 375 351 1228 286 707 467
86 0 0 0 0 0 0 0 2 0 0 8 12 10 10 9 12 10 17 32 54 81 76 83 86 86 87 89 286 294 335 290 290 292 292 290 290 1972 1078 290 290 290 290 290 290 239 80 0 64 64 53 33 47 7 56 148 97 109 183 183 183 183 183 183 183 526 966 853 7230 1096 2625 2407 1847 5145 3528 1737 11400 951 817 1145 1610 1001 547 513 597 598 796 722 1375 1459 1572 341 917 420 1525 471
83 0 0 0 0 0 0 0 0 0 0 7 12 10 0 0 12 8 11 33 27 30 25 24 24 23 24 24 26 127 289 292 295 377 292 292 292 3115 3428 292 292 336 395 415 411 431 321 81 40 45 1113 138 65 138 735 1490 929 8 81 169 184 197 210 211 211 403 890 400 988 1113 1360 1342 1624 1952 11719 1313 4766 999 2054 776 1607 1433 485 885 5223 438 848 541 688 667 280 905 491 670 11803 1630
0 0 0 0 0 0 0 0 0 0 0 0 0 0 0 22 28 26 0 34 28 34 29 26 27 27 29 24 24 24 68 289 292 292 292 290 287 294 323 470 513 497 513 442 0 480 420 185 108 120 132 127 76 65 38 7 12 2 2 13 130 256 256 256 256 256 491 277 256 628 1391 3190 1319 7320 1596 1304 1768 1009 624 1608 637 710 1102 551 680 400 419 785 0 184 279 811 373 501 5150 2651
0 0 0 0 0 0 0 0 0 0 0 0 0 0 0 28 33 34 0 0 129 627 30 31 34 34 251 26 24 24 31 89 24 24 24 24 24 24 208 555 522 522 485 0 0 506 218 202 200 156 199 192 100 60 76 52 61 5 2 20 224 258 324 302 258 258 258 258 5794 286 2328 6932 48559 9362 1951 2685 598 5787 614 508 571 419 376 328 508 326 1832 0 0 402 305 2605 407 1733 314 528
0 0 0 0 0 0 0 0 0 0 0 0 0 0 0 1135 23 34 34 34 27 28 18 15 33 31 25 24 24 24 24 27 194 24 24 457 24 24 72 11209 630 525 525 525 525 525 399 205 204 204 204 199 76 36 85 119 52 43 30 49 169 248 259 259 259 259 259 259 284 735 1528 1727 21742 2079 1723 2181 850 0 0 417 1256 335 1552 407 903 186 218 289 313 569 962 271 428 347 513 377
0 0 0 0 0 0 0 0 0 0 0 0 0 0 0 18 20 35 35 35 25 35 34 16 19 41 28 24 24 24 24 24 24 24 24 277 24 52 294 864 528 531 528 590 669 528 484 214 205 205 205 205 70 33 38 74 109 103 116 82 52 120 208 164 239 261 261 261 716 2756 1401 8001 1552 1199 769 1992 528 0 0 403 126 152 156 278 175 175 175 175 192 326 260 1416 542 483 325 308
0 0 0 0 0 0 0 0 0 0 0 0 0 0 0 0 15 28 35 96 35 31 24 14 13 40 42 24 21 24 24 24 24 24 24 24 24 24 162 603 453 437 2264 667 531 475 243 206 206 206 206 206 398 48 34 31 85 108 129 132 103 87 56 56 70 144 232 232 312 1157 1651 6280 1247 967 3882 878 746 556 568 227 3201 126 127 382 130 130 130 131 188 254 389 558 249 250 314 1057
0 0 0 0 0 0 0 0 0 0 0 0 0 0 0 0 0 20 33 35 36 41 35 14 13 37 18 25 42 20 25 115 109 25 25 25 25 51 83 157 91 90 268 215 194 208 208 418 208 207 194 516 902 488 31 33 43 117 130 136 3907 126 95 65 67 68 172 207 237 1680 1972 12141 4942 3645 1287 1059 2487 6009 496 127 127 127 127 121 324 121 1175 212 509 337 204 4875 274 395 248 261
0 0 0 0 0 0 0 0 0 0 0 0 0 0 0 0 0 0 43 43 44 45 45 45 34 42 26 134 164 31 61 36 20 22 26 69 84 77 94 85 84 749 84 108 357 331 210 257 227 202 871 934 934 833 149 4342 32 74 92 168 137 137 131 147 105 5833 4969 1205 1154 2516 12723 336971 129128 1615 4742 931 939 758 580 347 147 128 128 122 122 122 200 233 164 164 690 235 1090 599 223 809
0 0 0 0 0 0 0 0 0 0 0 0 0 0 0 41 48 31 0 0 0 31 39 135 45 53 157 171 193 157 121 123 18 31 107 113 113 113 113 167 224 195 1246 173 469 411 13169 554 396 3281 1322 1921 3032 903 734 3599 35 35 397 436 139 162 171 176 177 139 56 45 45 946 2489 149175 104561 1445 598 1312 867 755 1684 828 353 226 137 126 126 125 152 353 172 1248 529 121 292 233 236 795
0 0 0 0 0 0 0 0 0 0 0 0 0 0 0 87 94 953 0 0 0 65 32 82 102 134 190 190 194 234 448 528 298 103 106 114 114 114 384 244 2490 90 1368 1310 528 2004 38246 15684 579 737 8952 6810 874 876 925 350 90 90 88 520 496 281 178 1910 189 178 156 92 49 104 2614 3302 14145 1597 361 473 622 509 443 484 10481 484 315 173 173 173 171 171 636 174 161 128 376 216 815 415
0 0 0 0 0 0 0 0 0 0 0 0 0 0 0 0 61 276 1322 82 96 93 89 150 807 364 174 138 157 381 566 760 432 105 48 99 523 160 115 99 91 394 214 862 923 250 317 424 439 776 0 0 1439 943 909 571 1093 598 510 530 530 348 179 1094 318 179 179 204 169 102 1231 943 2700 690 1828 331 331 502 402 481 487 807 331 184 184 184 184 184 402 159 526 135 130 273 219 360
0 0 0 0 0 0 0 0 0 0 0 0 0 0 0 0 14 14 173 17 45 83 97 404 656 660 13397 1239 178 404 485 925 1451 789 114 1100 3232 71 76 111 104 780 109 252 6174 1677 439 195 837 6163 0 0 1658 950 830 555 1473 543 533 533 484 519 206 191 208 284 214 270 2792 62 25 54 521 4235 501 1256 722 982 668 1612 585 455 259 192 9185 35447 185 185 172 233 157 101 396 252 1270 364
0 0 0 0 0 0 0 0 0 0 0 0 0 0 0 0 0 0 0 0 286 1126 37 1003 432 843 9758 7821 0 0 967 547 1271 1197 615 5665 294 247 58 110 95 142 231 169 185 174 176 460 6647 13851 69839 840 809 823 653 503 534 541 1607 536 1314 489 364 398 390 392 386 342 2715 191 84 185 524 957 611 2027 5160 1461 1281 7350 631 813 1701 225 192 3885 518 186 189 189 2608 164 203 328 262 257
0 0 0 0 0 0 0 0 0 0 0 0 0 0 0 0 0 0 0 0 0 22 34 1434 100 646 4107 10054 21836 447 0 0 0 1579 993 6416 594 906 577 244 28 90 202 159 178 179 179 726 3525 20666 1256 439 429 429 437 486 542 539 3259 519 518 601 431 2612 14374 4512 400 3388 1792 4115 3524 742 679 1173 3757 1333 62421 7115 962 556 551 393 226 226 224 205 187 187 180 0 0 147 813 239 2227 267
0 0 0 0 0 0 0 0 0 0 0 0 0 0 0 0 0 0 0 0 0 8 100 581 62 401 1627 2087 14432 6833 0 0 0 5527 5827 375441 173022 64926 23779 496 2622 3398 4920 157 176 1833 1467 1116 1582 17987 1717 488 432 432 436 556 940 6871 6748 624 694 731 849 535 3272 363 271 2376 234 332 450 461 4089 1227 1163 1090 2431 3987 417 837 353 236 831 220 185 220 188 186 85 0 0 122 161 161 144 132
0 0 0 0 0 0 0 0 0 0 0 0 0 0 0 0 0 0 0 0 0 0 0 0 0 63 130 688 11192 2545 5419 21479 47928 0 0 413173 371778 166230 89679 46016 40053 2054 791 150 166 181 923 1288 2212 5187 4845 475 1038 1167 4029 887 5909 14228 1683 582 833 4646 1294 799 402 338 231 259 235 235 265 283 302 668 4385 664 662 604 481 1367 662 419 315 224 228 202 189 187 86 86 86 101 103 516 368 193
0 0 0 0 0 0 0 0 0 0 0 0 0 0 0 0 0 0 0 0 0 0 0 0 0 1883 23 154 76 424 1078 4441 13738 0 0 2143 1680 36007 50560 1566 508 508 508 507 471 175 161 161 741 1184 1018 896 846 673 592 1337 1616 1505 643 574 784 991 1814 1851 601 638 846 936 935 316 140 131 57 81 296 304 306 305 1691 1060 457 343 340 317 320 204 212 172 157 158 249 256 268 267 262 83
0 0 0 0 0 0 0 0 0 0 0 0 0 0 0 0 0 0 0 0 0 0 0 0 0 0 0 0 0 0 248 277 4840 0 0 0 0 0 39962 7737 1420 668 658 657 608 230 162 162 739 1767 1812 900 1151 1369 691 1124 6972 1267 655 543 583 983 1127 1153 633 964 1102 1016 713 240 860 228 141 64 158 4473 823 301 1356 1258 577 609 598 318 319 205 230 231 230 12824 260 252 274 270 312 340
0 0 0 0 0 0 0 0 0 0 0 0 0 0 0 0 0 0 0 0 0 0 0 0 0 0 0 0 0 0 145 235 0 0 0 0 0 48066 40006 7690 2030 827 767 687 282 274 540 818 2614 7521 2346 1040 1057 363 301 1006 2203 3434 896 1000 1955 0 4159 1434 610 3882 849 850 685 592 10887 9725 142 142 111 304 354 399 504 676 929 744 648 320 319 209 230 463 1234 895 267 253 443 568 438 415
0 0 0 0 0 0 0 0 0 0 0 0 0 0 0 0 0 0 0 0 0 0 0 0 0 0 0 0 0 0 1026 0 0 0 0 0 0 13243 21206 72457 5722 2875 1150 762 676 296 737 1000 2742 1291 951 1181 1039 281 341 878 1959 2385 3630 5287 0 0 2224 711 751 710 654 659 815 825 23233 7683 1555 142 142 284 437 464 474 831 1125 1098 628 328 329 266 237 241 302 594 254 254 446 605 469 417
0 0 0 0 0 0 0 0 0 0 0 0 0 0 0 0 0 0 0 0 0 0 0 0 0 0 0 0 0 0 5127 637 679 798 1499 2547 3474 18019 216038 220599 18033 4388 3392 1949 901 621 1761 4542 2013 1224 925 1230 778 541 616 971 2486 8447 26959 6485 0 0 824 636 741 782 734 586 686 745 1508 1809 703 231 143 140 336 418 418 432 512 614 438 335 335 325 315 311 241 239 250 229 224 151 184 162
0 0 0 0 0 0 0 0 0 0 0 0 0 0 0 0 0 0 0 0 0 0 0 0 0 0 0 0 0 0 110 222 209 253 563 1018 8188 145157 568121 337416 25239 2317 319 760 906 1743 8069 818 426 551 849 1273 725 667 664 2208 1896 20703 237938 58126 0 0 1535 3537 661 772 788 605 575 613 3095 6507 1596 396 141 124 219 271 466 1187 1307 1395 30918 12668 322 282 258 259 264 185 102 97 91 69 59 50
0 0 0 0 0 0 0 0 0 0 0 0 0 0 0 0 0 0 0 0 0 0 0 0 0 0 0 0 0 0 0 1103 1222 2742 1033 6373 15046 79389 289949 246797 19853 1615 823 1285 1585 2527 43739 4138 1267 6940 3869 906 645 624 624 624 1253 8537 1842 1876 0 0 2432 3455 2363 311 464 492 617 562 951 3069 1901 475 137 139 204 133 130 419 1102 1226 20177 7777 569 268 212 325 263 250 229 154 96 92 82 64
0 0 0 0 0 0 0 0 0 0 0 0 0 0 0 0 0 0 0 0 0 0 0 0 0 0 0 0 0 0 0 4148 6661 4778 9890 22120 96410 127847 278974 64430 8743 353 588 1069 1119 6388 938 814 5413 1793 18520 5876 654 693 826 769 962 1007 1453 1639 1775 0 1689 172 172 172 188 563 800 1283 1691 2236 1738 542 323 100 188 302 260 310 383 423 465 549 577 254 309 555 240 398 6449 250 159 94 64 64
0 0 0 0 0 0 0 0 0 0 0 0 0 0 0 0 0 0 0 0 0 0 0 0 0 0 0 0 0 0 0 2157 27145 6216 3466 13248 32199 16699 15811 5065 1096 647 1052 1108 1086 9660 1768 1264 1849 1887 2378 8583 1582 354 357 373 803 1248 5815 11105 7850 1763 1287 255 255 255 255 270 523 831 2258 44764 20908 1182 397 91 114 322 811 700 344 352 227 225 302 311 188 192 212 523 1867 243 177 124 67 69
0 0 0 0 0 0 0 0 0 0 0 0 0 0 0 0 0 0 0 0 0 0 0 0 0 0 0 0 0 0 0 1888 3183 2420 2654 5866 28586 3032 2198 1966 1134 965 1063 1119 5017 80157 24320 2684 2231 664 0 0 2389 865 694 549 790 576 1705 20342 11644 2002 2957 519 286 286 273 239 206 633 1856 3637 2797 658 292 268 226 279 736 28658 13450 1861 524 226 216 130 124 419 361 251 165 103 543 609 610 354
0 0 0 0 0 0 0 0 0 0 0 0 0 0 0 0 0 0 0 0 0 0 0 0 0 0 0 0 0 0 0 5332 1654 1705 2466 5875 8950 1937 1561 1226 473 474 788 746 717 5126 20896 18758 16279 4664 0 0 542 1012 1237 570 1003 1455 2277 21703 18488 1737 2567 3335 262 118 63 63 63 63 2467 3882 3052 313 326 576 2633 2822 929 1249 1043 361 804 477 107 69 115 443 401 191 197 170 284 579 506 264
0 0 0 0 0 0 0 0 0 0 0 0 0 0 0 0 0 0 0 0 0 0 0 0 0 0 0 0 0 0 0 168 21396 3280 2935 10500 62559 3739 2911 97 12 477 1018 784 782 780 781 950 7863 2944 9690 74601 2908 1436 41158 2914 1399 864 895 1090 2595 992 1540 2951 784 63 63 63 63 142 3573 2914 2382 324 379 1741 7118 13192 1887 992 989 330 959 2189 1814 343 309 173 174 212 236 159 955 1504 989 1004
0 0 0 0 0 0 0 0 0 0 0 0 0 0 0 0 0 0 0 0 0 0 0 0 0 0 0 0 0 0 0 0 6175 1892 2460 5525 22922 28294 9757 815 2192 3011 3549 1822 1201 1113 1113 1033 1337 1523 18499 6678 2905 2775 8311 2203 1027 364 361 270 986 916 1390 1845 856 64 64 64 64 73 419 396 285 174 502 396 305 12348 8919 727 681 926 2668 2713 2494 427 385 198 284 136 161 140 1563 63187 26683 1039
0 0 0 0 0 0 0 0 0 0 0 0 0 0 0 0 0 0 0 0 0 0 0 0 0 0 0 0 0 0 0 0 4332 3786 4303 27781 120764 493288 98071 3459 3736 12898 6192 15331 931 537 483 316 1409 944 1196 2614 8940 3816 600 1062 1599 425 1258 308 241 278 877 914 94 64 64 64 65 96 218 226 454 87 87 88 291 395 488 509 376 589 2369 27627 5196 9155 485 653 678 793 1612 1893 6541 8270 1437 1153
0 0 0 0 0 0 0 0 0 0 0 0 0 0 0 0 0 0 0 0 0 0 0 0 0 0 0 0 0 0 0 1 4936 3405 5676 16782 189912 362917 74881 7182 3616 1982 951 488 464 479 310 303 404 405 405 584 431 665 956 10543 3430 829 1547 478 242 248 242 224 208 168 67 64 73 200 244 245 918 172 87 318 439 452 605 830 403 313 416 1128 1096 497 497 661 685 633 880 1754 1112 462 538 420
0 0 0 0 0 0 0 0 0 0 0 0 0 0 0 0 0 0 0 0 0 0 0 0 0 0 0 0 0 0 0 212 4052 4838 6625 39406 37927 20665 7949 1678 1724 663 410 411 432 459 281 269 298 407 407 415 420 609 1213 1137 1317 1012 862 326 307 460 546 613 931 528 118 119 119 226 246 242 456 794 133 88 261 4737 201 97 187 309 400 421 435 468 477 510 564 400 1347 1368 236 170 174 362
0 0 0 0 0 0 0 0 0 0 0 0 0 0 0 0 0 0 0 0 0 0 0 0 0 0 0 0 0 0 0 6289 6043 2550 17712 114970 73953 11938 2917 1468 1387 688 668 484 386 386 226 176 177 215 208 208 207 208 321 489 7451 1231 441 416 411 450 553 937 1081 294 134 133 140 243 228 208 218 308 144 79 65 210 242 130 164 310 0 0 196 191 193 195 196 196 196 256 3673 2297 1417 1338
0 0 0 0 0 0 0 0 0 0 0 0 0 0 0 0 0 0 0 0 0 0 0 0 0 0 0 0 0 0 0 10032 7467 2681 54067 51408 24927 2329 1953 1370 1223 1445 1408 6988 663 1111 438 177 177 426 317 312 306 208 361 486 633 834 512 1041 533 383 477 406 509 226 130 82 77 155 127 183 230 219 219 181 68 72 75 76 81 119 158 0 162 173 184 197 197 197 197 8043 2879 1752 1092 886
0 0 0 0 0 0 0 0 0 0 0 0 0 0 0 0 0 0 0 0 0 0 0 0 0 0 0 0 0 0 0 3087 4051 2628 4676 7408 9701 7129 453 464 735 1184 3371 12131 3764 2042 1609 557 169 460 641 641 436 206 410 428 328 427 699 1994 2417 349 662 547 135 135 151 81 68 68 172 275 274 264 242 219 144 93 92 94 97 109 113 120 0 0 0 0 197 197 167 898 186 351 536 482
0 0 0 0 0 0 0 0 0 0 0 0 0 0 0 0 0 0 0 0 0 0 0 0 0 0 0 0 0 0 0 5039 2707 2833 11551 175209 34412 2357 1368 1283 1217 854 35031 13838 1461 214 154 154 154 459 643 643 533 178 181 260 252 261 1399 4877 14054 3181 1380 465 286 232 235 196 69 69 180 276 276 276 282 282 106 234 274 166 109 484 1087 1193 145 145 145 163 198 144 129 143 145 182 302 303
0 0 0 0 0 0 0 0 0 0 0 0 0 0 0 0 0 0 0 0 0 0 0 0 0 0 0 0 0 0 0 3103 2296 1428 3254 18474 10393 2215 1512 1201 1156 2368 6595 879 301 87 110 154 220 856 886 887 240 45 45 54 39 42 1373 7134 12016 8154 7828 621 576 448 269 275 383 371 526 679 280 278 285 288 267 735 869 1063 20031 7210 2252 1510 146 146 146 164 210 177 187 158 171 176 213 258
0 0 0 0 0 0 0 0 0 0 0 0 0 0 0 0 0 0 0 0 0 0 0 0 0 0 0 0 0 0 0 5240 3024 2160 2348 3455 2998 1030 1161 1001 1028 1458 640 184 36 35 35 64 414 793 811 844 45 45 45 39 39 39 39 1945 12102 70169 115729 88005 1169 418 285 257 149 1240 2895 3460 1506 299 289 289 317 851 1121 21043 22860 2794 1358 1187 1181 272 147 164 235 235 406 400 323 225 177 3398
0 0 0 0 0 0 0 0 0 0 0 0 0 0 0 0 0 0 0 0 0 0 0 0 0 0 0 0 0 0 0 24294 1727 3609 15086 6877 1081 687 723 590 319 317 227 63 63 63 63 63 53 45 45 45 45 45 45 39 39 39 39 44 979 4090 3764 1918 2358 1855 376 240 149 173 429 604 482 392 335 312 811 1046 3733 34546 13741 586 217 349 5254 2295 153 162 178 228 686 616 540 540 502 278
0 0 0 0 0 0 0 0 0 0 0 0 0 0 0 0 0 0 0 0 0 0 0 0 0 0 0 0 0 0 7301 6600 1925 2841 32466 4867 879 713 680 475 335 380 261 64 64 64 64 64 51 45 45 45 45 45 45 40 39 39 39 44 89 89 507 1719 7981 4089 723 804 1796 1318 547 575 576 958 638 1161 1042 3657 13290 3916 1534 1037 170 223 476 364 168 168 168 198 798 887 831 666 12794 324
0 0 0 0 0 0 0 0 0 0 0 0 0 0 0 0 0 0 0 0 0 0 0 0 0 0 0 0 0 0 2069 1717 1806 1401 7213 804 1205 1442 652 388 420 484 317 64 64 64 64 64 50 45 45 45 45 45 45 40 39 39 39 44 89 89 89 165 311 688 296 491 3348 4024 1963 838 868 1125 0 2036 1587 4251 56993 2317 1196 543 542 1042 1580 400 246 194 169 169 378 570 4656 4462 431 151
0 0 0 0 0 0 0 0 0 0 0 0 0 0 0 0 0 0 0 0 0 0 0 0 0 0 0 0 0 0 2510 1318 1034 1316 6983 5835 6042 1190 659 546 493 486 484 423 193 64 64 64 64 64 56 46 46 46 46 40 39 39 39 45 90 90 90 90 90 90 90 97 7757 17094 35300 1879 14401 12863 0 0 965 464 875 1501 1478 1029 714 1176 2515 444 425 404 193 170 170 185 216 216 173 29
0 0 0 0 0 0 0 0 0 0 0 0 0 0 0 0 0 0 0 0 0 0 0 0 0 0 0 0 0 0 3389 2880 1973 1768 41889 8814 92729 3096 708 551 5733 1653 516 387 635 970 605 64 64 64 56 46 46 46 46 41 40 40 40 45 90 90 90 90 90 90 90 97 645 1329 3393 1116 4016 2284 344 345 507 554 823 1402 1767 1648 1256 1289 146 191 398 289 161 163 166 175 210 210 199 30
0 0 0 0 0 0 0 0 0 0 0 0 0 0 0 0 0 0 0 0 0 0 0 0 0 0 0 0 0 0 1026 3607 3672 3432 3771 4921 6054 19171 762 565 19386 20915 1597 346 768 1159 1137 275 65 65 56 46 46 46 46 41 40 40 40 45 90 90 90 90 90 90 90 98 139 258 297 541 518 353 346 346 658 657 655 1241 3331 3543 1213 1306 125 130 160 136 47 47 86 95 95 91 44 43
