data/pop/popcount/gpw_pop_counts_1d_1995a.asc
ncols 360
nrows 180
xllcorner -180
yllcorner -90
cellsize 1
NODATA_value -99
[rows 0 to 54 of 180, columns 192 to 287 of 360]
-99 -99 -99 -99 -99 -99 -99 -99 -99 -99 -99 -99 -99 -99 -99 -99 -99 -99 -99 -99 -99 -99 -99 -99 -99 -99 -99 -99 -99 -99 -99 -99 -99 -99 -99 -99 -99 -99 -99 -99 -99 -99 -99 -99 -99 -99 -99 -99 -99 -99 -99 -99 -99 -99 -99 -99 -99 -99 -99 -99 -99 -99 -99 -99 -99 -99 -99 -99 -99 -99 -99 -99 -99 -99 -99 -99 -99 -99 -99 -99 -99 -99 -99 -99 -99 -99 -99 -99 -99 -99 -99 -99 -99 -99 -99 -99
-99 -99 -99 -99 -99 -99 -99 -99 -99 -99 -99 -99 -99 -99 -99 -99 -99 -99 -99 -99 -99 -99 -99 -99 -99 -99 -99 -99 -99 -99 -99 -99 -99 -99 -99 -99 -99 -99 -99 -99 -99 -99 -99 -99 -99 -99 -99 -99 -99 -99 -99 -99 -99 -99 -99 -99 -99 -99 -99 -99 -99 -99 -99 -99 -99 -99 -99 -99 -99 -99 -99 -99 -99 -99 -99 -99 -99 -99 -99 -99 -99 -99 -99 -99 -99 -99 -99 -99 -99 -99 -99 -99 -99 -99 -99 -99
-99 -99 -99 -99 -99 -99 -99 -99 -99 -99 -99 -99 -99 -99 -99 -99 -99 -99 -99 -99 -99 -99 -99 -99 -99 -99 -99 -99 -99 -99 -99 -99 -99 -99 -99 -99 -99 -99 -99 -99 -99 -99 -99 -99 -99 -99 -99 -99 -99 -99 -99 -99 -99 -99 -99 -99 -99 -99 -99 -99 -99 -99 -99 -99 -99 -99 -99 -99 -99 -99 -99 -99 -99 -99 -99 -99 -99 -99 -99 -99 -99 -99 -99 -99 -99 -99 -99 -99 -99 -99 -99 -99 -99 -99 -99 -99
-99 -99 -99 -99 -99 -99 -99 -99 -99 -99 -99 -99 -99 -99 -99 -99 -99 -99 -99 -99 -99 -99 -99 -99 -99 -99 -99 -99 -99 -99 -99 -99 -99 -99 -99 -99 -99 -99 -99 -99 -99 -99 -99 -99 -99 -99 -99 -99 -99 -99 -99 -99 -99 -99 -99 -99 -99 -99 -99 -99 -99 -99 -99 -99 -99 -99 -99 -99 -99 -99 -99 -99 -99 -99 -99 -99 -99 -99 -99 -99 -99 -99 -99 -99 -99 -99 -99 -99 -99 -99 -99 -99 -99 -99 -99 -99
-99 -99 -99 -99 -99 -99 -99 -99 -99 -99 -99 -99 -99 -99 -99 -99 -99 -99 -99 -99 -99 -99 -99 -99 -99 -99 -99 -99 -99 -99 -99 -99 -99 -99 -99 -99 -99 -99 -99 -99 -99 -99 -99 -99 -99 -99 -99 -99 -99 -99 -99 -99 -99 -99 -99 -99 -99 -99 -99 -99 -99 -99 -99 -99 -99 -99 -99 -99 -99 -99 -99 -99 -99 -99 -99 -99 -99 -99 -99 -99 -99 -99 -99 -99 -99 -99 -99 -99 -99 -99 -99 -99 -99 -99 -99 -99
0 0 0 0 0 0 0 0 0 0 0 0 0 0 0 0 0 0 0 0 0 0 0 0 0 0 0 0 0 0 0 0 0 0 0 0 0 0 0 0 0 0 0 0 0 0 0 0 0 0 0 0 0 0 0 0 0 0 0 0 0 0 0 0 0 0 0 0 0 0 0 0 0 0 0 0 0 0 0 0 0 0 0 0 0 0 0 0 0 0 0 0 0 0 0 0
0 0 0 0 0 0 0 0 0 0 0 0 0 0 0 0 0 0 0 0 0 0 0 0 0 0 0 0 0 0 0 0 0 0 0 0 0 0 0 0 0 0 0 0 0 0 0 0 0 0 0 0 0 0 0 0 0 0 0 0 0 0 0 0 0 0 0 0 0 0 0 0 0 0 0 0 0 0 0 0 0 0 0 0 0 0 0 0 0 0 0 0 0 0 0 0
0 0 0 0 0 0 0 0 0 0 0 0 0 0 0 0 0 0 0 0 0 0 0 0 0 0 0 0 0 0 0 0 0 0 0 0 0 0 0 0 0 0 0 0 0 0 0 0 0 0 0 0 0 0 0 0 0 0 0 0 0 0 0 0 0 0 0 0 0 0 0 0 0 0 0 0 0 0 0 0 0 0 0 0 0 0 0 0 0 0 0 0 0 0 0 0
0 0 0 0 0 0 0 0 0 0 0 0 0 0 0 0 0 0 0 0 0 0 0 0 0 0 0 0 0 0 0 0 0 0 0 0 0 0 0 0 0 0 0 0 0 0 0 0 0 0 0 0 0 0 0 0 0 0 0 0 0 0 0 0 0 0 0 0 0 0 0 0 0 0 0 0 0 0 0 0 0 0 0 0 0 0 0 0 0 0 0 0 0 0 0 0
0 0 0 0 0 0 0 0 0 0 0 0 0 0 0 0 0 0 0 0 0 0 0 0 0 0 0 0 0 0 0 0 0 0 0 0 0 72 0 0 0 0 41 0 0 97 63 0 0 0 0 0 0 0 0 0 0 0 0 0 0 0 0 0 0 0 0 0 0 0 0 0 0 0 0 0 0 0 0 0 7 20 21 21 20 10 0 0 0 0 0 0 0 0 0 0
133 0 180 0 140 88 30 0 0 0 0 0 0 0 0 0 0 0 0 0 0 0 0 0 0 0 0 0 0 0 0 0 0 0 0 0 0 0 0 0 0 0 0 0 0 0 0 0 0 0 0 0 0 0 0 0 0 0 0 0 0 0 0 0 0 0 0 0 0 0 0 0 0 0 0 0 0 0 0 0 0 0 15 24 25 24 24 21 0 0 0 0 0 0 0 0
76 84 154 0 231 152 71 0 12 12 0 0 0 0 0 0 0 0 0 0 0 0 0 0 0 0 0 0 0 0 0 0 0 0 0 0 0 0 0 0 0 0 0 0 0 0 0 0 0 0 0 0 0 0 0 0 0 0 0 0 0 0 0 0 0 0 0 0 0 0 0 0 0 0 0 0 0 0 0 0 0 0 0 0 0 0 0 0 16 22 21 21 16 0 0 0
0 0 159 199 183 129 0 0 0 0 0 0 0 0 0 0 0 0 0 0 0 0 0 0 0 0 0 0 0 0 0 0 0 0 0 0 0 0 0 0 0 0 0 0 0 0 0 0 0 0 0 0 0 0 0 0 0 0 0 0 0 0 0 0 0 0 0 0 0 0 0 0 0 0 0 0 0 0 0 0 0 0 0 0 0 0 0 0 0 0 0 19 20 11 0 0
0 0 0 0 0 0 0 0 0 0 0 0 0 0 0 0 0 0 0 0 0 0 0 0 0 0 0 0 0 0 0 0 0 0 0 0 0 0 0 0 0 0 0 0 0 0 0 0 0 0 0 0 0 0 191 192 0 0 0 0 0 0 0 0 0 0 0 0 0 0 0 0 0 0 0 0 0 0 0 0 0 0 0 9 0 0 0 0 0 30 32 37 43 45 45 0
0 0 0 0 0 0 0 0 0 0 0 0 0 0 0 0 0 0 0 0 0 0 0 0 0 0 0 0 0 0 0 0 0 0 0 0 0 0 0 0 0 0 0 0 0 0 184 230 237 179 0 0 0 0 0 0 0 0 0 0 0 0 0 0 0 0 0 0 0 0 0 0 0 0 0 0 0 16 21 23 27 32 35 34 33 34 35 36 49 54 60 67 67 67 67 67
0 0 0 0 0 0 0 0 0 0 0 0 0 0 0 0 0 0 0 0 0 0 0 0 0 0 0 0 0 0 0 0 0 0 0 0 0 0 0 0 0 0 0 0 235 260 201 0 0 0 0 0 0 0 0 0 0 0 0 0 0 0 0 0 0 0 0 0 0 0 0 0 0 0 0 35 37 37 37 37 37 37 37 37 37 37 40 43 62 72 72 72 72 72 72 72
0 0 0 0 0 0 0 0 0 0 0 0 0 0 0 0 0 0 0 0 0 0 0 0 0 0 0 0 0 0 0 0 0 0 0 0 0 0 0 0 0 0 223 273 227 0 0 0 0 0 0 0 0 0 0 0 0 0 0 0 0 0 0 0 0 0 0 0 0 24 25 26 29 30 35 39 109 157 174 64 47 46 43 45 64 74 76 76 76 76 76 76 76 76 59 41
0 0 0 0 0 0 0 0 0 0 0 0 0 0 0 0 0 0 0 0 0 0 0 0 0 0 0 0 0 0 0 0 0 0 0 0 0 0 0 0 0 292 303 186 0 0 0 0 0 0 0 0 0 0 0 0 0 391 396 392 253 0 0 199 0 0 0 0 0 27 53 81 74 143 473 478 639 827 828 676 269 83 81 81 81 81 81 81 81 81 81 81 81 76 80 81
0 0 0 0 0 0 0 0 0 0 0 0 0 0 0 0 0 0 0 0 0 0 0 0 0 0 0 0 0 0 0 0 0 0 0 0 0 0 0 0 202 251 315 246 0 0 0 0 0 0 0 0 0 0 0 0 390 476 476 466 0 0 531 0 312 370 487 420 186 110 76 102 145 145 145 145 448 866 873 873 873 391 85 85 85 85 85 85 85 85 85 85 85 85 85 85
0 0 0 0 0 0 0 0 0 0 0 12031 0 3666 2400 2620 2781 7509 0 0 0 0 0 0 0 0 0 0 0 0 0 0 0 0 0 0 0 0 0 0 0 0 0 122 0 0 0 0 0 0 0 0 0 0 0 381 501 501 447 501 332 0 515 569 575 573 547 503 326 152 118 109 153 176 530 469 667 915 919 919 903 432 90 90 90 90 90 90 90 90 90 90 90 90 90 90
0 0 0 0 0 0 33767 39008 8189 4443 5741 6244 3134 2495 1757 1629 3213 11394 12957 12175 55498 0 0 0 0 0 0 0 0 0 0 0 0 0 0 0 0 0 0 0 0 0 0 0 0 0 0 0 0 279 257 223 0 0 0 0 474 515 494 523 302 0 527 469 515 604 601 404 270 270 199 149 312 870 938 836 277531 887 894 880 254 93 92 84 77 70 67 64 69 73 78 82 80 80 75 71
0 0 0 23314 32923 26057 9016 7022 6123 4462 3287 2218 1994 2583 2653 2583 8032 17351 14118 13516 79267 152313 4876 5405 18458 15204 0 0 0 0 0 0 0 0 0 0 0 0 0 0 204 262 0 0 222 242 333 0 277 367 369 568 10534 5820 445 298 0 544 547 539 501 0 0 1413 1855 470 625 632 632 632 575 597 818 1022 1042 951 924 933 863 919 886 598 107 60 61 61 61 61 61 61 58 61 61 61 60 59
0 0 0 19203 6939 2968 4086 5468 6207 6115 5119 5899 5719 5065 4418 3155 1896 10729 28720 41878 97012 83196 28129 1597 1536 1532 1532 1531 1248 0 0 0 343 0 0 0 0 359 380 386 403 450 27456 472 466 459 505 611 525 1496 13046 35112 46574 30950 2173 503 504 562 575 545 0 0 828 1306 1687 1537 853 644 660 659 519 547 828 4644 5419 3117 1474 785 799 520 103 62 62 62 63 63 63 63 63 63 63 63 63 63 63 62
0 19491 20283 10459 1511 1274 1568 1994 8226 17139 25508 16935 25697 48215 12350 11838 7433 16387 14266 13887 12792 4225 0 1424 1677 1906 1976 1729 924 0 0 0 876 610 362 375 517 712 1142 1636 2011 2912 2864 2627 2627 53317 4395 10239 10239 10784 29365 27027 10289 690 66146 524 554 709 716 0 0 1163 1360 1506 103382 2391 2328 1283 552 527 419 454 476 1877 4702 2104 459 297 105 66 66 64 64 65 66 66 66 66 66 66 66 66 66 66 697 967
22394 12747 4985 4413 3450 2470 7147 14612 44123 55004 0 0 0 89414 12049 9497 11589 12112 4924 4251 4571 5355 0 0 0 0 0 0 5610 4541 3559 3115 2734 2705 2593 2331 2732 2227 2091 2091 2460 6127 6150 4059 3881 68069 4863 9255 10496 7840 3179 901 901 885 877 722 576 678 1152 1414 52629 1414 1414 1788 2456 2486 2486 2072 534 421 421 427 471 495 495 469 412 123 68 68 69 69 69 69 69 69 69 69 69 69 69 69 69 70 832 1573
11163 3841 7876 6402 5605 6043 11036 21802 73175 0 0 0 62355 100132 26871 36798 15867 11189 38801 4628 5545 10699 28458 0 0 0 4902 253443 468627 9474 9423 7824 6786 4048 3010 3019 3008 3040 2996 5823 22993 14960 7109 6710 4243 3233 3143 2560 2266 1768 1618 1233 1248 1300 997 956 855 788 1165 1468 1468 1468 1777 2297 2581 2581 2574 1968 421 437 437 437 438 456 514 485 514 421 307 213 71 71 71 71 71 71 71 71 71 71 71 71 71 198 918 1202
14682 8725 43247 26940 17893 35529 40356 0 0 0 69464 82255 37077 35499 36223 74919 28500 22535 15526 7215 9363 12415 47573 12478 8098 4576 30923 8637 15372 12602 11886 8909 8160 7512 6439 3732 3258 3591 6479 7982 27878 75682 18303 8410 3520 20659 2510 1895 1833 1833 1833 1833 2371 3555 19510 1146 1146 1162 1356 1858 2466 2729 31202 100605 2726 2675 2675 2097 1071 457 452 452 452 493 533 501 530 530 533 507 288 249 146 89 73 73 74 78 100 103 95 74 74 74 204 356
6892 6516 12916 16608 78956 87813 0 0 0 50732 104415 59929 47723 167238 41995 133432 53036 95432 39523 11912 10687 11684 48026 13703 13108 12894 15241 16665 21846 16168 11508 10883 8601 7815 8706 6631 8854 23634 17986 8257 8032 19530 22344 5628 3590 3590 3590 2796 1897 2454 3804 4316 5192 70433 6492 3235 1959 2006 2297 4370 4505 4493 53288 4468 2898 48941 2093 2012 1667 1404 1312 1031 702 539 551 551 533 538 495 394 364 367 367 361 301 352 290 314 293 282 270 239 177 77 266 384
11713 9017 21248 30102 78162 0 0 0 0 156400 97435 288999 135384 81496 52687 76027 103063 60680 42028 27381 24170 27498 296679 0 12075 15425 15746 19556 26864 35741 31213 21164 18647 16841 99570 60791 14141 24170 165203 100591 8008 8496 8510 8687 7546 7742 8140 8204 6556 11023 13575 14707 14125 11114 6094 4563 2139 37804 2764 4755 101153 267408 4167 45871 8892 1616 1616 1575 1616 1616 1616 1619 1560 1414 1164 1043 803 531 524 376 629 602 551 397 379 379 379 336 291 291 291 291 259 257 392 396
43015 26992 56567 138608 147652 138190 0 0 0 0 318898 140665 829431 597394 158174 57724 0 526772 615065 0 18680 50981 37918 16323 19607 17613 23175 26356 27492 24635 26524 19982 17665 20084 69604 34011 21322 13783 10557 8484 12977 10798 9430 12284 12313 12558 13237 57814 20539 8230 6464 9162 46794 4090 3777 2752 2737 2790 5098 6512 44541 6282 4484 1939 290378 1970 48821 1967 1971 1972 2017 2170 2202 2309 2309 2309 2229 1810 1825 1881 2303 2404 2403 795 391 391 391 690 329 300 300 300 328 393 409 409
75005 148316 129497 218455 320759 961970 921109 0 0 0 0 0 0 0 0 0 149438 1396340 3096867 108030 146219 111936 46226 26704 27716 352493 51095 350822 79797 24783 23130 17146 21254 25440 26594 21957 28421 26834 15144 22673 34199 26913 65021 33297 304088 62814 76923 46203 201342 15815 5308 3434 4074 4108 4170 4394 3558 2687 2751 3796 5146 4952 4952 4562 2596 2176 2174 2160 2218 2267 2530 3680 3944 3938 3947 3394 2732 2380 2337 2353 2473 2478 3839 5058 3736 4724 5354 6780 5821 5028 2877 708 312 403 422 422
204159 171037 0 261291 197267 0 0 0 0 0 42183 0 94709 121636 188928 0 39899 84921 48948 304406 47309 64432 92472 49887 47317 50974 0 64749 72037 76374 53199 37584 42560 67948 36429 35272 91654 579903 210292 59085 177849 51130 81450 167307 722006 241915 53130 188903 151379 26557 28919 25769 10339 54491 9055 10436 125333 6044 8199 5494 3104 4548 5707 3874 2323 2340 2504 2545 2927 5860 41450 10979 6492 5942 7719 6330 3095 2456 2450 2420 103141 6253 9041 8154 7091 7099 7058 7058 6764 6261 117487 4808 2850 526 997 2648
580427 181412 198393 88519 82173 0 52569 0 0 0 83181 0 502663 145795 110409 104874 290888 65336 47470 72165 38441 111714 148669 119874 80684 86675 359992 827840 575513 345380 204541 51072 53889 78832 89079 66984 83651 82706 52329 51702 90354 107050 180994 133333 570903 66860 44044 338527 373323 295263 61137 114955 51586 600371 35956 23395 12888 13155 15317 15481 11727 18640 12465 12200 5040 4285 3987 3449 4410 8556 13091 26542 33601 65867 12289 8751 7687 8106 8630 9779 16947 20851 13543 14248 15189 9644 8408 12554 10602 5085 7884 18519 12855 3173 3831 4595
0 215351 205810 164229 0 0 0 0 0 234999 207094 398794 555686 163394 172691 141434 77345 64450 176269 54472 64385 41795 141223 476019 434484 451291 510038 184933 769884 475245 192944 1890027 461830 85716 110503 983100 141891 167908 147845 150385 169171 886639 305743 115384 103530 123878 88517 198161 1647027 352089 204323 165738 64833 71184 115837 41827 42391 102463 39260 24170 16119 24871 62079 27980 18644 14483 6668 6590 7600 8248 10756 39200 574452 81276 145789 62519 34240 49124 220839 29216 720666 117296 42248 154369 39111 28867 30819 13749 15139 297597 15144 23234 21787 64169 3997 5524
1829505 517490 0 0 0 0 0 0 0 469998 230138 383571 351799 190540 239010 147870 279111 105685 468496 63443 85235 104126 110625 145596 651231 11391271 1518104 359594 203565 163781 371594 347632 155813 145964 225887 349167 488116 1073080 183908 315820 766974 110081 167524 146583 99803 78863 78845 298124 291229 1418998 77997 75199 81353 438185 50129 45475 45116 53375 39469 49389 76094 663445 90686 50679 44447 30697 106135 13931 21489 33157 734918 319400 167581 99731 651542 28386 27084 103606 51176 25011 264206 39043 78463 21545 27450 8931 45620 7168 15458 16433 16239 9465 6609 3775 4166 6012
0 272645 0 0 202504 493838 866195 0 793157 257115 242798 664235 358445 799997 333074 196885 358253 165403 323143 437224 179050 80113 100451 146805 535894 1065023 454054 724956 127271 175612 118175 140860 173997 522915 195094 163883 842815 229206 137147 111161 397566 364695 187564 401159 999365 95361 167937 197505 169306 333638 60416 53776 61482 53977 47152 58869 68951 304877 61396 84873 78457 729183 81669 45408 33560 38235 40743 40693 39055 48874 189002 740830 59435 71389 574853 25112 10069 38450 38026 36163 22463 19156 18567 14933 7732 5698 39420 25398 68591 27348 33797 6596 4125 4321 5166 5390
360440 472272 561925 609509 444093 662077 989099 682791 474765 417275 393697 689125 280424 433169 337087 2033320 198589 360508 556679 179441 203136 189256 727562 117008 189888 269077 571313 222857 158487 176376 133684 174743 358723 528396 244652 142077 322686 958570 1436235 170620 157713 95711 90106 258179 391341 27663 271503 339719 92199 67592 58251 384723 46095 44051 45611 61943 63261 205911 67166 34726 28292 34550 45976 36306 43277 52230 117839 53812 49142 94884 72271 786784 160189 50948 306772 787406 126563 43295 45409 447687 25209 15178 14055 9479 4612 3293 4452 7542 17429 46494 93923 130122 31230 19734 6215 0
571839 4111604 655825 493159 933778 978252 748053 842585 1724298 1414118 511557 658060 257176 220822 345207 264992 136085 326322 502592 506984 279569 205639 150846 245271 499305 186548 285496 752915 275467 584623 151572 160201 142937 122385 111086 300135 81335 174303 87597 70926 157100 87834 62933 199212 70287 36213 121425 46394 42981 83601 84087 102288 41368 33194 46697 43587 45660 59300 97185 31773 22477 24862 16458 21097 215177 270721 52689 62348 66553 68080 93301 62305 80764 325035 40297 40840 17971 15010 21885 27814 11228 10940 9813 2668 1118 1146 1949 1365 2203 13307 28524 428825 716686 28436 19122 17740
1699517 1338199 1031561 760341 1003065 1032997 749903 1658276 901252 929149 941935 413136 293403 250783 277304 172152 160047 136791 160953 602292 253880 472129 243173 291398 657250 436314 200440 1265102 196515 171613 221621 187046 80116 771931 644441 159633 103381 53914 45273 279635 60646 58545 75710 645937 59878 107842 462987 47565 30721 24124 21335 22594 15699 30515 36678 30593 65853 43629 51692 336254 32914 28661 10411 153023 17651 17949 27388 35035 45583 244885 66071 34895 37278 42425 77708 8716 10048 15011 26945 18511 19404 21262 105668 5256 3972 4807 9161 10045 6325 11360 16268 38122 33757 30062 70729 431162
1892035 1171547 2142828 1037874 1148592 914491 2394277 2612996 1298199 1018528 853187 594145 589851 641544 711614 410991 667728 364925 3350275 351899 381610 348166 624780 301424 1403040 220138 249932 287315 203089 158385 97198 140878 97720 213555 69915 56083 55658 22516 26688 26401 27950 29211 35465 35024 48580 305130 55251 55548 14005 11655 8984 7071 9190 13398 81603 16535 15944 13529 18434 27087 153074 163294 25650 15413 12328 9859 16010 25194 374257 79306 182950 136223 23236 12329 11092 7351 5354 8402 17845 18599 9371 13431 12634 7489 6348 8988 10771 11022 9550 11022 14819 17343 24286 29342 42717 49938
723806 650335 739843 630238 1193968 1124020 2114048 1389994 1096246 845909 687928 1243948 1172765 750552 586644 537867 952591 356830 642211 539690 555380 669013 602557 326198 1449940 352712 274589 163426 125921 76444 61298 97550 68609 71055 33398 18619 17443 15917 11856 15654 16081 16878 16810 21114 31706 38861 24976 10869 7711 5593 6239 6304 7034 10660 9145 5302 10175 10992 9018 16207 474990 441812 20991 16204 13193 7201 6829 9984 22306 31974 272372 49020 92383 20085 17597 11304 17969 22267 20353 15121 14747 13158 15360 12064 9664 10418 10975 11092 11314 12078 13498 13499 18690 24361 24361 24515
1042732 851889 964963 560340 2373833 1413772 904880 628422 687693 1033452 913702 626440 793165 966599 843494 641195 522870 462029 506615 313117 547359 593409 1066796 1248088 305368 1891238 2438598 1309680 409256 110191 77251 92122 1439031 65991 83338 10465 9954 9085 13483 18040 14445 10371 11584 7282 9082 16392 10578 8367 5385 3905 3212 4193 4736 3187 2430 5216 2719 5211 24350 5040 9498 11777 10231 10497 10373 6986 5488 12203 26707 27899 28457 22293 22996 26057 50639 70248 58865 32595 31752 13028 11869 10457 10472 9995 9854 9935 11531 12463 13234 13488 13639 13771 45819 58128 58839 50123
669063 632996 373554 791180 718932 808976 1203787 2654710 717548 742729 709333 726500 591238 664606 854551 1099801 1314586 497526 225240 326150 243718 818888 611146 1136177 229439 1646986 800896 1557344 739298 169329 270674 67452 33722 22635 34413 36810 33326 20188 19589 162925 51965 15465 18580 4852 3857 4509 7580 7492 7557 9998 6358 2938 1984 2025 2047 198865 2143 4797 5232 7698 7183 6586 5947 6701 3857 5125 5399 19770 32487 41664 24320 58981 29185 39071 46405 77072 66289 24323 30484 14924 11343 10859 9136 8923 10114 9324 7223 9095 13393 13784 14033 18704 63154 65792 65792 65792
609155 556026 967532 974936 825031 555187 651852 599663 720411 560215 620440 779701 758520 581142 855259 882221 1036371 860873 1577250 0 924611 349552 185757 0 0 0 256632 286090 215326 209862 85752 51519 125128 14490 19830 343168 380450 17771 0 0 4230 16852 16260 11664 6355 4381 7530 9058 0 11221 14232 12192 9718 6330 4347 2415 2935 5184 5184 6448 7162 4915 78677 26946 11481 11428 5727 12585 32205 35514 68047 166543 119343 41188 13432 15430 19158 24400 28071 13103 12511 9603 6916 6679 7452 6910 5639 5634 6602 13896 15235 15285 36074 33636 33335 37804
1622736 0 488990 913348 849456 504362 753764 818562 799936 605867 515724 644187 799020 1137131 866729 888513 634279 261665 0 0 0 425085 414609 0 0 226326 677697 926347 516908 590872 235022 138780 55322 22873 17029 78336 0 0 0 0 2016 4455 3435 6123 5517 4579 5894 0 0 14156 15776 12511 13766 14847 14768 12996 9539 8281 7547 8088 8668 6338 10522 11106 18854 24511 147843 62725 69643 63764 70556 36028 81769 132488 59160 45757 18480 25346 49648 19788 12845 7966 7057 7057 7002 6851 6023 5557 5786 14381 15343 12165 7025 6982 6982 6982
0 0 0 246830 546011 586986 593074 827754 917220 827832 665679 749084 806058 1077246 2849242 662481 590429 0 0 0 0 0 0 0 0 0 310122 459167 507405 563311 477416 661499 209824 85135 56622 0 0 0 0 7524 5431 4785 5582 5860 5399 5405 0 0 0 15279 15165 13314 14808 169641 24713 22974 9802 9122 12048 11431 8968 10147 29235 41219 75325 69036 119644 93605 286256 363846 131332 89378 264182 419092 563245 307842 149200 133973 93459 43108 26148 24741 13822 7336 7181 7023 5837 5649 5837 8897 13120 7466 4099 5620 6522 6273
1082866 701744 0 0 491785 591815 576769 714316 994598 966891 803593 581403 659264 642297 620029 672873 0 0 0 0 0 0 0 0 0 0 0 0 359664 258447 319321 623165 597561 736044 506709 0 0 0 0 178859 60810 4590 4099 4451 5497 4805 61285 76029 19385 26700 11708 6957 8255 16998 31906 39105 233177 83220 76409 96624 73453 113507 146331 80805 1212069 437711 96998 65149 153188 608575 245930 235073 116758 91968 190663 1495810 144562 128926 51529 39400 30362 28529 11812 8393 7329 6782 5937 4380 3671 3469 3348 3409 3409 3409 3409 3466
1810741 1019181 0 0 0 0 275021 501566 1230975 1219778 695965 1622711 741385 651199 533646 424811 0 0 0 0 0 0 0 0 0 0 0 0 0 0 736938 373507 512708 206893 244890 516662 0 0 0 0 2018 4122 4594 4052 5587 20175 153508 662664 148671 107425 7817 30391 5418 7185 30391 41310 96245 712574 204576 451837 126215 192086 1077552 234937 163091 0 156559 68992 106578 125220 127523 140157 48434 77198 98478 43101 78465 92191 40657 38654 36669 36669 36531 34548 6180 3048 3281 2945 2286 2544 3142 3428 3465 3472 6382 19643
0 1461406 1381392 873784 0 0 0 900923 840561 729154 650875 443870 593001 581141 540466 517503 0 0 0 0 810738 264526 338272 637279 0 0 0 0 0 459057 366802 350813 1876258 665534 391597 319640 505558 0 0 0 0 101 5400 5118 14661 70615 113223 249521 1113801 200645 45115 9198 81003 8436 26881 56182 306524 3608823 326147 900880 441540 235725 57761 73558 59348 41481 74386 145496 133379 155176 155429 206975 51890 213846 137240 34649 38738 63992 31421 31471 31380 36940 39874 25992 2529 1893 1729 1708 1727 1640 1808 2885 7741 16249 21277 327253
0 0 0 1268244 1138366 0 0 719051 658016 366121 699282 846525 0 0 369367 0 0 2616436 1118074 725278 877146 596935 446397 555851 725971 870831 580663 677439 669100 341646 314700 532211 2470045 473522 805625 754877 422731 1533711 0 0 0 17971 5682 9134 17438 74520 96160 65654 34063 27620 180144 116688 313423 473889 338567 439645 1090658 1470643 1222859 2404342 2486106 411653 77563 26248 77589 73109 50893 113981 132892 182237 54272 58401 16441 11436 11345 10888 8018 5505 509 1025 3052 29307 39917 31227 42909 112125 67211 66888 8437 2429 2830 2852 5464 17470 229535 516831
0 0 0 0 880823 0 0 0 330543 357202 457427 0 0 0 397461 1000340 876417 688871 456013 529208 1229865 969183 425151 436852 324060 252049 265494 212338 291463 381320 431339 402339 622071 435054 437620 649137 734146 0 0 0 0 75607 100029 14526 21779 47161 72021 50766 55737 78260 72667 354017 643306 457306 1636007 1002336 352325 326626 153710 147542 92718 62769 30161 448688 591502 297939 145352 143274 143552 159853 41724 23042 3334 3332 3061 1492 1509 1490 1192 1520 6838 19874 19018 4747 22477 59802 375120 255811 359055 5444 29865 58020 19546 17558 800654 52265
0 0 0 0 0 0 0 0 0 362223 317161 1988987 0 0 0 1734535 1094926 635044 502091 479438 481237 431324 507400 549596 654740 573294 610445 582119 606772 618297 356153 325143 604390 645677 709855 736344 872637 0 0 0 0 0 23998 69621 116685 67994 120565 56821 72525 122244 77712 94647 105833 611052 411664 674826 1571907 532022 128618 66874 16261 9906 31575 70843 459476 484246 129809 103813 139694 67113 28267 4368 3379 3299 3375 1794 1544 1498 3137 5149 5858 5926 6374 7116 8975 12167 17144 23279 507836 291981 548975 187784 20058 307903 1106746 59964
0 1351380 1806483 0 0 0 0 0 0 345571 348233 0 0 0 0 636981 745587 565024 471119 513841 465703 379197 647155 1042848 935979 968223 708206 639228 671345 610223 436095 382942 490815 431550 745571 725108 909362 0 0 0 0 0 406207 790097 286806 216838 174316 101100 98901 251651 160132 78972 100765 224981 409236 754106 956554 835785 198075 131941 56973 52138 35799 17305 228289 108188 54424 261979 130036 49082 25904 5224 3425 3383 3425 2990 1513 1415 2631 7032 7682 7577 6658 7652 16013 20050 14952 29676 58157 455713 856833 523093 281324 592239 678039 301968
0 0 0 0 0 0 0 0 0 0 0 0 0 0 0 0 0 406266 290967 0 456420 727214 0 0 1693757 1500027 841944 408822 455805 448834 439710 495707 700440 711221 621720 544066 526401 846658 1281007 967058 630523 735975 457398 176263 139759 227202 227202 227202 176722 138058 71934 98606 151875 395082 613875 343838 663073 530748 224372 156978 174101 153640 107415 64876 48522 89654 63047 149373 91860 49765 30731 5429 4093 3471 3245 2465 2144 1773 2220 7111 8432 8526 8281 7381 11445 12088 29734 80820 81901 1699473 1267937 1866135 987193 763153 694602 481061
0 0 0 0 0 0 0 0 0 0 0 0 0 0 0 0 0 0 0 0 0 0 0 0 1910815 1336499 445018 264278 272397 380895 441094 680221 855876 741806 535940 515623 765112 576664 1569579 3790353 1966888 402527 58297 52270 74808 224987 230102 230102 230102 208186 76547 100839 168578 300230 533316 244557 498603 604789 422181 490071 1657744 771749 389158 145362 75509 75856 111455 122878 42884 28420 15704 4034 3803 2619 2337 2450 3008 2749 2398 2538 3203 5066 6755 8769 9495 9175 8119 36668 82270 145881 684802 2120911 1442441 1640852 1614478 1710485
