data/pop/popcount/gpw_pop_counts_1d_1995.asc
ncols 360
nrows 180
xllcorner -180
yllcorner -90
cellsize 1
NODATA_value -99
[rows 0 to 54 of 180, columns 192 to 287 of 360]
-99 -99 -99 -99 -99 -99 -99 -99 -99 -99 -99 -99 -99 -99 -99 -99 -99 -99 -99 -99 -99 -99 -99 -99 -99 -99 -99 -99 -99 -99 -99 -99 -99 -99 -99 -99 -99 -99 -99 -99 -99 -99 -99 -99 -99 -99 -99 -99 -99 -99 -99 -99 -99 -99 -99 -99 -99 -99 -99 -99 -99 -99 -99 -99 -99 -99 -99 -99 -99 -99 -99 -99 -99 -99 -99 -99 -99 -99 -99 -99 -99 -99 -99 -99 -99 -99 -99 -99 -99 -99 -99 -99 -99 -99 -99 -99
-99 -99 -99 -99 -99 -99 -99 -99 -99 -99 -99 -99 -99 -99 -99 -99 -99 -99 -99 -99 -99 -99 -99 -99 -99 -99 -99 -99 -99 -99 -99 -99 -99 -99 -99 -99 -99 -99 -99 -99 -99 -99 -99 -99 -99 -99 -99 -99 -99 -99 -99 -99 -99 -99 -99 -99 -99 -99 -99 -99 -99 -99 -99 -99 -99 -99 -99 -99 -99 -99 -99 -99 -99 -99 -99 -99 -99 -99 -99 -99 -99 -99 -99 -99 -99 -99 -99 -99 -99 -99 -99 -99 -99 -99 -99 -99
-99 -99 -99 -99 -99 -99 -99 -99 -99 -99 -99 -99 -99 -99 -99 -99 -99 -99 -99 -99 -99 -99 -99 -99 -99 -99 -99 -99 -99 -99 -99 -99 -99 -99 -99 -99 -99 -99 -99 -99 -99 -99 -99 -99 -99 -99 -99 -99 -99 -99 -99 -99 -99 -99 -99 -99 -99 -99 -99 -99 -99 -99 -99 -99 -99 -99 -99 -99 -99 -99 -99 -99 -99 -99 -99 -99 -99 -99 -99 -99 -99 -99 -99 -99 -99 -99 -99 -99 -99 -99 -99 -99 -99 -99 -99 -99
-99 -99 -99 -99 -99 -99 -99 -99 -99 -99 -99 -99 -99 -99 -99 -99 -99 -99 -99 -99 -99 -99 -99 -99 -99 -99 -99 -99 -99 -99 -99 -99 -99 -99 -99 -99 -99 -99 -99 -99 -99 -99 -99 -99 -99 -99 -99 -99 -99 -99 -99 -99 -99 -99 -99 -99 -99 -99 -99 -99 -99 -99 -99 -99 -99 -99 -99 -99 -99 -99 -99 -99 -99 -99 -99 -99 -99 -99 -99 -99 -99 -99 -99 -99 -99 -99 -99 -99 -99 -99 -99 -99 -99 -99 -99 -99
-99 -99 -99 -99 -99 -99 -99 -99 -99 -99 -99 -99 -99 -99 -99 -99 -99 -99 -99 -99 -99 -99 -99 -99 -99 -99 -99 -99 -99 -99 -99 -99 -99 -99 -99 -99 -99 -99 -99 -99 -99 -99 -99 -99 -99 -99 -99 -99 -99 -99 -99 -99 -99 -99 -99 -99 -99 -99 -99 -99 -99 -99 -99 -99 -99 -99 -99 -99 -99 -99 -99 -99 -99 -99 -99 -99 -99 -99 -99 -99 -99 -99 -99 -99 -99 -99 -99 -99 -99 -99 -99 -99 -99 -99 -99 -99
0 0 0 0 0 0 0 0 0 0 0 0 0 0 0 0 0 0 0 0 0 0 0 0 0 0 0 0 0 0 0 0 0 0 0 0 0 0 0 0 0 0 0 0 0 0 0 0 0 0 0 0 0 0 0 0 0 0 0 0 0 0 0 0 0 0 0 0 0 0 0 0 0 0 0 0 0 0 0 0 0 0 0 0 0 0 0 0 0 0 0 0 0 0 0 0
0 0 0 0 0 0 0 0 0 0 0 0 0 0 0 0 0 0 0 0 0 0 0 0 0 0 0 0 0 0 0 0 0 0 0 0 0 0 0 0 0 0 0 0 0 0 0 0 0 0 0 0 0 0 0 0 0 0 0 0 0 0 0 0 0 0 0 0 0 0 0 0 0 0 0 0 0 0 0 0 0 0 0 0 0 0 0 0 0 0 0 0 0 0 0 0
0 0 0 0 0 0 0 0 0 0 0 0 0 0 0 0 0 0 0 0 0 0 0 0 0 0 0 0 0 0 0 0 0 0 0 0 0 0 0 0 0 0 0 0 0 0 0 0 0 0 0 0 0 0 0 0 0 0 0 0 0 0 0 0 0 0 0 0 0 0 0 0 0 0 0 0 0 0 0 0 0 0 0 0 0 0 0 0 0 0 0 0 0 0 0 0
0 0 0 0 0 0 0 0 0 0 0 0 0 0 0 0 0 0 0 0 0 0 0 0 0 0 0 0 0 0 0 0 0 0 0 0 0 0 0 0 0 0 0 0 0 0 0 0 0 0 0 0 0 0 0 0 0 0 0 0 0 0 0 0 0 0 0 0 0 0 0 0 0 0 0 0 0 0 0 0 0 0 0 0 0 0 0 0 0 0 0 0 0 0 0 0
0 0 0 0 0 0 0 0 0 0 0 0 0 0 0 0 0 0 0 0 0 0 0 0 0 0 0 0 0 0 0 0 0 0 0 0 0 72 0 0 0 0 41 0 0 97 63 0 0 0 0 0 0 0 0 0 0 0 0 0 0 0 0 0 0 0 0 0 0 0 0 0 0 0 0 0 0 0 0 0 7 20 21 21 20 10 0 0 0 0 0 0 0 0 0 0
133 0 180 0 140 88 30 0 0 0 0 0 0 0 0 0 0 0 0 0 0 0 0 0 0 0 0 0 0 0 0 0 0 0 0 0 0 0 0 0 0 0 0 0 0 0 0 0 0 0 0 0 0 0 0 0 0 0 0 0 0 0 0 0 0 0 0 0 0 0 0 0 0 0 0 0 0 0 0 0 0 0 15 24 25 24 24 21 0 0 0 0 0 0 0 0
76 84 154 0 231 152 71 0 12 12 0 0 0 0 0 0 0 0 0 0 0 0 0 0 0 0 0 0 0 0 0 0 0 0 0 0 0 0 0 0 0 0 0 0 0 0 0 0 0 0 0 0 0 0 0 0 0 0 0 0 0 0 0 0 0 0 0 0 0 0 0 0 0 0 0 0 0 0 0 0 0 0 0 0 0 0 0 0 16 22 21 21 16 0 0 0
0 0 159 199 183 129 0 0 0 0 0 0 0 0 0 0 0 0 0 0 0 0 0 0 0 0 0 0 0 0 0 0 0 0 0 0 0 0 0 0 0 0 0 0 0 0 0 0 0 0 0 0 0 0 0 0 0 0 0 0 0 0 0 0 0 0 0 0 0 0 0 0 0 0 0 0 0 0 0 0 0 0 0 0 0 0 0 0 0 0 0 19 20 11 0 0
0 0 0 0 0 0 0 0 0 0 0 0 0 0 0 0 0 0 0 0 0 0 0 0 0 0 0 0 0 0 0 0 0 0 0 0 0 0 0 0 0 0 0 0 0 0 0 0 0 0 0 0 0 0 191 192 0 0 0 0 0 0 0 0 0 0 0 0 0 0 0 0 0 0 0 0 0 0 0 0 0 0 0 9 0 0 0 0 0 30 32 37 43 45 45 0
0 0 0 0 0 0 0 0 0 0 0 0 0 0 0 0 0 0 0 0 0 0 0 0 0 0 0 0 0 0 0 0 0 0 0 0 0 0 0 0 0 0 0 0 0 0 184 230 237 179 0 0 0 0 0 0 0 0 0 0 0 0 0 0 0 0 0 0 0 0 0 0 0 0 0 0 0 16 21 23 27 32 35 34 33 34 35 36 49 54 60 67 67 67 67 67
0 0 0 0 0 0 0 0 0 0 0 0 0 0 0 0 0 0 0 0 0 0 0 0 0 0 0 0 0 0 0 0 0 0 0 0 0 0 0 0 0 0 0 0 235 260 201 0 0 0 0 0 0 0 0 0 0 0 0 0 0 0 0 0 0 0 0 0 0 0 0 0 0 0 0 35 37 37 37 37 37 37 37 37 37 37 40 43 62 72 72 72 72 72 72 72
0 0 0 0 0 0 0 0 0 0 0 0 0 0 0 0 0 0 0 0 0 0 0 0 0 0 0 0 0 0 0 0 0 0 0 0 0 0 0 0 0 0 223 273 227 0 0 0 0 0 0 0 0 0 0 0 0 0 0 0 0 0 0 0 0 0 0 0 0 24 25 26 29 30 35 39 109 157 174 64 47 46 43 45 64 74 76 76 76 76 76 76 76 76 59 41
0 0 0 0 0 0 0 0 0 0 0 0 0 0 0 0 0 0 0 0 0 0 0 0 0 0 0 0 0 0 0 0 0 0 0 0 0 0 0 0 0 292 303 186 0 0 0 0 0 0 0 0 0 0 0 0 0 391 396 392 253 0 0 199 0 0 0 0 0 27 53 81 74 143 473 477 639 827 828 676 269 83 81 81 81 81 81 81 81 81 81 81 81 76 80 81
0 0 0 0 0 0 0 0 0 0 0 0 0 0 0 0 0 0 0 0 0 0 0 0 0 0 0 0 0 0 0 0 0 0 0 0 0 0 0 0 202 251 315 246 0 0 0 0 0 0 0 0 0 0 0 0 390 476 476 466 0 0 531 0 312 370 487 420 186 110 76 102 145 145 145 145 448 866 873 873 873 391 85 85 85 85 85 85 85 85 85 85 85 85 85 85
0 0 0 0 0 0 0 0 0 0 0 12026 0 3665 2399 2620 2781 7506 0 0 0 0 0 0 0 0 0 0 0 0 0 0 0 0 0 0 0 0 0 0 0 0 0 122 0 0 0 0 0 0 0 0 0 0 0 381 501 501 447 501 332 0 515 569 575 573 547 503 326 152 118 109 153 176 530 469 667 915 918 918 903 432 90 90 90 90 90 90 90 90 90 90 90 90 90 90
0 0 0 0 0 0 33752 38991 8188 4442 5739 6241 3133 2494 1757 1629 3213 11391 12955 12174 55491 0 0 0 0 0 0 0 0 0 0 0 0 0 0 0 0 0 0 0 0 0 0 0 0 0 0 0 0 279 257 223 0 0 0 0 474 515 494 523 301 0 527 469 514 604 601 403 270 270 199 149 312 870 937 836 277497 887 894 880 254 93 92 84 77 70 67 64 69 73 78 82 80 80 75 71
0 0 0 23305 32910 26049 9025 7030 6143 4479 3297 2220 1994 2584 2654 2583 8032 17349 14117 13515 79258 152295 4876 5405 18456 15202 0 0 0 0 0 0 0 0 0 0 0 0 0 0 204 262 0 0 222 242 333 0 277 367 369 568 10533 5820 445 298 0 544 547 539 501 0 0 1413 1855 470 625 632 632 632 575 597 818 1021 1042 951 924 933 863 919 886 598 107 60 61 61 61 61 61 61 58 61 61 61 60 59
0 0 0 19195 6940 2981 4103 5491 6233 6141 5141 5912 5721 5067 4419 3157 1897 10729 28717 41873 97002 83187 28126 1596 1536 1532 1532 1531 1248 0 0 0 343 0 0 0 0 359 380 386 403 450 27453 472 466 459 505 611 525 1496 13045 35108 46568 30946 2173 503 504 562 575 545 0 0 828 1306 1687 1537 853 644 660 659 519 547 828 4643 5419 3117 1474 785 799 520 103 62 62 62 63 63 63 63 63 63 63 63 63 63 63 62
0 19483 20275 10458 1517 1280 1575 2003 8261 17211 25616 16994 25705 48228 12354 11842 7436 16388 14264 13885 12791 4224 0 1424 1676 1905 1976 1729 924 0 0 0 876 609 362 375 516 712 1142 1636 2011 2912 2864 2626 2626 53310 4395 10238 10238 10783 29361 27024 10288 690 66139 524 554 709 716 0 0 1162 1360 1506 103370 2391 2328 1283 552 527 419 454 476 1877 4701 2104 459 297 105 66 66 64 64 65 66 66 66 66 66 66 66 66 66 66 697 967
22386 12742 4996 4432 3465 2481 7177 14674 44309 55236 0 0 0 89438 12053 9500 11593 12115 4923 4251 4571 5354 0 0 0 0 0 0 5610 4540 3558 3115 2734 2704 2593 2331 2731 2227 2091 2091 2460 6126 6150 4059 3881 68062 4862 9254 10495 7839 3178 901 901 885 876 722 576 678 1152 1414 52623 1414 1414 1787 2456 2486 2486 2072 534 420 420 427 471 495 495 469 412 123 68 68 69 69 69 69 69 69 69 69 69 69 69 69 69 70 832 1573
11159 3845 7909 6430 5629 6069 11083 21895 73484 0 0 0 62374 100160 26880 36809 15872 11192 38797 4628 5544 10698 28455 0 0 0 4902 253413 468569 9473 9422 7823 6785 4048 3010 3019 3008 3040 2995 5822 22990 14958 7108 6710 4243 3233 3143 2560 2265 1768 1618 1233 1248 1300 997 956 855 788 1165 1468 1468 1468 1777 2296 2581 2581 2574 1968 421 436 437 437 438 456 514 485 514 421 307 213 71 71 71 71 71 71 71 71 71 71 71 71 71 198 918 1202
14700 8762 43430 27054 17969 35679 40526 0 0 0 69485 82281 37091 35509 36234 74939 28508 22542 15529 7215 9362 12414 47568 12477 8097 4575 30920 8636 15371 12600 11885 8908 8159 7511 6438 3732 3258 3591 6478 7982 27875 75673 18301 8409 3520 20657 2510 1895 1832 1832 1832 1832 2371 3555 19508 1146 1146 1162 1356 1858 2466 2728 31199 100593 2726 2675 2675 2096 1071 457 452 452 452 493 533 501 530 530 533 507 288 249 146 89 73 73 74 78 100 103 95 74 74 74 204 356
6915 6544 12971 16678 79289 88183 0 0 0 50749 104443 59948 47737 167283 42008 133468 53052 95458 39533 11912 10686 11683 48021 13701 13106 12893 15239 16664 21844 16166 11507 10882 8600 7815 8705 6630 8853 23631 17984 8256 8031 19528 22341 5627 3589 3589 3589 2796 1896 2453 3803 4316 5192 70425 6492 3235 1959 2005 2297 4369 4505 4492 53281 4467 2898 48936 2092 2012 1667 1404 1311 1030 702 539 551 551 532 538 495 394 364 367 367 361 301 352 290 313 293 282 270 239 177 77 266 383
11729 9056 21338 30230 78492 0 0 0 0 156439 97467 289073 135423 81520 52703 76049 103089 60687 42025 27379 24168 27495 296643 0 12073 15423 15744 19554 26862 35737 31209 21161 18645 16839 99558 60784 14139 24168 165183 100578 8007 8495 8509 8686 7545 7741 8139 8203 6555 11022 13574 14705 14123 11113 6093 4562 2139 37799 2763 4755 101141 267375 4166 45866 8891 1615 1615 1574 1615 1615 1615 1618 1559 1414 1164 1042 803 531 524 376 629 602 551 397 379 379 379 336 291 291 291 291 259 257 392 396
43058 27107 56806 139194 148277 138773 0 0 0 0 318987 140711 829635 597541 158217 57739 0 526708 614989 0 18678 50975 37914 16322 19605 17611 23172 26353 27489 24633 26521 19980 17664 20082 69596 34007 21319 13782 10556 8483 12975 10797 9429 12283 12311 12557 13235 57808 20536 8229 6463 9161 46788 4089 3776 2752 2736 2789 5097 6511 44537 6282 4483 1939 290343 1969 48816 1967 1971 1972 2017 2170 2202 2309 2309 2309 2229 1810 1825 1881 2303 2403 2402 795 391 391 391 690 329 300 300 300 328 393 409 409
75315 148944 130047 219378 322113 966022 924990 0 0 0 0 0 0 0 0 0 149464 1396168 3096487 108017 146202 111924 46221 26701 27713 352451 51089 350780 79788 24781 23128 17144 21252 25438 26591 21955 28418 26831 15143 22670 34195 26910 65014 33294 304051 62807 76914 46198 201318 15814 5308 3433 4074 4108 4169 4394 3558 2687 2750 3796 5145 4951 4951 4562 2595 2176 2174 2160 2218 2266 2529 3679 3944 3937 3947 3394 2731 2380 2337 2353 2472 2477 3839 5057 3735 4723 5353 6779 5820 5027 2877 708 312 403 422 422
205022 171760 0 262393 198100 0 0 0 0 0 42363 0 95114 122195 189734 0 39896 84912 48944 304369 47304 64425 92463 49883 47312 50969 0 64743 72029 76366 53195 37581 42556 67942 36426 35269 91643 579832 210267 59079 177828 51124 81442 167287 721918 241889 53124 188881 151363 26555 28916 25766 10338 54485 9054 10435 125318 6043 8198 5494 3104 4547 5707 3874 2322 2340 2504 2544 2927 5859 41446 10978 6492 5941 7718 6329 3095 2456 2450 2420 103130 6252 9040 8153 7091 7098 7057 7058 6763 6260 117474 4807 2850 526 997 2648
582872 182179 199231 88894 82520 0 52790 0 0 0 84491 0 510612 148038 111599 105557 290855 65329 47465 72158 38437 111702 148653 119860 80675 86667 359950 827738 575445 345340 204519 51067 53883 78824 89070 66977 83643 82698 52323 51697 90345 107039 180973 133318 570835 66853 44039 338486 373279 295228 61130 114942 51581 600295 35952 23393 12887 13153 15315 15479 11726 18638 12464 12199 5039 4285 3987 3449 4409 8555 13089 26539 33598 65860 12287 8750 7686 8106 8629 9778 16945 20848 13542 14246 15187 9643 8408 12552 10600 5085 7883 18516 12853 3172 3831 4595
0 216261 206681 164923 0 0 0 0 0 237226 207379 403502 563088 165426 175436 143577 77418 64440 176249 54466 64379 41791 141207 475961 434434 451239 509977 184912 769794 475188 192923 1889798 461776 85707 110491 982981 141875 167890 147829 150368 169153 886533 305709 115371 103519 123865 88508 198138 1646826 352048 204302 165720 64827 71175 115825 41823 42387 102452 39256 24168 16118 24869 62072 27977 18642 14481 6667 6589 7600 8247 10755 39195 574381 81266 145772 62513 34237 49119 220813 29213 720576 117283 42244 154351 39107 28864 30816 13747 15137 297560 15142 23231 21784 64161 3997 5524
1832540 519674 0 0 0 0 0 0 0 466871 228334 380528 349008 189039 239500 146968 276717 104893 464645 63435 85227 104115 110613 145580 651154 11389860 1517929 359554 203540 163762 371554 347593 155797 145949 225864 349129 488062 1072949 183889 315783 766885 110070 167505 146568 99792 78855 78836 298089 291196 1418824 77989 75191 81345 438131 50124 45470 44805 52893 39117 49382 76086 663364 90677 50674 44442 30694 106123 13930 21486 33154 734827 319361 167562 99719 651464 28383 27081 103594 51170 25009 264174 39038 78456 21543 27448 8930 45615 7167 15456 16431 16237 9464 6609 3775 4165 6011
0 273168 0 0 202723 494372 867136 0 793289 257244 242618 659374 355597 793590 330214 195195 355176 163983 320420 436714 179031 80105 100441 146790 535831 1064896 454001 724872 127258 175593 118163 140846 173978 522854 195073 163865 842712 229180 137132 111150 397518 364653 187543 401111 999243 95351 167917 197483 169288 333569 60345 53498 61026 53391 46328 57602 67221 297138 59838 84584 78319 729088 81660 45332 33364 38231 40739 40689 39051 48869 188980 740740 59428 71381 574786 25109 10069 38446 38022 36159 22460 19154 18566 14931 7731 5697 39416 25396 68583 27345 33794 6595 4125 4321 5166 5389
361131 473176 562633 610167 444574 662794 990167 683529 475280 417727 394123 686523 278020 429449 334192 2015842 196884 357411 551897 178037 202617 189236 727477 116997 189869 269049 571248 222834 158471 176355 133670 174727 358680 528333 244624 142062 322650 958452 1436060 170601 157696 95700 90097 258149 391295 27661 271470 339677 92182 66694 56823 374956 44925 42933 44454 60371 61656 200685 65461 33845 27602 34076 45443 35471 42261 51689 117804 53806 49138 94874 72263 786687 160172 50943 306736 787311 126548 43290 45404 447635 25207 15176 14053 9478 4612 3293 4451 7542 17427 46490 93913 130107 31227 19733 6215 0
572933 4119465 656851 493694 934790 979313 748864 843498 1726167 1415651 512113 655387 254967 218926 342243 262718 134918 323521 498277 503431 279368 205297 150809 245244 499248 186529 285465 752823 275434 584551 151556 160184 142923 122372 111074 300101 81326 174283 87588 70919 157081 87825 62927 199191 70279 36209 121412 46388 42825 81507 81958 99691 40318 32352 45512 42481 44502 57795 94718 30967 21907 24231 16041 20562 209714 263848 51981 62333 66546 68073 93292 62299 80757 324996 40293 40836 17969 15008 21883 27812 11227 10939 9813 2668 1118 1146 1948 1365 2203 13305 28521 428775 716600 28433 19119 17738
1702769 1340759 1033436 761164 1004154 1034115 750717 1660073 902226 930156 942957 413065 291808 249461 275775 171087 159089 135889 159992 599255 252601 469751 242526 291302 657172 436264 200417 1264949 196493 171593 221597 187024 80107 771837 644361 159616 103370 53859 44739 272944 59699 58058 75685 645856 59839 107781 462877 47560 30525 23709 20793 22021 15300 29740 35747 29817 64181 42521 50380 327717 32079 27934 10147 149138 17203 17494 26692 34704 45317 244809 66065 34886 37275 42420 77700 8715 10047 15010 26942 18510 19402 21260 105656 5256 3972 4806 9159 10043 6324 11359 16266 38118 33753 30058 70722 431112
1895266 1172640 2143454 1038190 1149560 915366 2396867 2615823 1299605 1019632 854113 593942 586984 638310 708027 408920 664362 363086 3333371 350128 379687 346413 621629 300348 1398710 219821 249896 287283 203067 158368 97188 140863 97710 213531 69908 55953 55577 22056 26010 25731 27240 28470 34928 34629 47441 297410 54336 55240 13840 11459 8756 6892 8957 13058 79532 16115 15539 13185 17966 26400 149188 159148 24999 15022 12015 9609 15604 24560 364788 77650 178609 132799 22966 12327 11091 7351 5353 8401 17844 18597 9369 13429 12633 7488 6347 8987 10769 11020 9549 11020 14817 17341 24283 29339 42712 49933
724991 650521 739968 630341 1194167 1124207 2114304 1390864 1096872 846209 687983 1237740 1166855 746768 583690 535157 947789 355032 638975 536972 552580 665643 599522 324555 1442623 350936 273255 162819 125858 76436 61292 97539 68602 71048 33343 18167 17126 15513 11556 15257 15673 16450 16384 20578 30901 37875 24342 10593 7515 5451 6081 6144 6856 10389 8913 5168 9917 10713 8789 15796 462932 430595 20459 15792 12858 7018 6656 9731 21740 31163 265456 47776 90039 19682 17291 11301 17966 22263 20349 15119 14745 13156 15358 12062 9662 10416 10973 11090 11312 12076 13496 13497 18686 24357 24357 24511
1044361 848702 957171 555490 2353300 1412152 903784 627825 687499 1032905 910491 623303 789166 961728 839007 635034 519000 459702 504065 311542 544602 590418 1061415 1241794 303831 1881702 2426305 1303514 409208 110179 77243 92112 1438856 65985 83279 10229 9701 8854 13141 17582 14079 10108 11290 7097 8851 15976 10310 8154 5248 3806 3130 4087 4616 3106 2368 5083 2650 5078 23732 4912 9257 11478 9972 10231 10110 6808 5349 11893 26029 27191 27735 21727 22412 25700 50613 70470 58984 32590 31746 13026 11867 10455 10470 9993 9852 9933 11529 12461 13232 13486 13636 13769 45811 58118 58828 50114
667582 626946 369882 783399 714463 809154 1204212 2656309 717975 742986 707480 723748 588970 662046 851323 1090330 1295783 492389 224107 324508 242491 814761 608067 1130445 228283 1638679 798772 1557035 739210 169311 270641 67445 33719 22634 34410 36691 32993 19675 19092 158788 50645 15072 18109 4729 3759 4394 7388 7302 7365 9745 6196 2863 1934 1974 1995 193815 2089 4675 5100 7503 7001 6419 5796 6531 3759 4995 5262 19268 31663 40607 23720 58361 28448 38578 46556 77321 66504 24394 30511 14922 11341 10857 9134 8922 10113 9322 7222 9094 13390 13782 14030 18700 63143 65780 65780 65780
609381 554422 964065 972231 824917 555506 652245 601163 721050 558901 618097 776757 755655 578949 852028 878887 1023034 849842 1569239 0 919950 347791 184823 0 0 0 256603 286057 215301 209838 85743 51514 125114 14489 19828 343128 380343 17447 0 0 4122 16424 15847 11368 6194 4270 7339 8828 0 10937 13871 11882 9471 6170 4236 2354 2861 5052 5052 6285 6980 4790 76679 26262 11190 11138 5581 12266 31388 34613 67543 167081 119684 41312 13475 15480 19220 24479 28160 13103 12509 9601 6915 6678 7451 6909 5638 5633 6601 13893 15232 15282 36068 33630 33329 37797
1625046 0 488895 913282 849456 504400 754314 830297 810080 605578 513776 641755 796000 1132837 863457 885158 629804 260450 0 0 0 422944 412519 0 0 226299 677615 926236 516848 590801 234995 138764 55316 22871 17028 78328 0 0 0 0 1965 4342 3348 5968 5385 4488 5775 0 0 13797 15376 12194 13417 14470 14393 12666 9297 8070 7356 7882 8448 6177 10255 10824 18376 23889 144091 61134 68163 63171 70430 36144 82033 132916 59351 45905 18540 25428 49801 19815 12845 7964 7055 7055 7001 6850 6021 5556 5785 14378 15340 12163 7023 6981 6981 6981
0 0 0 246830 546011 586986 593077 837926 931301 839396 669491 746243 803015 1073178 2838212 659730 588199 0 0 0 0 0 0 0 0 0 310086 459113 507348 563245 477361 661422 209801 85126 56616 0 0 0 0 7333 5293 4663 5440 5711 5335 5341 0 0 0 14900 14780 12976 14432 165334 24086 22390 9553 8890 11742 11140 8741 9890 28493 40173 73412 67283 116607 91257 286312 365020 131757 89667 265035 420445 565063 308836 149682 134406 93760 43247 26232 24820 13854 7338 7180 7022 5836 5648 5836 8895 13118 7465 4098 5619 6521 6272
1084373 702745 0 0 491785 591815 577471 723377 1009865 981733 811001 576210 653614 636750 613276 665562 0 0 0 0 0 0 0 0 0 0 0 0 357770 256944 319154 623093 597491 735958 506652 0 0 0 0 174318 59266 4474 3995 4339 5432 4748 60560 75129 19155 26356 11485 6808 8084 16594 31096 38112 227257 81108 74469 94171 71588 110735 143304 78753 1181293 426599 94536 63495 152491 610539 246724 235831 117136 92265 191278 1500634 145028 129342 51696 39527 30460 28621 11850 8415 7328 6780 5936 4379 3670 3468 3347 3408 3408 3408 3408 3466
1813320 1020632 0 0 0 0 277208 503362 1246619 1235981 699090 1604910 733251 644055 527790 420186 0 0 0 0 0 0 0 0 0 0 0 0 0 0 728968 369741 511330 205742 244853 516605 0 0 0 0 1956 3901 4315 3950 5521 18083 138598 647185 146839 106153 7724 30032 5354 7089 29624 40262 93802 694482 199710 441430 123976 188740 1060002 230985 160199 0 153928 67610 106462 125624 127934 140610 48590 77448 98797 43241 78719 92488 40788 38779 36787 36787 36648 34660 6195 3052 3285 2948 2289 2547 3142 3428 3464 3471 6393 19699
0 1463487 1383361 875031 0 0 0 891905 835744 729151 650703 440521 588285 575985 536431 513250 0 0 0 0 804114 262366 335509 632074 0 0 0 0 0 454468 363191 346347 1848221 658237 388825 318547 503494 0 0 0 0 88 4710 4718 13242 61545 98651 217885 1098142 197751 44581 9089 80044 8336 26313 54914 300495 3564962 322036 889810 434981 231888 56821 72360 58383 40815 74045 145764 133810 155678 155931 207644 52057 214536 137684 34761 38863 64199 31522 31573 31481 37060 40003 26077 2537 1899 1734 1714 1733 1646 1813 2893 7763 16300 21346 328309
0 0 0 1270049 1139985 0 0 711668 651781 365877 698937 846107 0 0 366490 0 0 2595060 1108939 719354 869982 592058 442751 551310 720041 863717 575920 671904 663634 338853 312129 507040 2294691 454296 800749 750311 420174 1524425 0 0 0 15658 4951 7958 15193 64929 83783 57204 29679 24139 177125 115306 309713 468277 334558 434413 1074734 1446573 1204662 2375663 2453878 405093 76399 26075 77651 73345 51058 114349 133321 182825 54448 58590 16494 11473 11381 10923 8044 5523 510 1029 3062 29402 40046 31328 43047 112488 67428 67103 8464 2437 2839 2862 5482 17526 230276 518500
0 0 0 0 882080 0 0 0 329636 357027 457202 0 0 0 394727 992168 869257 683246 452286 524884 1219815 961265 421677 433282 321413 249990 263326 210604 289082 378204 427816 399051 608122 424807 426861 643219 729093 0 0 0 0 65876 87154 12656 18976 41091 62752 44232 48564 68188 65015 320893 635638 451892 1616632 989231 346071 320116 150710 145083 91186 61950 30258 450136 593411 298901 145821 143737 144016 160370 41859 23116 3345 3342 3071 1497 1514 1495 1196 1525 6860 19938 19080 4762 22549 59995 376330 256637 360214 5461 29962 58208 19609 17615 803239 52434
0 0 0 0 0 0 0 0 0 362045 317005 1988002 0 0 0 1720363 1085983 629857 497990 475522 477307 427802 503256 545107 649391 568610 605459 577365 601817 613247 353244 322487 597736 638164 700975 727643 864446 0 0 0 0 0 20910 66407 107538 61156 105048 49507 63191 106510 67710 82465 95214 597772 405487 666835 1539663 520877 126623 65865 15921 9854 31628 71072 460959 485809 130229 104148 140145 67330 28358 4382 3390 3310 3385 1800 1549 1503 3147 5166 5877 5946 6395 7139 9004 12206 17200 23354 509475 292923 550746 188390 20123 308898 1110319 60158
0 1353306 1809059 0 0 0 0 0 0 345401 348062 0 0 0 0 631800 739497 560410 467270 509644 461899 376101 641870 1034329 928333 960315 702423 634006 666045 605655 433776 381456 487002 426452 736761 716539 898616 0 0 0 0 0 399973 780710 283417 213489 169786 95687 86213 219262 139523 68808 88732 215388 401387 745766 940342 822574 197089 130796 56022 52086 35741 17356 229025 108537 54600 262825 130457 49240 25988 5241 3436 3394 3436 3000 1518 1420 2640 7055 7707 7601 6679 7677 16065 20115 15000 29773 58345 457185 859599 524781 282233 594150 680228 302943
0 0 0 0 0 0 0 0 0 0 0 0 0 0 0 0 0 402947 288591 0 452692 721273 0 0 1685027 1497387 841501 407565 455903 449780 441532 497836 703152 704795 614376 537638 520182 836657 1265873 955632 623074 727280 451994 174181 138108 224518 224518 224518 172876 123604 62676 86035 143724 395082 613875 343827 662998 530748 224372 156811 173871 152880 106698 64444 48676 89944 63251 149855 92157 49926 30831 5446 4107 3482 3256 2473 2150 1779 2227 7134 8459 8553 8308 7405 11482 12127 29831 81081 82166 1704959 1272031 1872159 990381 765617 696843 482615
0 0 0 0 0 0 0 0 0 0 0 0 0 0 0 0 0 0 0 0 0 0 0 0 1911626 1337459 445336 264466 272591 382171 442989 683145 859553 744426 530772 509531 756072 569851 1551039 3745585 1943649 397771 57609 51653 73924 222328 227383 227383 227383 204511 72165 99973 168578 300230 533316 244557 498603 604789 422181 490071 1657665 771230 386730 144359 75002 75759 110816 122243 42854 28512 15755 4047 3815 2627 2345 2458 3017 2757 2406 2546 3213 5082 6777 8797 9526 9205 8145 36786 82537 146353 687013 2127757 1447096 1646148 1619690 1716009
