data/pop/popcount/gpw_pop_counts_qd_1995a.asc
ncols 1440 
nrows 720
xllcorner -180
yllcorner -90
cellsize .25
NODATA_value -99
[rows 64 to 127 of 720, columns 1152 to 1247 of 1440]
5 4 3 1 0 0 0 0 0 0 0 0 0 0 0 0 0 0 0 0 0 0 0 0 0 0 0 0 0 0 0 0 0 0 0 0 0 0 0 0 0 0 0 0 0 0 0 0 0 0 0 0 0 0 0 0 0 0 0 0 0 0 0 0 0 0 0 0 0 0 0 0 0 0 0 0 0 0 0 0 0 0 0 0 0 0 0 0 0 0 0 0 0 0 0 0
0 0 0 0 0 0 0 0 0 0 3 8 14 15 15 14 13 12 12 14 15 7 0 0 0 0 0 0 0 12 12 12 10 10 10 8 0 0 0 0 0 0 0 0 0 0 0 0 0 0 0 0 0 0 0 0 0 0 0 0 0 3 10 0 0 17 16 13 0 0 0 0 0 0 0 0 0 0 0 0 0 0 0 0 0 0 0 0 0 0 0 0 0 0 0 0
0 1 1 2 2 3 4 4 5 9 14 15 15 15 15 15 15 15 15 15 15 0 7 13 15 15 15 15 15 15 15 15 15 15 15 15 15 15 15 15 15 12 0 0 0 0 0 0 0 0 0 0 0 0 0 0 0 0 0 0 0 0 0 18 18 18 18 18 18 18 17 15 17 15 11 12 0 0 0 0 0 0 1 0 0 0 0 0 0 0 0 0 0 0 0 0
4 3 5 5 5 5 5 5 5 5 8 15 15 15 15 15 15 15 15 15 0 0 15 15 15 15 15 15 15 15 15 15 15 15 15 15 16 16 17 17 18 17 0 0 0 0 0 0 0 0 0 0 0 0 0 0 0 0 0 0 0 0 0 18 18 18 18 18 18 18 18 18 18 18 18 18 0 0 0 0 0 18 18 0 0 0 0 0 0 0 0 0 0 0 0 0
5 5 5 5 5 5 5 5 5 5 6 16 16 16 16 0 0 16 16 16 16 16 16 16 16 16 16 16 16 16 16 16 16 16 16 16 16 16 16 16 16 16 17 18 18 18 18 18 18 17 17 14 13 15 16 15 15 16 14 15 13 0 0 18 18 18 18 18 18 18 18 18 18 18 18 0 0 0 18 18 18 18 18 18 17 0 0 0 0 0 0 0 0 0 0 0
5 5 5 5 5 5 5 5 5 5 6 11 13 16 16 16 0 16 16 16 16 16 16 16 16 16 16 16 16 16 16 16 16 16 16 16 16 16 16 16 16 16 16 16 16 16 16 17 18 18 18 18 18 18 18 18 18 18 18 18 18 0 0 18 18 18 18 18 18 18 18 18 18 18 18 0 0 0 18 18 18 18 18 16 13 0 0 0 0 0 0 0 0 0 0 0
5 5 5 5 5 5 5 5 5 5 5 5 7 15 16 16 16 16 16 16 16 16 0 0 16 16 16 16 16 16 16 16 16 16 16 16 0 16 16 16 16 16 16 16 16 16 16 15 14 14 17 19 19 19 19 19 19 19 0 19 19 19 19 19 19 19 19 19 19 19 19 19 19 19 19 19 19 19 19 19 19 0 0 18 17 0 0 0 0 0 0 0 0 0 0 0
5 5 5 5 5 5 5 5 5 5 5 5 5 5 7 10 10 9 8 7 9 16 16 16 16 16 16 16 16 16 16 16 14 9 9 10 9 6 3 5 8 12 11 9 8 6 4 3 3 3 3 17 19 19 19 19 19 19 19 19 19 19 19 19 19 19 19 19 19 19 19 19 19 19 19 19 19 19 19 19 19 0 0 0 0 0 0 0 0 0 0 0 0 0 0 0
5 5 5 5 5 5 5 5 5 5 5 5 5 5 5 5 3 3 3 3 6 17 17 17 17 17 17 17 17 17 15 8 3 3 3 3 3 3 3 3 3 3 3 3 3 3 3 3 3 3 3 8 12 17 19 19 19 19 19 19 19 19 19 19 19 19 19 19 19 19 19 19 19 19 19 19 17 18 19 19 19 0 0 0 0 0 0 0 0 0 0 0 0 0 0 0
5 5 5 5 5 5 5 5 5 5 5 5 5 5 5 5 3 3 3 3 3 7 14 17 17 17 17 17 15 8 3 3 3 3 3 3 3 3 3 3 3 3 3 3 3 3 3 3 3 3 3 3 3 3 5 11 19 19 19 19 19 19 19 19 19 19 19 19 19 19 19 19 19 19 19 19 18 15 19 19 19 19 19 15 10 0 0 0 0 0 0 0 0 0 0 0
5 5 5 5 5 5 5 5 5 5 5 5 5 5 5 5 4 4 3 3 3 3 3 12 17 17 17 11 4 3 3 3 3 3 3 3 3 3 3 3 3 3 3 3 3 3 3 3 3 3 3 3 3 3 3 3 5 14 20 20 20 20 20 20 20 20 20 20 20 20 20 20 20 20 20 20 20 14 20 20 20 20 20 20 20 0 0 0 0 0 0 0 0 0 0 0
5 5 5 5 5 5 5 5 5 5 5 5 5 5 5 5 5 5 4 3 3 3 4 16 17 17 17 17 16 5 3 3 3 3 3 3 3 3 3 3 3 3 3 3 3 3 3 3 3 3 3 3 3 3 3 3 3 11 20 20 20 20 20 20 20 20 20 20 20 20 20 20 20 20 20 20 20 16 19 20 20 20 20 20 20 20 19 0 0 0 0 0 0 0 0 29
6 6 6 6 6 6 6 6 6 6 6 5 5 5 4 4 3 3 3 3 3 5 11 13 14 15 12 7 4 3 3 3 3 3 3 3 3 3 3 3 3 3 3 3 3 3 3 3 3 3 3 3 3 3 5 12 16 20 20 20 20 20 20 20 20 20 20 20 20 20 20 20 20 20 20 20 20 19 16 20 20 20 20 20 20 20 20 20 20 13 9 8 0 2 11 20
6 6 6 6 6 6 6 6 5 4 4 3 3 3 3 3 3 3 3 3 3 3 3 3 3 3 3 3 3 3 3 3 3 3 3 3 3 3 3 3 3 3 3 3 3 3 3 3 3 3 3 5 6 8 11 20 20 20 20 20 20 20 20 20 20 20 20 20 20 20 20 20 19 18 19 18 16 17 20 20 20 20 20 20 20 20 20 20 20 20 20 20 17 20 20 20
6 6 6 6 6 6 5 5 4 3 3 3 3 3 3 3 3 3 3 3 3 3 3 3 3 3 3 3 3 3 3 3 3 3 3 3 3 3 3 3 3 3 3 3 3 3 3 3 3 9 19 21 21 21 21 21 21 21 21 21 21 21 21 21 21 21 21 21 21 21 21 15 17 21 20 20 21 21 21 21 21 21 21 21 21 21 21 21 21 21 21 21 21 21 21 21
6 6 6 6 6 4 3 3 3 3 3 3 3 3 3 3 3 3 3 3 3 3 3 3 3 3 3 3 3 3 3 3 3 3 3 3 3 3 3 3 3 3 3 3 3 3 3 3 9 21 21 21 21 21 21 21 21 21 21 21 21 21 21 21 21 21 21 21 21 21 20 15 16 21 21 21 21 21 21 21 21 21 21 21 21 21 21 21 21 21 21 21 21 21 21 21
6 5 5 6 5 3 3 3 3 3 3 3 3 3 3 3 3 3 3 3 3 3 3 3 3 3 3 3 3 3 3 3 3 3 3 3 3 3 3 3 3 3 3 3 0 0 3 3 7 21 21 21 21 21 21 21 21 21 21 21 21 21 21 21 21 21 21 21 17 18 19 21 21 21 21 21 21 21 21 21 21 21 21 21 21 21 21 21 21 21 21 21 21 21 21 21
4 3 3 4 4 3 3 3 3 3 3 3 3 3 3 3 3 3 3 3 3 3 3 3 3 3 3 3 3 3 3 3 3 3 3 3 3 3 3 3 3 3 3 3 3 3 3 3 4 21 21 21 21 21 21 21 21 21 21 21 21 21 21 21 21 21 21 17 19 21 21 21 21 21 21 21 21 21 21 21 21 21 21 21 21 21 21 21 21 21 21 21 21 21 21 21
4 4 4 4 4 4 4 4 4 4 4 4 4 4 4 4 4 4 4 4 4 4 4 4 4 4 4 4 4 4 4 4 4 4 4 4 4 4 4 4 4 4 4 4 4 4 4 6 12 15 14 13 11 11 17 21 22 22 22 22 22 22 22 22 22 22 17 19 22 22 22 22 22 22 22 22 22 22 22 22 22 22 22 22 22 22 22 22 22 22 22 22 22 22 22 22
4 4 4 4 4 4 4 4 4 4 4 4 4 4 4 4 4 4 4 4 4 4 4 4 4 4 4 4 4 4 4 4 4 4 4 4 4 4 4 0 0 4 4 4 4 4 7 10 11 11 11 11 11 11 11 12 15 17 19 21 22 22 22 22 18 19 19 15 18 21 22 22 22 22 22 22 22 22 22 22 22 22 22 22 22 22 22 22 22 22 22 22 22 20 17 16
4 4 4 4 4 4 4 4 4 4 4 4 4 4 4 4 4 4 4 4 4 4 4 4 4 4 4 4 4 4 4 4 4 4 4 4 4 4 4 0 0 4 4 4 4 4 4 4 5 10 11 11 11 11 11 11 11 11 11 11 11 13 15 15 13 14 11 11 11 11 14 18 20 20 21 21 20 20 19 19 19 18 15 15 17 18 19 16 12 12 15 16 12 10 10 10
4 4 4 4 4 4 4 4 4 4 4 4 4 4 4 4 4 4 4 4 4 4 4 4 4 4 4 4 4 4 4 4 4 4 4 4 4 4 4 4 4 4 4 4 4 4 4 4 5 7 11 11 11 11 11 11 11 11 11 11 11 11 11 0 0 11 11 11 11 11 11 11 11 11 11 11 11 10 10 10 10 10 10 10 10 10 10 10 10 10 10 10 10 10 10 10
4 4 4 4 4 4 4 4 4 4 4 4 4 4 4 4 4 4 4 4 4 4 4 4 4 4 4 4 4 4 4 4 4 4 4 4 4 4 4 4 4 4 4 4 4 4 7 11 11 11 11 11 11 11 11 11 11 11 11 11 11 11 10 0 11 11 11 11 11 11 11 11 11 11 11 11 10 10 10 10 10 10 10 10 10 10 10 10 10 10 10 10 10 10 10 10
4 4 4 4 4 4 4 4 4 4 4 4 4 4 4 4 4 4 4 4 4 4 4 4 4 4 4 4 4 4 4 4 4 4 4 4 4 4 4 4 4 4 5 8 8 8 10 11 11 11 11 11 11 11 11 11 11 11 11 11 10 0 0 11 11 11 11 11 11 11 11 11 11 11 11 11 10 10 10 10 10 10 10 10 10 10 10 10 10 10 10 10 10 10 10 10
4 4 4 4 4 4 4 4 4 4 4 4 4 4 4 4 4 4 4 4 4 4 4 4 4 4 4 4 4 4 4 4 4 4 4 4 4 4 4 5 6 7 9 11 11 11 11 11 11 11 11 11 11 11 11 11 11 11 11 10 7 0 0 11 10 10 11 11 11 11 11 11 11 11 11 11 10 10 10 10 10 10 10 10 10 10 10 10 10 10 10 10 10 10 10 10
4 4 4 4 4 4 4 4 4 4 4 4 4 4 4 4 4 4 4 4 4 4 4 4 4 4 4 4 4 4 4 4 4 4 4 4 4 4 4 7 11 11 11 11 11 11 11 11 11 11 11 11 11 11 11 11 11 11 11 11 6 0 0 11 11 11 11 11 11 11 11 11 11 11 11 11 11 11 10 10 10 10 10 10 10 10 10 10 10 10 10 10 10 10 10 10
4 4 4 4 4 4 4 4 4 4 4 4 4 4 4 4 4 4 4 4 4 4 4 4 4 4 4 4 4 4 4 4 4 4 4 4 4 4 7 10 11 11 11 11 11 11 11 11 11 11 11 11 11 11 11 11 11 11 11 11 5 0 0 11 11 11 11 11 11 11 11 11 11 11 11 11 11 11 10 10 10 10 10 10 10 10 10 10 10 10 10 10 10 10 10 10
4 4 4 4 4 4 4 4 4 4 4 4 4 4 4 4 4 4 4 4 4 4 4 4 4 4 4 4 4 4 4 4 4 4 4 4 4 4 4 5 4 5 7 8 16 19 12 12 12 12 12 12 12 12 12 12 12 12 12 12 11 0 0 11 12 12 12 12 12 12 12 12 12 12 12 12 12 11 11 11 11 11 11 11 11 11 11 11 11 11 11 11 11 11 11 11
4 23 41 16 4 4 4 4 4 4 4 4 4 4 4 7 4 4 4 4 4 4 4 4 4 4 4 4 4 4 4 4 4 4 4 4 4 4 4 4 4 4 4 4 6 114 132 102 36 12 12 12 12 12 12 12 12 12 12 12 12 0 0 12 12 12 12 12 12 12 12 12 12 12 12 12 12 11 11 11 11 11 11 11 11 11 11 11 11 11 11 11 11 11 11 11
52 94 94 80 77 41 4 4 10 37 48 58 68 79 89 94 88 73 58 42 23 4 4 4 4 4 4 4 4 4 4 4 4 4 4 4 4 4 4 4 4 9 46 50 81 144 154 154 152 95 23 12 12 12 12 12 12 12 12 12 12 11 5 12 12 12 12 12 12 12 12 12 12 12 12 12 12 11 11 11 11 11 11 11 11 11 11 11 11 11 11 11 11 11 11 11
95 95 95 95 95 36 31 65 92 95 95 95 95 95 95 95 95 95 95 95 94 44 4 4 4 4 4 4 4 4 4 4 4 4 4 4 4 4 4 4 24 149 156 156 156 156 156 156 156 156 77 12 12 12 12 12 12 12 12 12 12 12 8 7 12 12 12 12 12 12 12 12 12 12 12 12 46 44 31 22 38 46 43 39 36 33 29 17 11 11 11 11 11 11 11 11
96 96 96 96 96 96 96 96 96 96 96 96 96 96 96 96 96 96 96 96 82 63 23 4 4 4 4 4 4 4 4 4 4 4 4 4 4 4 4 4 91 157 157 157 157 157 157 157 157 157 45 12 12 12 0 0 0 0 12 12 12 12 12 0 8 12 12 12 12 12 12 12 12 12 12 30 56 56 56 56 56 56 56 56 56 56 56 46 12 11 11 11 11 11 11 11
97 97 81 96 97 97 97 97 97 97 97 97 97 97 97 97 97 97 82 31 5 4 4 4 4 4 4 4 4 4 4 4 4 4 4 4 4 4 4 4 52 159 159 159 159 159 159 159 159 155 16 12 12 12 0 0 0 0 12 12 12 12 12 0 0 10 12 12 12 12 12 12 12 12 12 17 28 51 57 57 57 57 57 57 57 57 57 57 55 42 28 14 11 11 11 25
98 98 98 98 98 0 0 98 98 98 98 98 98 98 98 98 98 90 16 4 4 4 4 4 4 4 4 4 4 4 4 4 4 4 4 4 4 4 16 80 164 163 160 160 160 160 160 160 159 90 16 12 12 12 12 12 12 12 12 12 12 12 12 12 8 0 12 12 12 12 12 12 12 12 12 13 37 57 57 57 57 57 57 57 57 57 57 57 57 57 57 57 45 31 39 52
99 99 99 99 99 99 99 99 99 99 99 99 99 99 99 99 99 50 18 4 4 4 4 4 4 4 4 4 4 4 4 4 4 4 4 4 13 120 175 180 180 179 165 162 162 162 162 162 162 162 157 105 12 12 12 0 12 12 12 12 12 12 12 12 9 0 12 12 12 12 12 13 16 19 27 46 58 58 58 58 58 58 58 58 58 58 58 58 58 58 58 58 58 56 53 53
100 100 100 100 100 100 100 100 100 100 100 100 100 100 100 100 100 100 29 4 4 4 4 4 4 4 4 4 4 4 4 13 8 4 4 16 103 182 182 182 182 182 179 164 163 163 163 163 163 163 163 163 76 32 0 0 13 13 13 13 13 13 13 13 13 0 5 16 41 51 56 59 59 59 59 59 59 59 59 59 59 59 59 59 59 59 59 59 59 59 59 59 59 59 56 54
101 101 101 101 101 101 101 101 101 101 101 101 101 101 101 101 101 101 90 76 31 4 4 4 4 4 4 6 27 124 141 177 150 111 114 174 184 184 184 184 184 184 184 178 165 165 165 165 165 165 165 165 165 165 153 121 89 58 26 13 13 13 13 13 13 0 41 25 36 44 0 59 59 59 59 59 59 59 59 59 59 59 59 59 59 59 59 59 59 59 59 59 59 59 59 58
102 102 102 102 102 102 102 102 102 102 102 102 102 102 102 102 102 102 102 102 102 84 74 64 7 4 54 180 185 185 185 185 185 185 185 185 185 185 185 185 185 185 185 185 169 166 166 167 167 167 167 167 167 167 167 167 167 159 165 148 116 89 85 96 139 0 156 91 45 34 0 46 55 60 60 60 60 60 60 60 60 60 60 60 60 60 60 60 60 60 60 60 60 60 60 60
101 94 103 103 103 103 103 103 103 103 103 103 103 103 103 103 103 103 103 103 103 103 103 103 112 162 185 187 187 187 187 187 187 187 187 187 187 187 187 187 187 187 187 187 170 168 168 168 168 168 168 168 168 168 168 168 168 157 158 168 168 168 168 168 168 168 168 151 66 60 0 53 47 50 50 60 60 60 60 60 60 60 60 60 60 60 60 60 60 60 60 60 60 60 60 60
13 22 74 103 103 103 103 103 103 103 103 103 103 103 103 103 103 103 103 103 103 103 103 103 114 186 185 189 189 189 189 189 189 189 189 189 189 189 189 189 189 189 189 189 179 170 169 169 169 169 170 170 170 170 170 170 170 170 170 170 170 170 170 170 157 128 99 68 61 61 0 61 61 60 56 49 50 59 61 61 61 61 61 61 61 61 61 61 61 61 61 61 61 61 61 61
23 42 53 101 104 104 104 104 104 104 104 104 104 104 104 104 104 104 104 104 104 104 110 139 152 156 156 161 174 189 191 191 191 191 191 191 191 191 191 191 191 191 0 0 191 186 173 171 171 171 171 171 171 171 171 171 0 0 171 171 171 171 158 78 61 61 61 61 61 61 61 61 61 61 61 0 57 48 48 54 61 61 61 61 61 61 61 61 61 61 61 61 61 61 61 61
43 82 82 82 90 105 105 105 103 105 105 105 105 105 105 105 105 105 105 105 105 105 105 144 158 158 158 158 158 162 188 192 192 192 192 192 0 192 192 192 192 192 192 192 192 192 175 172 172 172 172 172 173 173 173 173 173 173 173 173 173 173 101 62 62 62 62 60 51 54 62 62 62 62 62 62 62 62 62 56 43 46 0 0 0 0 62 62 160 297 237 171 155 176 198 220
23 23 23 23 24 62 106 106 87 63 103 106 93 106 97 106 106 106 106 106 106 106 106 121 153 159 159 159 159 161 180 193 194 194 194 194 0 194 194 194 194 194 194 194 194 194 183 174 174 174 174 174 174 174 174 174 174 174 174 174 174 174 154 88 62 62 62 62 62 62 62 62 62 62 62 62 62 64 62 62 62 59 0 0 0 0 0 336 364 372 362 373 372 355 380 392
23 23 23 23 23 38 107 107 100 88 78 101 0 0 86 90 94 0 0 103 106 103 115 122 124 147 151 159 161 161 161 167 186 192 192 192 193 195 196 196 196 196 196 196 196 187 176 176 176 176 176 176 176 176 176 176 176 176 176 176 176 176 176 175 163 147 130 113 97 80 65 63 65 66 68 70 75 80 76 201 202 361 574 581 581 581 341 522 424 424 424 408 423 424 424 424
24 24 24 24 24 27 80 108 108 108 107 101 0 87 90 92 82 0 106 107 103 102 122 139 162 162 162 158 162 162 162 162 162 162 162 162 162 164 174 185 195 197 197 197 197 193 177 177 177 177 177 177 177 177 177 177 177 177 177 177 177 177 177 177 177 177 177 177 177 168 98 80 80 80 80 80 80 80 80 259 569 586 586 586 586 586 458 470 432 428 428 428 428 428 428 428
24 24 24 24 24 56 105 109 109 109 106 102 62 73 109 109 109 109 109 109 109 109 109 28806 158 163 163 163 163 0 0 163 163 163 163 163 163 163 163 163 164 166 168 170 172 174 171 177 179 179 179 179 179 179 179 179 179 177 170 167 137 147 124 132 156 142 119 96 94 102 81 81 81 81 81 81 81 81 81 81 105 366 586 591 591 591 575 0 516 443 431 431 431 431 431 431
24 24 24 24 24 33 55 83 110 110 110 100 93 83 110 110 110 110 110 110 110 110 110 9933 112 138 163 165 165 165 165 165 165 165 165 165 165 165 165 165 165 165 165 165 165 165 165 165 170 177 180 180 180 180 180 180 166 103 84 82 82 82 82 82 82 82 82 82 82 82 82 82 82 82 82 82 82 82 82 126 389 551 596 596 596 596 1059 4463 395 561 644 490 435 435 435 450
24 24 24 24 24 24 29 95 102 92 92 98 83 82 111 111 111 111 111 111 111 111 111 111 111 111 117 156 166 166 166 166 166 166 166 166 166 166 166 166 166 166 166 166 166 166 166 166 166 174 182 182 182 182 182 182 178 134 88 83 83 83 83 83 83 83 83 83 83 83 83 83 83 83 83 83 83 83 83 83 83 142 17465 25115 23192 22855 27254 12058 972 1005 1005 1003 879 621 612 626
24 24 24 24 24 24 82 112 112 112 112 112 103 112 112 112 112 112 112 112 112 112 112 112 112 112 125 172 167 167 167 167 167 167 167 167 167 167 167 167 167 167 167 167 167 147 115 135 156 178 178 176 175 183 183 183 183 183 165 92 83 83 83 83 83 83 83 83 83 83 83 83 83 83 83 83 83 83 232 373 319 367 1665 18326 18377 25819 22386 1462 1013 1013 1013 1013 1013 920 648 634
25 25 25 25 25 25 60 113 113 113 113 113 113 113 113 113 113 113 113 113 113 113 144 183 162 167 233 221 178 194 210 223 214 197 181 169 169 169 169 169 169 169 169 169 166 118 70 70 70 70 70 70 70 89 125 127 121 114 100 73 73 72 75 84 84 84 84 84 84 84 84 84 84 84 84 84 162 357 523 543 543 543 543 543 528 1217 2764 1022 1022 1022 1022 1022 1022 1021 729 628
25 25 25 25 25 25 26 91 113 114 114 114 114 114 114 114 114 114 114 114 128 208 242 242 242 242 242 242 242 242 242 242 242 242 242 226 174 170 170 170 170 170 158 117 78 70 70 70 70 70 70 70 70 70 70 70 70 70 70 70 70 70 70 76 81 85 85 85 85 116 318 489 494 489 483 485 547 548 548 542 517 519 496 467 475 547 658 820 957 1030 1030 1006 724 373 221 306
25 25 25 25 25 25 25 25 33 64 114 114 114 114 114 114 114 114 114 160 235 244 244 244 244 244 244 244 244 244 244 244 244 244 244 244 225 174 171 171 143 101 72 71 71 71 71 71 71 71 71 71 71 71 71 71 71 71 71 71 71 71 71 71 71 76 345 410 405 526 552 552 498 490 493 484 492 481 487 492 517 509 529 552 552 552 552 552 654 1038 1028 325 223 223 223 223
25 25 25 25 25 25 25 25 27 179 229 237 239 212 183 167 170 172 203 246 246 246 246 246 246 246 246 246 246 246 246 246 246 246 246 246 246 217 128 86 71 71 71 71 71 71 71 71 71 71 71 71 71 71 71 71 71 71 71 71 71 71 71 71 71 71 137 512 510 509 499 425 271 255 237 218 200 182 164 163 235 308 380 448 454 473 557 551 662 1046 836 224 224 224 224 224
25 25 25 25 25 25 25 25 133 247 247 247 247 247 247 247 247 247 247 247 247 247 247 247 247 247 247 247 247 246 237 247 247 247 247 247 246 131 72 72 72 72 72 72 72 72 72 72 72 72 72 68 65 66 66 69 68 69 68 68 67 68 67 67 67 66 67 94 292 461 293 84 72 72 72 72 76 110 93 137 148 148 148 194 226 226 315 263 325 356 281 226 226 226 226 226
26 26 26 26 26 26 26 77 246 249 249 249 249 249 249 249 249 249 249 249 249 249 249 249 249 249 249 249 152 70 67 98 154 210 248 249 154 72 72 72 72 72 72 72 72 72 72 72 66 68 64 67 71 72 72 72 72 72 72 72 72 72 72 72 72 72 72 72 72 72 72 73 80 96 122 105 140 149 149 149 149 149 149 179 228 228 228 228 228 228 228 228 228 228 228 228
26 26 26 26 26 26 40 224 251 251 251 251 251 251 251 251 251 251 251 251 251 251 251 251 251 235 140 106 69 67 67 67 67 67 85 124 72 73 73 73 73 73 73 73 73 73 73 72 70 73 73 0 0 73 73 73 73 73 73 73 73 73 73 73 73 73 73 78 101 124 137 147 150 150 150 150 150 150 150 150 150 150 150 163 230 230 230 230 230 230 230 230 229 230 230 229
26 26 26 26 26 26 178 253 253 253 253 253 253 253 253 253 253 253 253 253 253 253 253 253 185 81 68 68 68 68 68 68 68 68 68 68 71 73 73 73 73 73 73 73 73 70 70 72 70 69 71 0 72 69 73 73 73 73 73 73 73 73 73 73 77 104 129 149 151 151 151 151 151 151 151 151 151 151 151 151 151 151 151 151 173 211 218 218 228 231 226 180 152 161 161 98
26 26 26 26 26 118 255 255 255 255 255 255 255 255 255 255 255 255 255 255 255 255 247 144 68 68 68 68 68 68 68 68 68 68 68 68 70 73 74 74 72 73 74 74 74 68 74 74 74 74 74 74 74 70 74 74 74 74 74 74 74 88 110 104 128 152 152 152 152 152 152 152 152 152 152 152 152 152 152 152 152 152 152 152 152 152 152 155 153 167 160 152 152 152 124 82
26 26 26 26 26 150 257 257 257 257 257 257 257 257 257 238 196 210 245 257 257 236 167 137 69 69 69 69 69 69 69 69 69 69 69 69 69 69 69 69 69 69 70 74 71 70 75 75 75 75 75 74 71 71 73 75 75 75 75 75 82 130 153 153 153 153 153 153 153 153 153 153 153 153 153 153 153 153 153 153 153 153 153 153 153 153 153 153 153 153 153 153 153 153 130 83
27 27 27 27 27 32 237 259 259 246 189 158 164 171 172 156 156 167 232 237 206 159 156 154 74 69 69 69 69 69 69 69 69 69 69 69 69 69 69 69 69 69 68 71 71 72 75 75 75 75 75 75 74 75 73 73 75 75 75 112 151 154 154 154 154 154 154 154 154 154 154 154 154 154 154 154 154 154 154 154 154 154 154 154 154 154 154 154 154 154 154 154 154 154 154 127
27 27 29 204 224 239 283 282 283 237 205 218 242 266 201 157 157 175 171 157 157 157 157 121 70 70 70 70 70 70 70 70 70 70 70 70 70 70 70 69 65 68 67 73 76 76 76 76 76 76 76 76 76 76 75 76 76 76 76 125 156 156 156 156 156 156 156 156 156 156 156 156 156 156 156 156 156 156 156 156 156 156 156 156 156 156 156 156 156 156 156 156 156 156 156 156
44 27 106 285 285 285 285 285 285 285 285 285 281 266 260 161 158 158 158 158 158 158 158 83 70 70 70 70 70 70 70 70 70 70 70 70 70 70 70 70 67 70 70 73 76 76 76 76 76 76 76 76 76 76 76 76 76 76 76 106 157 157 157 157 157 190 213 172 157 157 157 157 157 157 157 157 157 157 157 157 157 157 157 157 157 157 157 157 157 157 157 157 157 157 157 157
224 58 217 287 287 287 287 287 287 287 287 287 210 160 162 159 159 159 159 159 159 159 159 115 71 71 71 71 71 71 71 71 71 71 71 71 71 71 92 98 100 82 71 71 74 77 77 77 77 77 77 77 77 77 77 77 77 77 77 101 164 226 209 191 288 476 363 161 158 158 158 158 158 158 158 158 158 158 158 158 158 158 158 158 158 158 158 158 158 158 158 158 158 158 158 158
289 289 289 289 289 289 289 289 289 289 220 169 162 160 160 160 160 160 160 160 160 146 97 72 71 71 71 71 71 71 71 71 71 71 71 71 71 79 121 127 124 122 116 117 105 77 77 77 77 77 77 77 77 77 77 77 77 77 77 80 165 476 484 484 484 382 163 159 159 159 159 159 159 159 159 159 159 159 159 159 159 159 159 159 159 159 159 159 159 159 159 159 159 159 103 81
