data/pop/popcount/gpw_pop_counts_1d_1990a.asc
ncols 360
nrows 180
xllcorner -180
yllcorner -90
cellsize 1
NODATA_value -99
[rows 55 to 109 of 180, columns 192 to 287 of 360]
0 0 0 0 0 0 0 0 0 0 0 0 0 0 0 0 0 0 0 0 0 0 0 0 912560 266168 230842 226228 180211 93983 103040 259683 349203 572735 689522 688411 810924 450420 1480474 1642882 182829 157446 165244 108952 170496 192480 208880 208880 211964 242381 203325 163356 124138 116960 142602 198756 850740 2184292 803257 3252411 3820530 2535975 1980745 685501 256536 97443 87061 86646 6254 910 1342 1515 1918 2112 2127 2247 2603 3772 7158 6508 4058 3547 3331 4164 11939 10666 5471 24462 39289 47923 100434 375170 1153167 2099139 1272083 2636972
0 0 0 0 0 0 0 0 0 0 0 0 0 0 0 0 0 0 0 0 0 0 0 1990244 1379247 1142054 278513 127209 83023 82119 82606 310954 5204586 412186 289433 473772 535437 494807 369778 354071 342260 353982 350367 190041 209683 207476 204774 211354 184657 154321 136643 83303 99517 140254 151579 201882 277917 385995 1419609 2691467 2757245 4183324 1529050 1194223 181356 103605 108162 12039 935 1086 1672 1537 1538 1743 2160 2181 2295 2882 7391 7936 7846 6901 7176 5972 33095 29159 24257 18165 23110 32267 49339 88941 560469 1065724 977648 1454448
390677 1440867 377867 0 0 0 0 0 0 116960 50100 0 0 0 0 0 0 0 0 0 0 0 0 3022709 793124 348572 70616 73238 80655 74427 67237 73558 1122766 415125 277223 302647 514769 491583 444641 369102 334747 171085 129741 105422 176048 206153 213762 213762 174750 47887 49363 55868 92156 137060 126579 163601 242852 594964 1387236 1791822 2611394 4253932 5335235 3629494 868312 151251 57097 32611 3997 1856 2063 1585 1517 1892 2146 2183 2322 2761 8139 12255 19252 19762 20702 25797 44438 41090 41806 52928 39767 58178 65219 128685 456064 1515209 1673043 1464694
57156 17191 25221 7102 0 0 0 0 433401 188567 59373 17365 14426 8005 0 0 0 0 0 0 0 0 1841204 1769012 1573411 462017 36195 31575 38793 55920 73387 176717 349591 363323 486152 434908 519690 517111 465901 391705 312758 146530 110523 104825 111714 130351 173060 212903 199782 45112 26033 75539 107982 143335 166091 198653 200925 246349 1047460 2114567 4232608 6411490 9600356 5238552 2960491 974122 123287 17777 4984 2728 1963 1950 2097 2355 2152 2040 1872 2403 3571 26272 35321 34609 42812 43131 51326 42007 83746 52637 68491 103334 121779 1260768 4375624 4010766 4864450 3565609
19613 19613 16750 12070 26130 30278 15241 0 5798 5719 11243 14358 14600 13573 13572 11086 12412 3093067 5105536 14090245 1261075 85186 235450 198881 48151 37264 25225 26955 27930 29719 38549 165534 95322 98991 420922 944480 572747 429315 396655 331749 302486 264986 118231 109844 111210 112909 111244 125531 130906 52952 26732 98415 112103 144899 649239 415495 251361 286396 1233262 3558658 5434320 4443954 3452062 4339630 5148947 3367120 1647020 589845 138797 28780 7574 4768 2913 4003 11152 12248 8186 18015 23454 64028 25662 17043 24134 28901 32472 49562 64062 46132 44582 85090 283849 5014097 9035458 6375514 6809170 4860853
19812 16462 12159 6796 13888 24141 22500 5931 6375 6374 6375 14381 14522 13453 13291 12093 13709 558892 2292456 4830614 263523 26125 72667 42812 32597 25007 25602 26736 27430 31224 32231 46981 50809 37342 364683 1257881 0 0 0 305355 299972 278436 242778 115073 113977 114052 111574 90866 88314 44029 29631 67580 72537 76247 277753 273356 186555 448565 1449923 2894858 2021925 1632501 1748971 2708084 3906800 7333236 4386295 1922444 1054707 542811 134047 19266 9281 9827 15641 36910 88336 115680 125583 284611 46088 22931 26469 15163 18420 26348 55021 51302 39498 90427 878179 3329858 6315675 7085302 7934958 2767834
12474 7326 5614 3146 2663 3200 10057 6211 6437 6437 6437 13454 14085 13842 13842 249788 924274 1540162 2084837 84122 9550 10277 18069 44681 39611 37871 30114 37363 46061 48122 44988 38815 32544 23351 20035 275819 205350 0 0 264061 308467 304872 308520 208034 124491 115627 109166 93600 89215 83170 51185 36092 40757 52383 189083 450995 1528063 1337751 2117089 847586 751003 509660 850492 2068714 5874227 15359365 6963251 6002469 2126981 1566894 895638 1051432 619699 257188 42269 40923 47026 80695 49191 53313 47224 27384 97380 86370 34467 12827 47708 91809 73679 231948 796492 1022253 3591286 3762273 2736716 1852777
6583 6605 20002 37106 5369 2753 2753 5789 6385 6424 6433 6376 6275 6780 6781 230080 446471 596320 1397745 1270668 7287 4953 0 0 48256 61764 47823 47905 51471 51610 51610 49733 51932 34264 20994 20994 19361 0 0 0 144301 271407 225472 170687 125759 126931 100263 90490 89755 90981 84123 66739 64305 64651 109882 1549580 2022616 1094531 340795 238947 349857 755476 1489957 2809490 3149866 5552517 6337218 5539972 5394692 4628863 3848452 4175464 2599968 3081587 916769 694769 825668 367218 288166 427230 101959 256054 1505455 2158309 112375 68649 107130 235236 309344 432597 1034626 1807471 2185724 2719462 2928835 2149132
7064 7177 26616 6842 2293 2669 2613 1111 778 778 778 778 778 3265 3265 3265 3265 3265 3265 2829799 1847835 7233 0 0 34065 87000 89497 77136 52071 52071 46853 40694 70870 102338 78907 34807 21182 18750 0 0 0 0 0 0 0 132302 122707 91794 91794 99054 176271 165628 140646 113117 131050 1020491 2374388 909743 175149 222412 924062 1372896 1925051 3104471 2171144 2597469 3490505 4560659 8163642 6559720 7331773 9158596 8688891 8911959 5971434 4583292 5538516 4880938 3237884 3983365 3954907 1745753 1863531 214400 21850 21946 135176 589825 821975 1147348 1117806 1653285 2196680 2959145 3787997 1887296
3388 2169 2019 2019 2019 2019 2019 995 784 784 784 784 784 3293 3293 3293 3293 3293 3293 3293 1459001 8620 4870 0 0 50486 95774 94225 71424 64143 40674 55058 85860 105422 105422 61428 21363 21335 247856 274475 0 0 0 0 0 0 60966 55837 61675 95528 148119 152644 100109 86069 243405 5308907 3319470 986587 668146 669761 1076165 1434438 1852778 1680259 1336020 1150729 2375634 2342192 3252282 5553930 9397725 7672856 8556759 11226254 7982039 6525566 7084535 8775648 2022849 1871224 950521 716768 582908 82493 187557 237057 793654 867586 1731614 1060976 2316705 1946955 2185794 1905904 1104825 964728
2036 2036 2036 2036 2036 2036 2036 1009 791 791 791 791 791 3321 3321 3321 3321 3321 3321 3321 89654 59070 7442 0 0 39121 95912 96686 95495 95589 87003 104023 106319 104394 104542 88657 27617 21545 45587 0 0 0 59960 498146 227505 0 0 0 0 0 0 0 0 0 0 2215186 1149323 709322 534900 1118362 1913860 1875795 1921898 1620001 1618790 1306744 1649756 1386646 1668771 2323696 1815773 2393459 4306528 4110050 3596141 4691974 9037951 10256241 10559002 6606148 3899114 1333463 579412 252420 350612 445524 996293 1176579 1075239 722395 2121444 1584592 1210245 781367 704829 1226275
1362 1799 2051 2056 2056 2051 2045 1022 797 797 797 797 797 3346 3346 3346 3346 3346 3346 3346 168422 147887 7533 4246 0 0 61597 122936 94191 175900 131023 107103 107103 103205 105056 105830 45058 21418 21704 31750 127228 144010 145039 101369 64411 286761 602326 0 0 0 0 0 0 0 0 0 0 390284 534628 899850 6320902 2901476 2478407 2417234 1876054 2509935 1704903 1935908 1929525 1322096 1081405 1107876 1698123 3765551 6646318 6569201 9855803 8949722 18227868 6764599 671540 212058 312584 569716 241928 364008 372720 704985 570183 662540 1202529 1463003 1227935 891488 1434875 1769022
375 414 703 1924 2087 2082 2056 1035 803 803 803 803 803 3372 3373 3373 3373 3372 3373 185567 243596 57299 8382 9144 0 0 0 252168 200467 260286 257642 148685 107902 106592 107301 107902 34197 21865 21865 21844 32108 52909 73737 47738 47005 73241 63631 0 0 0 0 0 0 0 0 0 0 741008 2030526 1640282 4232233 4855890 2227629 2512316 1981671 1319231 1404270 1584627 1032349 1555012 1755162 1380230 1952525 1840754 3668485 8838924 20977958 6129674 7622466 0 1677905 158550 627784 1726815 1149098 342228 219435 407220 571480 374858 380736 638125 881808 678788 1062635 1484791
378 378 378 1576 2102 2102 2102 1833 1193 812 809 809 809 3696 3696 3696 3696 3696 3683 3617 27987 19795 10009 10034 9490 0 0 236213 268083 268083 268083 183572 108667 108667 108667 107707 24064 22020 22020 22020 22020 21787 15809 12126 3127 5769 24521 0 0 0 0 0 0 0 0 0 0 0 2414558 2327270 0 2449700 2109019 2330996 1688966 1646465 2480583 3158808 2016213 3541913 2494348 2466958 1303001 1547288 2980354 0 0 0 0 0 1569477 109960 952153 2228365 1196343 257759 189947 223779 327223 220411 134594 576665 905279 6141644 2803888 777823
380 380 380 764 2116 2116 2116 2116 2116 1847 1182 815 814 3970 3810 3721 3721 3721 3721 3721 28581 21352 10770 10828 10554 0 0 0 317910 1335571 273243 245620 110966 108263 104507 98229 22169 22169 22169 22169 22169 21007 18291 4451 2640 2198 0 0 0 0 0 0 0 0 0 0 0 0 0 0 0 2991887 2669088 2577765 2356431 2416005 1989030 1870914 1045481 1672806 1412732 1775424 1367972 4201326 4536499 0 0 0 0 0 0 586585 995053 1559600 925083 522330 108216 378315 281170 156883 173864 173189 368306 4768302 7333404 0
381 383 383 916 2130 2130 2130 2130 2130 2130 2130 1822 18559 18559 16069 16519 19128 19073 19018 18964 32823 28184 11189 11497 30654 0 0 0 0 901787 257453 257453 142107 88054 81840 61559 22310 22310 22310 22310 18707 11243 3520 97 1615 1929 0 0 0 0 0 0 0 0 0 0 0 0 0 0 0 3967274 2503163 2358968 2117005 2447535 1434637 1319415 419875 736640 1696553 1154066 2668343 0 0 0 0 0 0 0 0 0 374779 985824 717421 239344 195714 879814 684188 187261 218124 130090 258676 3185734 0 0
380 385 385 1113 2143 2143 1923 2062 2143 2099 2143 2143 18671 18671 15237 21536 29578 29578 29561 29578 39034 35495 19375 18763 110879 178236 0 0 0 213536 262316 225656 52672 30175 30175 27131 20351 13880 9400 5747 1635 1497 1239 940 66 0 0 0 0 0 0 0 0 0 0 0 0 0 0 0 0 4935802 2176592 1832043 2527233 2424896 3113823 3075846 433359 703725 1217350 3364015 0 0 0 0 0 0 0 0 0 0 375009 1661710 888647 110757 833953 1101050 606834 182709 454800 526677 182919 2417908 0 0
2278 2804 2823 2520 2136 1957 1823 2067 2150 2105 2106 2155 18777 17612 13393 21725 29747 29747 29084 29747 82631 88547 86139 67701 60431 115422 165270 0 0 0 566736 334707 47159 30512 30347 24359 4941 3093 3090 4282 14563 52461 35175 0 0 0 0 0 0 0 0 0 0 0 0 0 0 0 0 0 0 1890063 2853206 2457533 2108022 2667400 6135380 3112760 2107398 1331125 2617095 0 0 0 0 0 0 0 0 0 0 0 532080 2381028 1608431 566851 210068 701743 650462 528265 1659752 1202422 949657 202558 671660 0
2875 2875 4329 17993 9933 2240 1755 2666 2069 2073 2150 2143 17744 15238 14252 23218 26888 27021 26524 317906 467178 158939 112084 221143 246795 87833 273071 0 0 0 0 840142 310610 53047 33133 6698 27117 52165 25738 5565 9762 0 0 0 0 0 0 0 0 0 0 0 0 0 0 0 0 0 0 0 0 1239015 4930356 2300186 1631557 2274203 1670280 2080662 5642386 5281471 0 0 0 0 0 0 0 0 0 0 0 0 856967 2582431 0 0 325461 836288 1262659 752592 1665372 1767563 1100492 401590 401183 1148353
2755 3136 20108 25535 25535 22207 19979 39096 26097 38455 36546 14555 18337 16207 14401 23997 24667 24667 24667 68443 2186593 328234 117940 311352 216662 125216 1038385 362979 0 0 0 1340601 1365008 99438 53515 31872 97492 99861 49760 11919 0 0 0 0 0 0 0 0 0 0 0 0 0 0 0 0 0 0 0 0 0 0 2776624 2320331 2300278 2160816 1715172 1595496 0 0 0 0 0 0 0 0 0 0 0 0 0 0 0 0 0 0 127319 720836 1405570 965407 1737179 1725236 1812957 815710 195360 254166
2884 31335 41312 25643 22143 30545 52298 51509 47876 44391 151808 114068 37267 22285 14468 27176 24935 40433 77327 134980 750260 906812 164761 189680 153165 258556 781252 797017 173232 0 0 1159395 1307693 321925 143449 75754 123723 0 0 0 0 0 0 0 0 0 0 0 0 0 0 0 0 0 0 0 0 0 0 0 0 0 1104692 2818355 2065877 1837989 1954592 1985192 0 0 0 0 0 0 0 0 0 0 0 0 0 0 0 0 0 0 231649 836305 2770006 1034810 1281274 1222018 908199 501585 109016 230389
127388 0 0 75973 29073 46108 51936 52009 60967 65927 311245 205461 208734 199919 94993 104442 109199 177849 277296 282628 575330 703547 120763 115510 158699 293746 720667 428375 261900 146974 0 1137425 1437747 380274 0 0 0 0 0 0 0 0 0 0 0 0 0 0 0 0 0 0 0 0 0 0 0 0 0 0 0 0 0 2066223 2382886 4757432 2565077 3489306 0 0 0 0 0 0 0 0 0 0 0 0 0 0 0 0 0 0 350604 1385028 8312029 1280265 606136 851549 242607 92175 52850 168727
207693 271399 251834 148208 148311 76055 48749 46734 62655 78344 210897 187568 271112 270129 103834 123014 123708 164490 204367 221462 357428 129117 253672 89209 208208 921576 496012 447178 263037 85105 56380 0 0 0 0 0 0 0 0 0 0 0 0 0 0 0 0 0 0 0 0 0 0 0 0 0 0 0 0 0 0 0 0 3539838 4067599 5266111 3985441 5523256 0 0 0 0 0 0 0 0 0 0 0 0 0 0 0 0 0 0 238199 409755 0 0 446347 301138 539562 840816 150511 344306
211238 1027577 517267 183848 149078 90845 45341 29267 28786 39734 77277 146598 175992 196239 105156 106768 73762 155389 164410 93269 100461 122950 133718 44097 521516 1381811 1277345 1524580 246990 103859 265170 0 0 0 0 0 0 0 55879 0 0 0 0 0 0 0 0 0 0 0 0 0 0 0 0 0 0 0 0 0 0 0 0 0 4554582 4160903 4524234 5410787 0 0 0 0 0 0 0 0 0 0 0 0 0 0 0 0 0 0 134746 230344 0 0 0 64809 1869579 2173236 1738041 1134145
536726 1084329 827763 491984 195752 116269 64083 61087 25185 20917 13992 103617 103545 70223 113992 91638 72164 249837 198247 85687 58092 98876 129843 110521 586421 1362057 1348620 1381187 257466 111326 125218 276177 0 101429 66140 60918 76353 69913 61884 0 0 0 0 0 0 0 0 0 0 0 0 0 0 0 0 0 0 0 0 0 0 0 0 0 8639932 3618339 4756112 3970338 0 0 0 0 0 0 0 0 0 0 0 0 0 0 0 0 0 0 0 0 0 0 0 0 1059784 5305629 8589920 0
663257 503257 391740 391149 289506 184435 154640 131394 20429 9836 8983 45495 61869 10270 74817 97632 216606 138045 110054 90429 134397 110279 335085 664746 458949 865553 2352737 885563 365200 1341075 788270 276822 300467 201382 133277 40325 44922 51477 32761 0 0 0 0 0 0 0 0 0 0 0 0 0 0 0 0 0 0 0 0 0 0 0 0 0 0 3992561 3657662 0 0 0 0 0 0 0 0 0 0 0 0 0 0 0 0 0 0 0 209418 0 0 0 0 0 0 3258662 0 0
304917 161631 85106 334534 257846 164372 149018 17441 7287 8315 6562 16237 14159 10298 57370 158731 368179 155828 104832 120652 147791 126649 355291 835403 789617 1266300 2291469 1126915 686978 455359 167214 127520 157897 159892 101416 44392 43067 52811 0 0 0 0 0 0 0 0 0 0 0 0 0 0 0 0 0 0 0 0 0 0 0 0 0 0 0 5337503 0 0 1201614 0 0 0 0 0 0 0 0 0 0 0 0 0 0 0 0 0 449693 1231365 0 0 0 0 0 0 0 0
70314 114314 81862 128611 161620 65441 55045 46122 5294 19873 10396 2292 1299 6541 34366 63159 123133 163124 144488 150157 108640 67393 27318 523955 1332986 2437666 1728148 919234 330082 85963 118527 106552 89334 74088 68316 101876 65044 49522 0 0 0 0 0 0 0 0 0 0 0 0 0 0 0 0 0 0 0 0 0 0 0 0 0 0 0 0 0 0 4303838 1213601 0 0 0 0 0 0 0 0 0 0 0 0 0 0 0 0 0 796834 0 0 0 0 0 0 0 0
66079 108191 106613 154476 96463 98634 45730 65121 18858 26289 17574 3301 3619 784 30877 48698 100088 144713 158259 160312 78568 35496 34651 273240 538308 1659116 2311338 292969 127145 73807 79596 63109 52542 67787 92659 107425 58105 0 0 0 0 0 0 0 0 0 0 0 0 0 0 0 0 0 0 0 0 0 0 0 0 0 0 0 0 0 0 0 5580507 822621 0 0 0 0 0 0 0 0 0 0 0 0 0 0 0 0 0 0 1366845 1310881 0 0 0 0 0 0
79184 86446 78996 85235 63591 75318 35808 69013 106744 101551 15366 30665 8545 14697 11522 38407 60888 50950 46869 83792 79407 49193 48558 53224 210733 511640 507860 93178 43651 44127 54437 54963 61678 95825 92480 79521 30812 0 0 0 0 0 0 0 0 0 0 0 0 0 0 0 0 0 0 0 0 0 0 0 0 0 0 0 0 0 0 0 0 0 0 0 0 0 0 0 0 0 0 0 0 0 0 0 0 0 0 0 1970858 250828 686567 0 0 0 0 0
109726 76663 97124 117242 94033 94049 656629 135189 120149 128240 70463 41880 34217 18799 15915 39209 52966 50230 163038 103325 80910 61207 42376 55259 29920 57355 80545 39167 40279 38987 63262 73865 85829 112474 103269 135850 0 0 0 0 0 0 0 0 0 0 0 0 0 0 0 0 0 0 0 0 0 0 0 0 0 0 0 0 0 0 0 0 0 0 0 0 0 0 0 0 0 0 0 0 0 0 0 0 766122 802160 0 0 0 943361 79606 0 0 0 0 0
87272 51747 51028 49312 37600 44826 106897 412429 239797 125822 155052 68302 44531 67479 68378 84224 56416 106735 671792 456963 182018 215561 79258 53472 11967 14798 37148 37890 44003 109397 118079 249047 155412 264710 123496 0 0 0 0 0 0 0 0 0 0 0 0 0 0 0 0 0 0 0 0 0 0 0 0 0 0 0 0 0 0 0 0 0 0 0 0 0 0 0 0 0 0 0 0 0 0 0 0 0 0 490832 3538257 0 0 3148731 489914 0 0 0 0 0
55172 48597 35550 32020 22547 9144 186921 276012 231609 218517 303546 107605 54854 65459 72260 262366 151198 150137 1089490 490030 752299 405878 137423 57526 31258 29051 26194 25509 45280 77883 150293 184291 243416 1205553 0 0 0 0 0 0 0 0 0 0 0 0 0 0 0 0 0 0 0 0 0 0 0 0 0 0 0 0 0 0 0 0 0 0 0 0 0 0 0 0 0 0 0 0 0 0 0 0 0 0 0 0 847417 1618192 0 0 1305441 325931 0 0 0 0
23018 11612 11445 11627 8805 11109 50121 66458 79038 80563 68895 67210 73980 48760 26153 100652 52798 244886 590188 441554 490615 1049509 912232 406893 68541 37040 15713 29191 25627 78530 105171 137009 0 0 0 0 0 0 0 0 0 0 0 0 0 0 0 0 0 0 0 0 0 0 0 0 0 0 0 0 0 0 0 0 0 0 0 0 0 0 0 0 0 0 0 0 0 0 0 0 0 0 0 0 0 0 0 656113 462356 380149 295350 4068898 0 0 0 0
14757 15866 9771 14322 10724 14007 76954 64358 64465 71276 79857 104661 170657 393910 23045 33591 384742 996532 965961 675177 2473123 1887706 3886778 1358897 337913 684065 173005 31264 18536 39218 176827 0 0 0 0 0 0 0 0 0 0 0 0 0 0 0 0 0 0 0 0 0 0 0 0 0 0 0 0 0 0 0 0 0 0 0 0 0 0 0 0 0 0 0 0 0 0 0 0 0 0 0 0 0 0 0 0 539122 791731 550557 264004 0 0 0 0 0
18783 19038 25238 37244 26471 41634 226585 70383 89930 107028 93057 79301 51888 41746 45041 41555 241687 877145 1440277 1237888 0 0 0 1764651 1905836 2205532 214743 81929 12542 99023 0 0 0 0 0 0 0 0 0 0 0 0 0 0 0 0 0 0 0 0 0 0 0 0 0 0 0 0 0 0 0 0 0 0 0 0 0 0 0 0 0 0 0 0 0 0 0 0 0 0 0 0 0 0 0 0 0 0 2081451 401951 238956 0 0 0 0 0
29165 70476 17522 42551 56405 103326 107000 68036 19440 36264 87448 77151 52015 47669 55596 72639 741079 3088790 1861004 668829 0 0 884150 208472 2182245 1526682 252739 61069 55106 41737 0 0 0 0 0 0 0 0 0 0 0 0 0 0 0 0 0 0 0 0 0 0 0 0 0 0 0 0 0 0 0 0 0 0 0 0 0 0 0 0 0 0 0 0 0 0 0 0 0 0 0 0 0 0 0 0 0 0 0 639642 381056 796559 0 0 0 0
45165 29520 27488 22528 134475 103466 146985 54133 29655 25943 45472 75750 83906 83087 120286 101219 1371160 3518298 1899501 420205 784624 922987 404620 112460 112483 360519 146992 145453 85368 0 0 0 0 0 0 0 0 0 0 0 0 0 0 0 0 0 0 0 0 0 0 0 0 0 0 0 0 0 0 0 0 0 0 0 0 0 0 0 0 0 0 0 0 0 0 0 0 0 0 0 0 0 0 0 0 0 0 0 0 413283 450985 409990 1219883 648964 0 0
93714 66141 50761 540179 60070 215669 196701 61323 30778 33698 66192 287789 95516 46452 184218 136285 533380 2618283 985969 304215 568964 758673 375036 307919 557291 1035455 179475 798453 0 0 0 0 0 0 0 0 0 0 0 0 0 0 0 0 0 0 0 0 0 0 0 0 0 0 0 0 0 0 0 0 0 0 0 0 0 0 0 0 0 0 0 0 0 0 0 0 0 0 0 0 0 0 0 0 0 0 0 0 0 0 867986 739832 678589 570744 0 0
395249 308487 254241 4121897 182323 247256 633294 395707 135564 145754 146769 103722 91301 44686 201232 85895 181506 417143 398681 165010 278418 384402 449324 427263 158777 131229 790347 648806 0 0 0 0 0 0 0 0 0 0 0 0 0 0 0 0 0 0 0 0 0 0 0 0 0 0 0 0 0 0 0 0 0 0 0 0 0 0 0 0 0 0 0 0 0 0 0 0 0 0 0 0 0 0 0 0 0 0 0 0 0 0 0 588854 987348 1628371 0 0
411293 667794 436528 363101 206867 252808 379838 316859 203102 202114 560288 286202 127859 95589 169661 127295 107270 0 190711 135423 119334 121263 220383 338251 194488 193829 357596 0 0 0 0 0 0 0 0 0 0 0 0 0 0 0 0 0 0 0 0 0 0 0 0 0 0 0 0 0 0 0 0 0 0 0 0 0 0 0 0 0 0 0 0 0 0 0 0 0 0 0 0 0 0 0 0 0 0 0 0 0 0 0 0 0 0 2725490 0 0
27239 56593 91620 147015 152395 137214 99501 165829 323719 303089 322195 1329163 379422 133361 94155 87930 103146 98865 112450 77760 94637 100512 65326 370384 387011 356836 289859 0 0 0 0 0 0 0 0 0 0 0 0 0 0 0 0 0 0 0 0 0 0 0 0 0 0 0 0 0 0 0 0 0 0 0 0 0 0 0 0 0 0 0 0 0 0 0 0 0 0 0 0 0 0 0 0 0 0 0 0 0 0 0 0 0 0 0 17734488 11150767
0 59930 133672 147124 132096 146675 91175 43906 68178 119095 182683 315188 100019 106239 170012 129775 94295 131399 0 134372 81352 105523 216797 237511 277387 329714 264339 0 0 0 0 0 0 0 0 0 0 0 0 0 0 0 0 0 0 0 0 0 0 0 0 0 0 0 0 0 0 0 0 0 0 0 0 0 0 0 0 0 0 0 0 0 0 0 0 0 0 0 0 0 0 0 0 0 0 0 0 0 0 0 0 0 0 0 0 4100660
0 842985 118955 157525 115696 83623 30972 30583 29964 28943 46900 59297 63618 95881 169761 87150 73581 98494 63370 255741 328543 261736 360912 277473 113271 77250 82482 0 0 0 0 0 0 0 0 0 0 0 0 0 0 0 0 0 0 0 0 0 0 0 0 0 0 0 0 0 0 0 0 0 0 0 0 0 0 0 0 0 0 0 0 0 0 0 0 0 0 0 0 0 0 0 0 0 0 0 0 0 0 0 0 0 0 0 0 0
0 650311 136186 131289 115987 78415 31214 29936 23177 25777 56123 56613 58188 94551 97874 56980 99380 83274 62674 96264 177405 684083 322666 218153 88659 29957 79154 191823 0 0 0 0 0 0 0 0 0 0 0 0 0 0 0 0 0 0 0 0 0 0 0 0 0 0 0 0 0 0 0 0 0 0 0 0 0 0 0 0 0 0 0 0 0 0 0 0 0 0 0 0 0 0 0 0 0 0 0 0 0 0 0 0 0 0 0 0
0 0 114802 130062 131487 117650 68242 22456 21929 21433 54229 65773 171527 168267 122238 90921 90890 105068 85645 87960 59402 215664 211742 171687 120651 91242 313725 658965 0 0 0 0 0 0 0 0 0 0 0 0 0 0 0 0 0 0 0 0 0 0 0 0 0 0 0 0 0 0 0 0 0 0 0 0 0 0 0 0 0 0 0 0 0 0 0 0 0 0 0 0 0 0 0 0 0 0 0 0 0 0 0 0 0 0 0 0
0 0 132876 249746 244112 151273 142079 30686 18773 18001 21568 18777 81151 147496 221562 841040 101633 106331 68058 43390 34228 372792 0 151982 87636 74050 162397 168112 118788 0 0 0 0 0 0 0 0 0 0 0 0 0 0 0 0 0 0 0 0 0 0 0 0 0 0 0 0 0 0 0 0 0 0 0 0 0 0 0 0 0 0 0 0 0 0 0 0 0 0 0 0 0 0 0 0 0 0 0 0 0 0 0 0 0 0 0
0 112089 197131 486238 308281 168406 87973 17086 17086 17086 17087 17899 42740 42188 44886 350098 857270 69681 41190 33922 116136 477002 0 45395 13637 17138 84313 87969 156641 0 0 0 0 0 0 0 0 113749 0 0 0 0 0 0 0 0 0 0 0 0 0 0 0 0 0 0 0 0 0 0 0 0 0 0 0 0 0 0 0 0 0 0 0 0 0 0 0 0 0 0 0 0 0 0 0 0 0 0 0 0 0 0 0 0 0 0
0 142980 167375 317011 218183 153242 18935 17018 17018 17018 39860 41413 28170 14314 30633 81978 268289 54237 55751 156330 362224 1182198 0 194370 22206 36147 159565 315895 284712 0 0 0 0 0 0 0 157312 160739 0 0 0 0 0 0 0 0 0 0 0 0 0 0 0 0 0 0 0 0 0 0 0 0 0 0 0 0 0 0 0 0 0 0 0 0 0 0 0 0 0 0 0 0 0 0 0 0 0 0 0 0 0 0 0 0 0 0
14521 64739 118847 118847 67672 22271 7741 11417 16634 16944 51492 56836 45932 32166 43032 91150 226921 65425 127030 141998 114290 687217 1185304 816741 162742 153672 169861 283209 561069 0 0 0 0 0 0 0 132442 257735 0 0 0 0 0 0 0 0 0 0 0 0 0 0 0 0 0 0 0 0 0 0 0 0 0 0 0 0 0 0 0 0 0 0 0 0 0 0 0 0 0 0 0 0 0 0 0 0 0 0 0 0 0 0 0 0 0 0
19994 75093 112585 86800 46421 10393 6989 6989 7027 12728 62466 113679 49991 51752 51717 136161 1048085 121253 56580 28700 46805 83276 985712 1878947 384653 354557 283840 751761 0 0 0 0 0 0 143313 129165 194524 166823 0 0 0 0 0 0 0 0 0 0 0 0 0 0 0 0 0 0 0 0 0 0 0 0 0 0 0 0 0 0 0 0 0 0 0 0 0 0 0 0 0 0 0 0 0 0 0 0 0 0 0 0 0 0 0 0 0 0
20803 39403 35036 32512 31840 15162 6954 6954 6954 7156 39250 45791 26461 45233 93311 257102 96945 138979 202073 298122 197566 177199 401217 883087 281113 361455 174704 480133 0 0 0 0 15725 45246 165858 112495 85293 165948 0 0 0 0 0 0 0 0 0 0 0 0 0 0 0 0 0 0 0 0 0 0 0 0 0 0 0 0 0 0 0 0 0 0 0 0 0 0 0 0 0 0 0 0 0 0 0 0 0 0 0 0 0 0 0 0 0 0
7717 8874 82232 93566 93240 85897 17330 10183 8265 7678 13044 39965 42539 100986 80182 105791 172460 191851 674059 1247910 314579 58993 105987 222528 519349 360235 0 0 0 0 0 0 26701 25167 53562 77531 360310 0 0 0 0 0 0 0 0 0 0 0 0 0 0 0 0 0 0 0 0 0 0 0 0 0 0 0 0 0 0 0 0 0 0 0 0 0 0 0 0 0 0 0 0 0 0 0 0 0 0 0 0 0 0 0 0 0 0 0
4297 5071 50452 79357 70040 94223 26901 29307 29884 16556 13245 21089 9162 22804 49982 83762 220709 283272 463713 473762 428625 157669 78990 70699 249631 0 0 0 0 0 0 0 39004 86791 190888 1513538 226157 0 0 0 0 0 0 0 0 0 0 0 0 0 0 0 0 0 0 0 0 0 0 0 0 0 0 0 0 0 0 0 0 0 0 0 0 0 0 0 0 0 0 0 0 0 0 0 0 0 0 0 0 0 0 0 0 0 0 0
0 6764 5579 3703 9367 16100 14014 7846 7294 11050 9832 8092 8248 30758 58065 133008 113976 288014 252832 343257 481326 324365 664687 0 0 0 0 0 0 0 0 0 34877 66388 442788 1095246 293361 0 0 0 0 0 0 0 0 0 0 0 0 0 0 0 0 0 0 0 0 0 0 0 0 0 0 0 0 0 0 0 0 0 0 0 0 0 0 0 0 0 0 0 0 0 0 0 0 0 0 0 0 0 0 0 0 0 0 0
