data/pop/popcount/gpw_pop_counts_qd_1990a.asc
ncols 1440 
nrows 720
xllcorner -180
yllcorner -90
cellsize .25
NODATA_value -99
[rows 448 to 511 of 720, columns 1152 to 1247 of 1440]
0 0 0 0 0 0 0 0 0 0 0 0 0 0 0 0 0 0 0 0 0 0 0 0 0 0 66 70 70 70 70 70 70 70 70 70 70 70 70 70 70 70 68 57 52 22 17 17 17 17 17 17 17 17 17 17 17 17 17 13 13 17 17 16 17 17 17 17 17 17 17 17 17 17 17 17 17 17 17 17 17 17 17 12 10 18 18 18 18 18 18 18 18 18 18 18
0 0 0 0 0 0 0 0 0 0 0 0 0 0 0 0 0 0 0 0 0 0 0 0 0 0 152 69 69 69 69 69 69 69 69 69 69 69 69 69 69 69 69 55 45 34 17 17 17 17 17 17 17 17 17 17 17 17 17 17 17 17 17 11 17 17 17 17 17 17 17 17 17 17 17 17 17 17 17 17 17 14 5 3 10 18 18 18 18 18 18 18 18 18 18 18
0 0 0 0 0 0 0 0 0 0 0 0 0 0 0 0 0 0 0 0 0 0 36 417 464 475 343 70 69 69 69 69 69 69 69 69 69 69 69 69 69 69 69 63 35 17 17 17 17 17 17 17 17 17 17 17 17 17 17 17 17 17 17 16 17 17 17 17 17 17 17 17 17 17 17 17 17 17 17 17 17 12 6 6 15 18 18 18 18 18 18 18 18 18 18 18
0 0 0 0 0 0 0 0 0 0 0 0 0 0 0 0 0 0 0 0 0 0 0 145 213 292 345 69 69 69 69 69 69 69 69 69 69 69 69 69 69 69 66 21 17 17 17 17 17 17 17 17 17 17 17 17 17 17 17 17 17 17 17 17 17 17 17 17 17 17 17 17 17 17 17 17 17 17 17 17 17 17 17 17 18 18 18 18 18 18 18 18 18 18 18 18
0 0 0 0 0 0 0 0 0 0 0 0 0 0 0 0 0 0 0 0 0 0 0 0 139 137 94 69 69 69 69 69 69 69 69 69 69 69 69 69 69 69 40 17 17 17 17 17 17 17 17 17 17 17 17 17 17 17 17 17 16 17 17 17 17 17 17 17 17 17 17 17 17 17 17 17 17 17 17 17 17 17 17 17 17 17 17 17 17 17 17 17 17 17 17 17
0 0 0 0 0 0 0 0 0 0 0 0 0 0 0 0 0 0 0 0 0 0 0 117 138 138 119 82 86 96 69 69 69 69 69 69 69 69 62 47 35 36 19 18 18 18 18 18 18 18 18 17 14 14 14 14 14 14 10 4 12 14 14 14 14 14 14 14 14 14 14 14 14 14 14 14 14 14 14 14 14 14 13 11 16 17 17 17 17 17 17 17 17 17 17 17
0 0 0 0 0 0 0 0 0 0 0 0 0 0 0 0 0 0 0 0 0 0 56 97 138 138 138 138 138 138 79 66 33 33 17 49 69 69 63 19 19 19 19 19 19 19 19 19 19 19 19 16 8 8 8 8 8 8 6 4 7 8 8 8 8 8 7 5 5 5 5 5 5 5 5 5 5 5 5 5 5 5 5 5 17 17 17 17 17 17 17 17 17 17 17 17
0 0 0 0 0 0 0 0 0 0 0 0 0 0 0 0 0 0 0 0 0 0 88 97 138 138 138 138 138 99 11 35 4 4 4 12 15 14 13 18 19 19 19 19 19 19 19 19 19 18 10 8 8 8 8 8 8 8 8 8 7 8 8 8 8 8 7 5 5 5 5 5 5 5 5 5 5 5 5 5 5 5 5 5 17 17 17 17 17 17 17 17 17 17 17 17
0 0 0 0 0 0 0 0 0 0 0 0 0 0 0 0 0 0 0 0 0 0 22 83 138 138 138 138 106 114 4 4 4 4 4 4 4 4 4 14 19 19 19 19 19 19 19 19 19 11 8 8 8 8 8 8 8 8 8 8 8 8 8 8 8 8 7 5 5 5 5 5 5 5 5 5 5 5 5 5 5 5 5 5 18 18 18 18 18 18 18 18 18 18 18 18
0 0 0 0 0 0 0 0 0 0 0 0 0 0 0 0 0 0 0 0 0 0 59 137 137 137 137 133 4 7 4 4 4 4 4 4 4 4 6 17 19 19 19 19 19 19 19 19 15 8 8 8 8 8 8 8 8 8 8 8 8 8 8 8 8 8 7 5 5 5 5 5 5 5 5 5 5 5 5 5 5 5 5 5 18 18 18 18 18 18 18 18 18 18 18 18
0 0 0 0 0 0 0 0 0 0 0 0 0 0 0 0 0 0 0 0 0 0 98 137 137 137 137 135 65 4 4 4 4 4 4 4 4 4 11 19 19 19 19 19 19 19 19 19 11 8 8 8 8 8 8 8 8 8 8 8 8 8 8 8 8 8 7 5 5 5 5 5 5 5 5 5 5 5 5 5 5 5 5 5 18 18 18 18 18 17 14 14 18 18 18 18
0 0 0 0 0 0 0 0 0 0 0 0 0 0 0 0 0 0 0 0 0 0 57 137 137 137 137 102 59 4 4 4 4 4 4 4 4 4 4 16 19 19 19 19 19 19 19 19 11 8 8 8 8 8 8 8 8 8 8 8 8 8 8 8 8 8 7 5 5 5 5 5 5 5 5 5 5 5 5 5 5 5 5 5 18 18 18 18 18 18 18 14 11 17 18 18
0 0 0 0 0 0 0 0 0 0 0 0 0 0 0 0 0 0 0 0 0 0 0 0 137 137 137 41 4 4 4 4 4 4 4 4 4 4 4 17 19 19 19 19 19 19 19 19 15 8 8 8 8 8 8 8 8 8 8 7 8 8 8 8 8 8 7 5 5 5 5 5 5 5 5 5 5 5 5 5 5 5 5 5 18 18 18 18 18 18 18 18 18 18 18 18
0 0 0 0 0 0 0 0 0 0 0 0 0 0 0 0 0 0 0 0 0 0 0 0 136 136 136 84 4 4 4 4 4 4 4 4 4 8 12 19 19 19 19 19 19 19 19 19 12 8 8 8 8 8 8 8 8 8 8 6 6 8 8 8 8 8 7 5 5 5 5 5 5 5 5 5 5 5 5 5 5 5 5 5 18 18 18 18 18 18 18 18 18 18 18 18
0 0 0 0 0 0 0 0 0 0 0 0 0 0 0 0 0 0 0 0 0 0 0 0 116 136 136 123 4 11 4 4 4 4 3 3 4 17 19 19 19 19 19 19 19 19 19 19 10 8 8 8 8 8 8 8 8 8 8 8 8 8 8 8 8 7 7 5 5 5 5 5 5 5 5 5 5 5 5 5 5 5 5 5 18 18 18 18 18 18 18 18 18 18 18 18
0 0 0 0 0 0 0 0 0 0 0 0 0 0 0 0 0 0 0 0 0 0 0 0 24 135 136 102 45 49 12 3 3 3 3 3 5 18 19 19 19 19 19 19 19 19 19 19 11 8 8 8 8 8 8 8 7 7 8 8 8 8 8 8 8 6 7 5 5 5 5 5 5 5 5 5 5 5 5 5 5 5 5 5 18 18 18 18 18 18 18 18 18 18 18 18
0 0 0 0 0 0 0 0 0 0 0 0 0 0 0 0 0 0 0 0 11 24 0 0 0 0 52 52 52 52 4 3 3 3 3 3 4 14 19 19 19 19 19 19 19 19 19 16 8 8 8 8 8 8 8 8 5 4 5 6 7 8 8 8 8 7 6 5 5 5 5 5 5 5 5 5 5 5 5 5 5 5 5 5 7 7 7 7 7 7 7 7 7 7 7 7
0 0 0 0 0 0 0 0 0 0 0 0 0 0 0 0 0 0 0 0 0 0 0 0 24 52 52 52 52 36 3 3 3 3 3 3 3 5 15 19 19 19 19 19 19 19 19 10 7 7 7 7 7 7 7 7 7 7 7 7 6 7 7 7 7 7 7 5 5 5 5 5 5 5 5 5 5 5 5 5 5 5 5 5 7 7 7 7 7 7 7 7 7 7 7 7
0 0 0 0 0 0 0 0 0 0 0 0 0 0 0 0 0 0 0 0 0 0 0 0 52 52 52 52 52 33 3 3 3 3 3 3 3 5 17 19 18 19 19 19 19 19 10 7 7 7 7 7 7 7 7 7 7 7 7 7 5 7 7 7 7 7 7 5 5 5 5 5 5 5 5 5 5 5 5 5 5 5 5 5 7 7 7 7 7 7 7 7 7 7 7 7
0 0 0 0 0 0 0 0 0 0 0 0 0 0 0 0 0 0 0 0 0 0 0 0 52 52 52 52 52 98 10 3 3 3 3 3 3 31 38 38 19 14 19 19 19 12 7 7 7 6 7 7 7 7 7 6 6 6 5 5 5 4 5 5 5 5 5 5 5 5 5 5 5 5 5 5 5 5 5 5 5 5 5 5 7 7 7 7 7 7 7 7 7 7 7 7
0 0 0 0 0 0 0 0 0 0 0 0 0 0 0 0 0 0 0 0 0 0 0 0 104 63 52 52 55 83 5 3 3 3 3 3 8 32 40 40 40 37 26 19 17 8 7 7 7 7 7 7 7 7 7 5 5 5 5 5 5 4 5 5 5 5 5 5 5 5 5 5 5 5 5 5 5 5 5 5 5 5 5 5 7 7 7 7 7 7 7 7 7 7 7 7
0 0 0 0 0 0 0 0 0 0 0 0 0 0 0 0 0 0 0 0 0 0 0 0 152 180 165 165 166 75 9 3 3 3 5 9 21 39 38 40 40 40 35 17 8 7 7 7 41 59 59 59 59 59 27 5 5 5 5 5 5 5 5 5 5 5 5 5 5 5 5 5 5 5 5 5 5 5 5 5 5 5 5 5 7 7 7 7 7 7 7 7 7 7 7 7
0 0 0 0 0 0 0 0 0 0 0 0 0 0 0 0 0 0 0 0 0 0 0 0 83 183 183 170 166 124 72 35 3 5 8 15 18 37 35 26 30 39 32 7 7 7 7 7 36 65 65 65 64 65 41 39 5 5 5 5 5 5 5 5 5 5 5 5 5 5 5 5 5 5 5 5 5 5 5 5 5 5 5 5 7 7 7 7 7 7 7 7 7 7 7 7
0 0 0 0 0 0 0 0 0 0 0 0 0 0 0 0 0 0 0 0 0 0 0 0 92 183 183 183 173 105 72 55 7 14 15 15 15 40 43 41 38 41 28 7 7 7 7 7 29 65 65 65 59 63 59 41 5 5 5 5 5 5 5 5 5 4 5 5 5 5 5 5 5 5 5 5 5 5 5 5 5 5 5 5 7 7 7 7 7 7 7 7 7 7 7 7
0 0 0 0 0 0 0 0 0 0 0 0 0 0 0 0 0 0 0 0 0 0 0 0 0 175 182 175 134 107 72 27 11 15 15 15 15 42 43 43 43 43 25 7 7 7 7 7 21 65 65 65 65 65 65 50 5 5 5 5 5 5 5 5 5 5 5 5 5 5 5 5 5 5 5 5 5 5 5 5 5 5 5 5 7 7 7 7 7 7 7 7 7 7 7 7
0 0 0 0 0 0 0 0 0 0 0 0 0 0 0 0 0 0 0 0 0 0 0 0 0 0 175 133 126 97 72 40 60 15 15 15 15 22 42 43 43 39 9 7 7 7 5 6 41 59 65 65 65 65 56 50 5 5 5 5 5 5 5 5 5 5 5 5 5 5 5 5 5 5 5 5 5 5 5 5 5 5 5 5 7 7 7 7 7 7 7 7 7 7 7 7
0 0 0 0 0 0 0 0 0 0 0 0 0 0 0 0 0 0 0 0 0 0 0 0 0 0 0 1719 548 72 72 72 65 15 15 15 15 15 30 41 39 41 9 6 5 5 6 3 2 4 22 65 65 65 44 10 5 5 5 5 5 5 5 5 5 4 5 5 5 5 5 5 5 5 5 5 5 5 5 5 5 5 5 5 7 7 7 7 7 7 7 7 7 7 7 7
0 0 0 0 0 0 0 0 0 0 0 0 0 0 0 0 0 0 0 0 0 0 0 0 0 0 0 3838 1744 96 124 163 137 27 30 24 15 15 15 16 33 31 6 6 6 6 6 2 2 2 12 50 57 58 65 37 4 4 5 5 5 5 5 5 5 5 5 5 5 5 5 5 5 5 5 5 5 5 5 5 5 5 5 5 7 7 7 7 7 7 7 7 7 7 7 7
0 0 0 0 0 0 0 0 0 0 0 0 0 0 0 0 0 0 0 0 0 0 0 0 0 0 0 717 802 212 196 195 195 144 52 52 24 15 15 10 10 6 5 6 5 2 2 2 2 2 2 12 24 41 42 56 54 15 4 3 3 3 3 3 3 3 3 3 3 3 3 3 3 3 3 3 3 3 3 3 3 3 3 3 7 7 7 7 7 7 7 7 6 7 7 7
0 0 0 0 0 0 0 0 0 0 0 0 0 0 0 0 0 0 0 0 0 0 0 0 0 0 0 124 668 200 196 176 86 59 51 51 22 14 13 10 6 6 3 3 3 2 2 2 2 2 2 2 2 2 2 9 47 39 2 2 2 2 2 2 2 2 2 2 2 2 2 2 2 2 2 2 2 2 2 2 2 2 2 2 7 7 7 7 7 7 7 5 5 7 7 7
0 0 0 0 0 0 0 0 0 0 0 0 0 0 0 0 0 0 0 0 0 0 0 0 0 0 0 64 579 200 197 195 138 54 51 53 30 14 18 33 31 31 23 5 2 2 2 2 2 2 2 2 2 2 2 2 2 2 2 2 2 2 2 2 2 2 2 2 2 2 2 2 2 2 2 2 2 2 2 2 2 2 2 2 7 7 7 7 7 7 7 7 6 7 7 7
0 0 0 0 0 0 0 0 0 0 0 0 0 0 0 0 0 0 0 0 0 0 0 0 0 0 0 28 235 234 231 220 213 109 94 141 140 102 39 51 51 51 60 57 39 18 3 2 2 2 2 2 2 2 2 2 2 2 2 2 2 2 2 2 2 2 2 2 2 2 2 2 2 2 2 2 2 2 2 2 2 2 2 2 7 7 7 7 7 7 7 7 7 7 7 7
0 0 0 0 0 0 0 0 0 0 0 0 0 0 0 0 0 0 0 0 0 0 0 0 0 0 0 0 226 221 220 247 267 198 163 163 163 125 48 51 57 66 60 60 60 60 53 33 41 41 41 57 74 76 77 76 77 71 55 77 78 78 78 78 78 78 77 75 73 71 70 68 67 66 65 64 63 24 2 2 2 2 2 2 7 7 7 7 7 7 7 7 7 7 7 7
0 0 0 0 0 0 0 0 0 0 0 0 0 0 0 0 0 0 0 0 0 0 0 0 0 0 0 0 0 240 240 316 422 404 166 164 175 140 86 50 85 136 65 60 60 60 60 60 110 111 111 144 173 178 178 178 178 178 166 156 178 178 178 178 178 178 178 178 178 178 178 178 178 178 178 178 178 146 129 129 129 132 135 139 7 7 7 7 7 7 7 7 7 7 7 7
0 0 0 0 0 0 0 0 0 0 0 0 0 0 0 0 0 0 0 0 0 0 0 0 0 0 0 0 0 239 239 302 421 412 305 294 292 148 90 50 93 135 63 60 57 46 58 60 109 110 110 110 124 175 178 149 127 174 178 178 178 178 178 178 178 178 178 178 178 178 178 178 178 178 178 178 178 178 178 178 178 178 178 178 7 7 7 7 7 7 7 7 7 7 7 7
0 0 0 0 0 0 0 0 0 0 0 0 0 0 0 0 0 0 0 0 0 0 0 0 0 0 0 0 0 348 273 273 295 238 290 301 285 147 108 76 113 136 60 59 53 52 49 60 108 110 110 110 110 133 177 165 177 177 177 177 177 177 177 177 177 177 177 177 177 177 177 177 177 177 177 177 177 177 177 177 177 177 177 177 7 7 7 7 7 7 7 7 7 7 7 7
0 0 0 0 0 0 0 0 0 0 0 0 0 0 0 0 0 0 0 0 0 0 0 0 0 0 0 0 0 302 609 589 725 255 302 346 283 242 221 186 156 323 66 59 59 59 59 61 110 110 110 110 110 110 129 122 154 165 177 177 177 177 177 177 177 177 177 177 177 177 177 177 177 177 177 177 177 173 160 159 173 177 177 177 7 7 7 7 7 7 7 7 7 7 7 7
0 0 0 0 0 0 0 0 0 0 0 0 0 0 0 0 0 0 0 0 0 0 0 0 0 0 0 0 0 42 4760 1330 1128 1128 656 370 365 304 285 330 601 726 105 59 59 59 59 60 110 110 110 110 110 110 63 105 110 104 97 99 104 106 107 110 111 111 111 111 130 130 115 101 99 98 97 95 76 25 12 12 76 95 94 92 10 10 16 19 19 18 17 18 18 20 20 20
0 0 0 0 0 0 0 0 0 0 0 0 0 0 0 0 0 0 0 0 0 0 0 0 0 0 0 0 0 0 0 25339 23402 4016 7503 1094 470 368 355 433 642 680 641 111 59 59 59 60 109 109 109 109 109 109 109 86 80 65 12 12 12 12 12 12 12 12 12 12 12 12 12 12 12 12 12 12 12 12 12 12 12 12 12 11 15 12 10 0 0 0 0 0 0 0 0 21
0 0 0 0 0 0 0 0 0 0 0 0 0 0 0 0 0 0 0 0 0 0 0 0 0 0 0 0 0 0 0 532996 43063 15047 945 830 560 377 347 311 272 245 239 125 67 59 59 59 48 48 49 50 52 53 51 23 53 33 12 12 12 12 12 12 12 12 12 12 12 12 12 12 12 12 12 12 12 12 12 12 0 0 0 0 0 0 0 0 0 0 0 0 0 0 0 0
0 0 0 0 0 0 0 0 0 0 0 0 0 0 0 0 0 0 0 0 0 0 0 0 0 0 0 0 0 0 0 285412 76062 10702 592 422 376 373 343 291 266 176 173 170 128 69 69 69 12 12 12 12 12 12 11 9 12 12 12 12 12 12 12 12 12 12 12 12 12 12 12 12 12 12 12 12 12 11 8 5 0 0 0 0 0 0 0 0 0 0 0 0 0 0 0 0
0 0 0 0 0 0 0 0 0 0 0 0 0 0 0 0 0 0 0 0 0 0 0 0 0 0 0 0 0 0 0 50985 7455 294 377 455 496 499 337 327 235 123 119 115 115 115 115 115 12 9 10 12 12 12 12 10 12 12 12 12 12 12 12 12 12 12 12 12 12 12 10 0 0 0 0 0 0 0 0 0 0 0 0 0 0 0 0 0 0 0 0 0 0 0 0 0
0 0 0 0 0 0 0 0 0 0 0 0 0 0 0 0 0 0 0 0 0 0 0 0 0 0 0 0 0 0 0 4696 2359 403 161 329 543 513 364 247 131 125 125 125 125 125 121 115 12 10 11 115 123 123 122 76 122 122 123 123 123 112 12 12 12 12 12 12 9 5 1 0 0 0 0 0 0 0 0 0 0 0 0 0 0 0 0 0 0 0 0 0 0 0 0 0
0 0 0 0 0 0 0 0 0 0 0 0 0 0 0 0 0 0 0 0 0 0 0 0 0 0 0 0 0 0 0 2750 2108 371 330 345 5720 402 328 239 137 127 119 118 118 118 118 89 58 58 58 126 157 162 162 162 162 162 162 162 162 150 95 94 86 10 0 0 0 0 0 0 0 0 0 0 0 0 0 0 0 0 0 0 0 0 0 0 0 0 0 0 0 0 0 0
0 0 0 0 0 0 0 0 0 0 0 0 0 0 0 0 0 0 0 0 0 0 0 0 0 0 0 0 0 0 0 5035 4232 1945 344 337 470 579 511 256 247 131 117 117 117 117 117 116 62 59 56 151 161 161 161 161 161 161 161 161 161 161 161 161 92 0 0 0 0 0 0 0 0 0 0 0 0 0 0 0 0 0 0 0 0 0 0 0 0 0 0 0 0 0 0 0
0 0 0 0 0 0 0 0 0 0 0 0 0 0 0 0 0 0 0 0 0 0 0 0 0 0 0 0 0 0 0 5980 3125 1675 278 266 562 596 458 354 166 116 101 100 92 117 92 76 59 59 59 154 161 161 161 161 161 161 161 161 161 161 161 159 16 0 0 0 0 0 0 0 0 0 0 0 0 0 0 0 0 0 0 0 0 0 0 0 0 0 0 0 0 0 0 0
0 0 0 0 0 0 0 0 0 0 0 0 0 0 0 0 0 0 0 0 0 0 0 0 0 0 0 102 3108 2901 5568 1948 1420 399 291 335 363 810 1825 1599 94 94 94 97 104 121 61 59 59 59 59 127 160 160 160 160 160 160 160 160 160 160 160 0 0 0 0 0 0 0 0 0 0 0 0 0 0 0 0 0 0 0 0 0 0 0 0 0 0 0 0 0 0 0 0 0
0 0 0 0 0 0 0 0 0 0 0 0 0 0 0 0 0 0 0 0 0 0 0 0 0 0 0 104 2769 2761 1775 953 1637 592 358 502 514 508 470 418 251 253 216 136 140 135 59 53 44 48 35 65 68 51 70 78 126 118 104 92 111 111 78 0 0 0 0 0 0 0 0 0 0 0 0 0 0 0 0 0 0 0 0 0 0 0 0 0 0 0 0 0 0 0 0 0
0 0 0 0 0 0 0 0 0 0 0 0 0 0 0 0 0 0 0 0 0 0 0 0 0 0 0 0 0 1026 255 410 1387 1310 402 442 396 290 307 0 0 274 214 139 139 138 0 0 0 0 0 0 0 0 0 0 0 0 0 0 0 0 0 0 0 0 0 0 0 0 0 0 0 0 0 0 0 0 0 0 0 0 0 0 0 0 0 0 0 0 0 0 0 0 0 0
0 0 0 0 0 0 0 0 0 0 0 0 0 0 0 0 0 0 0 0 0 0 0 0 0 0 0 0 0 202 221 741 895 895 771 251 254 246 311 0 355 894 1091 330 127 0 0 0 0 0 0 0 0 0 0 0 0 0 0 0 0 0 0 0 0 0 0 0 0 0 0 0 0 0 0 0 0 0 0 0 0 0 0 0 0 0 0 0 0 0 0 0 0 0 0 0
0 0 0 0 0 0 0 0 0 0 0 0 0 0 0 0 0 0 0 0 0 0 0 0 0 0 0 0 0 0 0 561 893 893 893 568 492 492 492 531 1016 1616 0 0 0 0 0 0 0 0 0 0 0 0 0 0 0 0 0 0 0 0 0 0 0 0 0 0 0 0 0 0 0 0 0 0 0 0 0 0 0 0 0 0 0 0 0 0 0 0 0 0 0 0 0 0
0 0 0 0 0 0 0 0 0 0 0 0 0 0 0 0 0 0 0 0 0 0 0 0 0 0 0 0 0 0 0 0 0 0 0 0 1138 1082 1259 0 0 0 0 0 0 0 0 0 0 0 0 0 0 0 0 0 0 0 0 0 0 0 0 0 0 0 0 0 0 0 0 0 0 0 0 0 0 0 0 0 0 0 0 0 0 0 0 0 0 0 0 0 0 0 0 0
0 0 0 0 0 0 0 0 0 0 0 0 0 0 0 0 0 0 0 0 0 0 0 0 0 0 0 0 0 0 0 0 0 0 0 0 150 218 526 0 0 0 0 0 0 0 0 0 0 0 0 0 0 0 0 0 0 0 0 0 0 0 0 0 0 0 0 0 0 0 0 0 0 0 0 0 0 0 0 0 0 0 0 0 0 0 0 0 0 0 0 0 0 0 0 0
0 0 0 0 0 0 0 0 0 0 0 0 0 0 0 0 0 0 0 0 0 0 0 0 0 0 0 0 0 0 0 0 0 0 0 0 0 0 0 0 0 0 0 0 0 0 0 0 0 0 0 0 0 0 0 0 0 0 0 0 0 0 0 0 0 0 0 0 0 0 0 0 0 0 0 0 0 0 0 0 0 0 0 0 0 0 0 0 0 0 0 0 0 0 0 0
0 0 0 0 0 0 0 0 0 0 0 0 0 0 0 0 0 0 0 0 0 0 0 0 0 0 0 0 0 0 0 0 0 0 0 0 0 0 0 0 0 0 0 0 0 0 0 0 0 0 0 0 0 0 0 0 0 0 0 0 0 0 0 0 0 0 0 0 0 0 0 0 0 0 0 0 0 0 0 0 0 0 0 0 0 0 0 0 0 0 0 0 0 0 0 0
0 0 0 0 0 0 0 0 0 0 0 0 0 0 0 0 0 0 0 0 0 0 0 0 0 0 0 0 0 0 0 0 0 0 0 0 0 0 0 0 0 0 0 0 0 0 0 0 0 0 0 0 0 0 0 0 0 0 0 0 0 0 0 0 0 0 0 0 0 0 0 0 0 0 0 0 0 0 0 0 0 0 0 0 0 0 0 0 0 0 0 0 0 0 0 0
0 0 0 0 0 0 0 0 0 0 0 0 0 0 0 0 0 0 0 0 0 0 0 0 0 0 0 0 0 0 0 0 0 0 0 0 0 0 0 0 0 0 0 0 0 0 0 0 0 0 0 0 0 0 0 0 0 0 0 0 0 0 0 0 0 0 0 0 0 0 0 0 0 0 0 0 0 0 0 0 0 0 0 0 0 0 0 0 0 0 0 0 0 0 0 0
0 0 0 0 0 0 0 0 0 0 0 0 0 0 0 0 0 0 0 0 0 0 0 0 0 0 0 0 0 0 0 0 0 0 0 0 0 0 0 0 0 0 0 0 0 0 0 0 0 0 0 0 0 0 0 0 0 0 0 0 0 0 0 0 0 0 0 0 0 0 0 0 0 0 0 0 0 0 0 0 0 0 0 0 0 0 0 0 0 0 0 0 0 0 0 0
0 0 0 0 0 0 0 0 0 0 0 0 0 0 0 0 0 0 0 0 0 0 0 0 0 0 0 0 0 0 0 0 0 0 0 0 0 0 0 0 0 0 0 0 0 0 0 0 0 0 0 0 0 0 0 0 0 0 0 0 0 0 0 0 0 0 0 0 0 0 0 0 0 0 0 0 0 0 0 0 0 0 0 0 0 0 0 0 0 0 0 0 0 0 0 0
0 0 0 0 0 0 0 0 0 0 0 0 0 0 0 0 0 0 0 0 0 0 0 0 0 0 0 0 0 0 0 0 0 0 0 0 0 0 0 0 0 0 0 0 0 0 0 0 0 0 0 0 0 0 0 0 0 0 0 0 0 0 0 0 0 0 0 0 0 0 0 0 0 0 0 0 0 0 0 0 0 0 0 0 0 0 0 0 0 0 0 0 0 0 0 0
0 0 0 0 0 0 0 0 0 0 0 0 0 0 0 0 0 0 0 0 0 0 0 0 0 0 0 0 0 0 0 0 0 0 0 0 0 0 0 0 0 0 0 0 0 0 0 0 0 0 0 0 0 0 0 0 0 0 0 0 0 0 0 0 0 0 0 0 0 0 0 0 0 0 0 0 0 0 0 0 0 0 0 0 0 0 0 0 0 0 0 0 0 0 0 0
0 0 0 0 0 0 0 0 0 0 0 0 0 0 0 0 0 0 0 0 0 0 0 0 0 0 0 0 0 0 0 0 0 0 0 0 0 0 0 0 0 0 0 0 0 0 0 0 0 0 0 0 0 0 0 0 0 0 0 0 0 0 0 0 0 0 0 0 0 0 0 0 0 0 0 0 0 0 0 0 0 0 0 0 0 0 0 0 0 0 0 0 0 0 0 0
0 0 0 0 0 0 0 0 0 0 0 0 0 0 0 0 0 0 0 0 0 0 0 0 0 0 0 0 0 0 0 0 0 0 0 0 0 0 0 0 0 0 0 0 0 0 0 0 0 0 0 0 0 0 0 0 0 0 0 0 0 0 0 0 0 0 0 0 0 0 0 0 0 0 0 0 0 0 0 0 0 0 0 0 0 0 0 0 0 0 0 0 0 0 0 0
0 0 0 0 0 0 0 0 0 0 0 0 0 0 0 0 0 0 0 0 0 0 0 0 0 0 0 0 0 0 0 0 0 0 0 0 0 0 0 0 0 0 0 0 0 0 0 0 0 0 0 0 0 0 0 0 0 0 0 0 0 0 0 0 0 0 0 0 0 0 0 0 0 0 0 0 0 0 0 0 0 0 0 0 0 0 0 0 0 0 0 0 0 0 0 0
