data/pop/popcount/gpw_pop_counts_qd_1995a.asc
ncols 1440 
nrows 720
xllcorner -180
yllcorner -90
cellsize .25
NODATA_value -99
[rows 192 to 255 of 720, columns 768 to 863 of 1440]
162407 407443 407506 406965 271542 69751 41674 34801 48631 64649 64280 47124 38933 35589 37478 39976 29329 0 0 0 0 0 0 0 0 0 0 0 0 0 0 39100 36960 48207 63714 47141 45482 45482 45482 45482 45482 45482 45482 40872 29515 29350 29350 44577 52209 52209 52209 52209 49819 41777 39991 39991 39905 39104 40388 32921 25343 25553 26627 0 0 0 0 0 0 0 0 0 0 0 0 0 0 0 0 0 0 0 20918 8421 13530 16540 16101 15311 16036 18043 17465 20419 0 0 0 0
0 121181 301646 226646 210067 87906 87393 80492 36062 36199 47111 48329 54477 56103 56103 43418 6045 0 0 0 0 0 0 0 0 0 0 0 0 0 0 62945 44909 52778 46578 45659 45659 45659 45659 45659 45659 45659 45659 44435 29950 29465 29465 29538 38806 45561 49671 52413 44231 40147 40147 40147 30493 23630 37935 34869 25442 25442 25442 25442 0 0 0 0 0 0 0 0 0 0 0 0 0 0 0 0 0 0 76027 36088 16652 16652 16652 16652 16665 17095 20904 21782 0 0 0 0
0 0 0 0 119709 103759 104722 132206 161796 145174 67416 75257 67046 56464 56320 53597 53812 0 0 0 0 0 0 0 0 0 0 0 0 22596 157149 161847 99753 49069 46547 45836 45836 45836 45836 45836 45836 45836 45836 36680 28270 27199 24716 18314 15885 15283 23557 38648 41540 39317 36173 34622 27636 21500 35296 34898 33609 28948 36586 41060 311960 816706 454115 0 0 0 0 0 0 0 0 0 0 0 45917 74284 77437 77437 77437 69696 18796 16716 16716 16716 16716 18196 22313 26933 38869 27248 72369 72487
0 0 0 0 0 0 0 106624 186227 165820 101708 85613 91067 69997 52446 64770 171188 177065 142936 88689 32165 0 0 0 0 0 0 0 0 17434 155234 123198 95029 45410 33705 0 45737 46011 46011 43489 37630 31767 29149 19413 23281 25710 25340 19831 16007 23083 36277 0 0 23061 22975 21800 19869 35491 43078 43453 43545 43545 0 0 0 0 0 0 836530 825902 673047 315402 99683 107274 52212 28600 10880 35007 67432 71039 73565 72182 67302 40978 16972 16801 16863 16858 17306 26201 28042 34157 59620 67382 72728 72765
0 0 0 0 0 0 0 9168 808023 1244687 527611 99383 94401 82556 40255 36830 82078 168186 176125 177738 176608 0 0 0 0 0 0 0 0 29914 118211 106528 62679 48769 0 0 20862 28387 27077 32228 31948 24800 44184 45729 128136 93709 35176 24829 35181 17202 20733 0 0 6961 11715 11876 23275 40647 43275 43704 43711 0 0 0 0 0 0 0 258053 268923 287291 158851 162430 117112 99392 68161 29074 29074 29074 29074 29074 25164 17986 17454 17454 17410 17454 17237 21702 27880 28248 28248 32059 32995 43411 52761
0 0 0 0 0 0 0 0 0 0 0 0 127264 115925 40473 36055 35630 43808 53903 146014 140096 139566 131679 98949 0 0 0 0 0 42457 106998 107860 71015 44854 59298 58874 23477 16048 17499 34543 43081 42976 123450 0 0 151735 104974 5637 0 0 0 0 0 0 0 0 0 0 21717 25463 0 0 0 0 0 0 0 94850 414485 386322 120875 129098 129359 99766 91870 47637 29184 29184 29184 29184 29184 36869 66313 47026 18082 17520 17520 17520 25284 28354 28354 28354 29324 31007 33119 33309
0 0 0 0 0 0 0 0 0 0 0 0 129725 129761 100124 39507 35912 35513 36717 37700 6530 86649 111423 144395 0 0 0 0 0 17895 67967 50251 33215 29772 23180 22772 19713 22095 25225 27105 40347 43167 21468 0 0 18731 17211 5960 0 0 0 0 0 0 0 0 0 0 19856 16797 0 0 0 0 0 0 54316 58814 81223 80981 71649 45728 54554 56132 50248 29293 52905 48472 44442 49839 61447 69377 79346 79346 64758 45739 35169 22259 23985 28460 28460 28460 28460 30765 35345 44113
0 0 0 0 0 0 0 0 0 0 0 0 50244 117573 88773 38779 36339 42319 30385 0 0 0 0 0 171371 156673 0 0 0 0 0 44400 36211 30911 19613 18122 16399 12840 17441 25182 31366 38920 13471 0 0 6075 0 0 0 0 0 0 0 0 0 0 2284 19576 26704 27230 27230 29110 41913 34656 61257 99356 77146 101076 101076 101076 88362 22441 20812 20812 25238 45259 71430 70795 74724 79640 79640 79640 79640 79640 79640 79640 68066 61467 35211 28563 28565 28269 27569 27162 36112 38340
0 0 0 0 0 0 0 0 0 0 0 0 0 0 0 58812 56846 62330 0 0 0 0 0 0 0 0 0 0 0 0 0 0 45152 26481 19029 19029 14143 14249 15252 23491 29494 30038 28943 0 0 0 0 0 0 0 0 0 0 0 0 0 11922 27270 27330 27551 29959 32104 42167 42167 42234 77988 100747 101447 101447 76932 56687 24064 21006 25865 28125 28166 28166 28166 29573 67290 79932 79932 79932 79932 79932 78883 68078 62344 33948 26442 26295 26207 26206 26206 26206 26206
0 0 0 0 0 0 0 0 0 0 0 0 0 0 0 0 67449 0 0 0 0 0 0 0 0 0 0 0 0 0 0 0 0 22066 19128 19098 21200 25036 25036 25521 28235 29601 29601 0 0 0 0 0 0 0 0 0 0 0 0 0 13487 26729 25165 31661 42321 42321 42321 42321 42321 42321 48496 74065 86250 35785 30690 26577 26869 28306 28268 28268 28268 28268 28268 47251 80223 80223 80223 80223 80223 79915 64354 43114 23929 24635 26178 26301 26301 26301 26301 26277
0 0 0 0 0 0 0 0 0 0 0 0 0 0 0 0 60974 67693 68194 76120 31595 0 0 0 0 0 0 0 0 0 0 0 0 0 24907 27235 27466 26639 27853 28869 29147 29708 34978 0 0 0 0 0 0 0 0 0 0 0 0 2134 12038 9401 7557 37040 93393 102251 48910 45413 42473 42473 42409 36295 31249 31249 31249 31249 31249 29466 28370 28370 28444 28441 28370 30592 78329 80512 80512 80512 80512 80512 42511 24043 23999 23999 26994 27473 26396 26396 26405 24577
0 0 0 0 0 0 0 0 0 0 0 0 0 0 0 0 49833 74234 80310 84578 45937 0 0 0 0 0 0 0 0 0 0 0 0 0 24853 28496 26548 20400 12369 23131 25478 25014 41814 0 0 0 0 0 0 0 0 0 0 0 0 7868 17704 25995 5564 91048 139228 137501 62307 55657 48387 48775 48658 37328 31361 31361 31361 31361 31369 31490 29962 30861 31446 30637 29599 36427 69406 73849 71574 54551 42630 54745 54048 33341 24085 24148 28664 31855 27428 28635 32438 34574
0 0 0 0 0 0 0 0 0 0 0 0 0 0 0 0 0 85051 63614 0 0 0 0 0 0 0 0 0 0 0 0 0 0 0 6408 19025 20732 25573 9821 15183 22269 22332 18460 15632 16033 24042 0 0 0 0 8689 0 0 0 0 0 0 0 0 0 131060 82232 56586 56586 56586 56586 56586 55715 33037 31572 35920 34024 31686 31954 31954 31954 31954 31954 31263 29905 29905 30149 29905 29905 23643 16282 72458 65045 30589 30372 32564 32766 34650 34696 34696 34696
0 0 0 0 0 0 0 0 0 0 0 0 0 0 0 0 81484 87375 20604 0 0 0 0 0 0 0 0 0 0 0 0 0 0 0 0 0 25807 27439 24289 24713 14176 15770 23107 23962 17361 10095 26166 22940 14408 0 0 0 0 0 0 0 0 51128 0 0 139376 92599 67824 56785 56785 56785 56785 52088 42329 41779 42288 35997 32066 32066 32066 32066 25676 22486 27291 30010 30010 30010 30010 30010 19492 154 7900 35085 33200 32819 32679 32679 34265 34818 34818 34818
0 0 0 0 0 0 0 0 0 0 0 0 0 0 0 0 110039 82563 13387 0 0 0 0 0 0 0 0 0 0 0 0 0 0 0 0 0 11869 13337 18471 25950 10654 6724 17081 28416 29064 32266 87441 142494 20534 196 0 0 0 0 0 0 21103 59636 0 0 124067 140698 133769 99022 93776 74579 56982 50938 42436 42512 42968 39133 32295 32178 32192 31518 33684 26102 30036 30115 30115 30115 30115 30115 17938 12598 5761 26385 33352 32598 30674 31888 27574 25584 34939 34939
0 0 35104 28311 89808 90655 18179 6154 12748 11309 42252 83070 78140 107949 61098 110476 0 0 0 0 0 0 0 0 0 0 0 0 0 0 0 0 0 0 0 0 0 0 38388 54276 49759 28360 12568 0 155007 449698 412981 560190 0 0 0 0 0 0 0 0 0 0 0 0 130445 141183 141183 141119 135451 124757 64620 45907 43707 43758 43798 39787 32938 32838 33670 18649 34016 33737 30991 30218 30218 30218 30218 30218 30251 32777 32088 33466 33056 29761 29168 29238 31094 34983 35559 47469
0 0 106887 109839 145718 151756 148095 145663 150969 100041 105050 167840 154787 33253 9270 34488 0 0 0 0 0 0 0 0 0 0 0 0 0 0 0 0 0 0 0 0 0 0 50235 42892 44265 33992 36887 0 0 105810 160439 485923 0 0 0 0 0 0 0 0 0 0 0 0 3717 91315 74317 74046 68062 68062 68062 48675 43970 43970 40970 24675 30221 29919 34132 24493 34132 20438 23700 30322 30322 30322 30322 30322 30322 30627 30970 30730 30201 29494 29268 29268 36616 60038 63634 67723
0 0 0 0 108365 123368 114037 107859 96038 46867 71052 162650 0 0 0 0 0 0 0 0 0 0 0 0 0 0 0 0 0 0 0 0 0 0 0 0 0 0 42339 23443 13780 16777 26745 24578 0 0 0 0 0 0 0 0 0 0 0 0 0 0 0 0 0 0 63679 68292 66279 61798 61297 48771 44119 44119 0 0 18334 22234 25355 33998 34247 29010 19476 30424 30424 30424 30424 30424 30413 29614 23262 29159 30424 30113 29367 49172 65363 67952 67952 67952
0 0 0 0 5526 60182 90278 89173 66613 67180 163673 161820 0 0 0 0 0 0 0 0 0 0 0 0 0 0 0 0 0 0 0 0 0 0 0 0 0 0 14019 37811 14289 14065 15123 2538 0 0 0 0 0 0 0 0 0 0 0 0 0 0 0 0 0 0 28118 33494 32833 29323 34372 43837 44267 44023 0 22157 22802 23979 22157 30051 36696 35418 33122 31394 30526 30526 30526 25287 16183 15273 15273 19119 29573 32933 43330 63293 68180 68180 68180 68180
0 0 0 0 0 0 0 49623 51009 104362 162283 129037 0 0 0 0 0 0 0 0 0 0 0 0 0 0 0 0 0 0 0 0 0 0 0 0 0 0 23873 37449 29146 17383 15300 0 0 0 0 0 0 0 0 0 0 7842 5992 0 0 0 0 0 0 0 25497 26919 25359 28048 29169 31641 41975 35617 22455 29719 38445 38473 37815 38714 38975 38975 38975 38539 33526 30628 26155 15546 15324 15343 19851 27735 44704 57151 58200 60667 67627 68407 68407 68458
0 0 0 0 0 0 0 0 0 0 0 0 0 0 0 0 0 0 0 0 0 0 0 0 0 0 0 0 0 0 0 0 0 0 0 0 0 0 0 0 0 21918 13662 15566 0 0 0 0 0 0 0 0 0 0 0 0 0 0 0 0 0 0 3959 5848 18632 0 25687 29222 31303 30462 31273 38470 39104 39104 27233 0 0 0 39104 39104 39091 34224 26169 16469 31508 54114 58392 58392 58392 58392 49604 0 66405 68632 66549 51848
0 0 0 0 0 0 0 0 0 0 0 0 0 0 0 0 0 0 0 0 0 0 0 0 0 0 0 0 0 0 0 0 0 0 0 0 0 0 0 0 0 8252 1228 7093 0 0 0 0 0 0 0 0 0 0 0 0 0 0 0 0 0 0 6718 4129 9681 0 0 7488 21325 29566 36899 39231 39231 39231 10711 0 0 0 10569 26229 37674 38010 16828 15425 39995 58583 58583 58583 57484 25932 0 0 24911 47512 24860 0
0 0 0 0 0 0 0 0 0 0 0 0 0 0 0 0 0 0 0 0 0 0 0 0 0 0 0 0 0 0 0 0 0 0 0 0 0 0 0 0 0 0 0 0 0 0 0 0 0 0 0 0 0 0 0 0 0 0 0 0 0 0 0 9476 21557 0 0 0 9449 34677 39358 39358 35746 0 0 0 0 0 0 0 0 0 42910 49659 56773 58772 58772 0 0 0 0 0 0 0 0 68551
0 0 0 0 0 0 0 0 0 0 0 0 0 0 0 0 0 0 0 0 0 0 0 0 0 0 0 0 0 0 0 0 0 0 0 0 0 0 0 0 0 0 0 0 0 0 0 0 0 0 0 0 0 0 0 0 0 0 0 0 0 0 0 35712 12511 0 0 0 0 1960 12348 10585 903 0 0 0 0 0 0 0 0 0 38053 44091 32798 25926 20885 0 0 0 0 0 0 0 0 41193
0 0 0 0 0 0 0 0 0 265406 78830 0 0 0 0 0 0 0 0 0 0 0 0 0 0 0 0 0 0 0 0 0 0 0 0 0 0 0 0 0 0 0 0 0 0 0 0 0 0 0 0 0 0 0 0 0 0 0 0 0 0 0 0 0 0 0 0 0 0 0 0 0 0 0 0 0 0 0 0 0 0 0 0 0 0 0 0 0 0 0 0 0 0 0 0 97534
0 0 0 0 0 0 0 0 0 0 0 0 0 0 0 0 0 0 0 0 0 0 0 0 0 0 0 0 0 0 0 0 0 0 0 0 0 0 0 0 0 0 0 0 0 0 6070 6755 7690 0 0 0 0 0 0 0 0 0 0 0 0 0 0 0 0 0 0 0 0 0 0 0 0 0 0 0 0 0 0 0 0 0 0 0 0 0 0 0 0 0 0 0 0 0 0 187799
0 0 0 0 0 0 0 0 0 0 0 0 0 0 0 0 0 0 0 0 0 0 0 0 0 0 0 0 0 0 0 0 0 0 0 0 0 0 0 0 0 0 0 0 0 0 28543 36023 33176 15804 0 0 0 0 0 0 0 0 0 0 0 0 0 0 0 0 0 0 0 0 0 0 0 0 0 0 0 0 0 0 0 0 0 0 0 0 0 28900 18773 0 0 0 0 0 0 77049
0 0 0 0 0 0 0 0 0 0 0 0 0 0 0 0 0 0 0 0 0 0 0 0 0 0 0 0 0 0 0 0 0 0 0 0 0 0 0 0 0 0 0 0 0 0 0 0 0 0 0 62873 67079 59218 24348 0 0 0 0 0 0 0 0 0 0 0 0 0 0 0 0 0 0 0 0 0 0 0 0 0 0 0 32643 45992 61766 61267 47547 38139 2331 0 0 0 0 0 0 77303
0 0 0 0 0 0 0 0 0 0 0 0 0 0 0 0 0 0 0 0 0 0 0 0 0 0 0 0 0 0 0 0 0 0 0 0 0 0 0 0 0 0 0 0 0 0 0 0 0 0 0 17477 0 0 0 0 0 0 0 0 0 0 0 0 0 0 0 0 0 0 0 0 0 0 0 0 0 0 0 0 0 0 33882 67442 63588 46030 20397 5874 1850 0 0 0 0 0 0 96067
0 0 0 0 0 0 0 0 0 0 0 0 0 0 0 0 0 0 0 0 0 0 0 0 0 0 0 0 0 0 0 0 0 0 0 0 0 0 0 0 0 0 0 0 0 0 0 0 0 0 0 0 0 0 0 0 0 0 0 0 0 0 0 0 0 0 0 0 0 0 0 0 0 0 0 0 0 0 0 0 0 0 0 0 0 0 0 0 0 0 0 0 0 0 0 21929
0 0 0 0 0 0 0 0 0 0 0 0 0 0 0 0 0 0 0 0 0 0 0 0 0 0 0 0 0 0 0 0 0 0 0 0 0 0 0 0 0 0 0 0 0 0 0 0 0 0 0 0 0 0 0 0 0 0 0 0 0 0 0 0 0 0 0 0 0 0 0 0 0 0 0 0 0 0 0 0 0 0 0 0 0 0 0 0 0 0 0 0 0 0 10715 340490
0 0 0 0 0 0 0 0 0 0 0 0 0 0 0 0 0 0 0 0 0 0 0 0 0 0 0 0 0 0 0 0 0 0 0 0 0 0 0 0 0 0 0 0 0 0 0 0 0 0 0 0 0 0 0 0 0 0 0 0 0 0 0 0 0 0 0 0 0 0 0 0 0 0 0 0 0 0 0 0 0 0 0 0 0 0 0 0 0 0 0 0 0 0 53504 105956
0 0 0 0 0 0 0 0 0 0 0 0 0 0 0 0 0 0 0 0 0 0 0 0 0 0 0 0 0 0 0 0 0 0 0 0 0 0 0 0 0 0 0 0 0 0 0 0 0 0 0 0 0 0 0 0 0 0 0 0 0 0 0 0 0 0 0 0 0 0 0 0 0 0 0 0 0 0 0 0 0 0 0 0 0 0 0 0 0 0 0 0 0 0 837752 332492
0 0 0 0 0 0 0 0 0 0 0 0 0 0 0 0 0 0 0 0 0 0 0 0 0 0 0 0 0 0 0 0 0 0 0 0 0 0 0 0 0 0 0 0 0 0 0 0 0 0 0 0 0 0 0 0 0 0 0 0 0 0 0 0 0 0 0 0 0 0 0 0 0 0 0 0 0 0 0 0 0 0 0 0 0 0 0 0 0 0 0 0 0 0 121178 67585
0 0 0 0 0 0 0 0 0 0 0 0 0 0 0 0 0 0 0 0 0 0 0 0 0 0 0 0 0 0 0 0 0 0 0 0 0 0 0 0 0 0 0 0 0 0 0 0 0 0 0 0 0 0 0 0 0 0 0 0 0 0 0 0 0 0 0 0 0 0 0 0 0 0 0 0 0 0 0 0 0 0 0 0 0 0 0 0 0 0 0 0 0 0 68189 60953
0 0 0 0 0 0 0 0 0 0 0 0 0 0 0 0 0 0 0 0 0 0 0 0 0 0 0 0 0 0 0 0 0 0 0 0 0 0 0 0 0 0 0 0 0 0 0 0 0 0 0 0 0 0 0 0 0 0 0 0 0 0 0 0 0 0 0 0 0 0 0 0 0 0 0 0 0 0 0 0 0 0 0 0 0 0 0 0 0 0 0 0 0 158581 115715 57452
0 0 0 0 0 0 0 0 0 0 0 0 0 0 0 0 0 0 0 0 0 0 0 0 0 0 0 0 0 0 0 0 0 0 0 0 0 0 7359 7032 2632 0 0 0 0 0 0 0 0 0 0 0 0 0 0 0 0 0 0 0 0 0 0 0 0 0 0 0 0 0 0 0 0 0 0 0 0 0 0 0 0 0 0 0 0 0 0 0 0 0 0 0 228063 187433 72967 62321
27073 33726 56936 56562 178678 349367 249460 129708 54592 23489 0 0 0 0 0 0 0 0 0 0 0 0 0 0 0 0 0 0 0 0 0 0 0 0 2976 4110 5806 7924 12059 11909 4759 4242 4213 3295 0 0 0 0 0 0 0 0 0 0 0 0 0 0 0 0 0 0 0 0 0 0 0 0 0 0 0 0 0 0 0 0 0 0 0 0 0 0 0 0 0 0 0 0 0 0 0 0 349165 188642 241604 309239
34240 47942 57211 50943 87494 138339 19092 22372 44792 46689 36154 0 0 0 0 0 0 0 0 0 0 0 0 0 0 0 0 0 0 0 0 0 0 0 10413 5860 5860 9419 12093 11510 4323 4254 4254 4254 2419 0 0 0 0 0 0 0 0 0 0 0 0 0 0 0 0 0 0 0 0 0 0 0 0 0 0 0 0 0 0 0 0 0 0 0 0 0 0 0 0 0 0 0 0 0 0 0 280215 201993 296182 309574
5935 5935 5187 1395 1395 8466 15111 12582 15417 35202 41728 69810 48086 10836 0 0 0 0 0 0 0 0 0 0 0 0 0 0 0 0 0 0 0 18529 5876 5876 5876 6653 11543 11750 4293 4266 4266 4266 3801 782 721 535 0 0 0 0 0 0 0 0 0 0 0 0 0 0 0 0 0 0 0 0 0 0 0 0 0 0 0 0 0 0 0 0 0 0 0 0 0 0 0 0 0 0 41644 1485479 207178 204147 245482 220982
5951 5951 5128 1398 1398 1336 814 808 808 4254 7371 5837 516 136 0 0 0 0 0 0 0 0 0 0 0 0 0 0 0 0 0 0 0 27294 5892 5892 5892 5892 8188 12145 4291 4277 4277 4277 2729 998 998 998 0 0 0 0 0 0 0 0 0 0 0 0 0 0 0 0 0 0 0 0 0 0 0 0 0 0 0 0 0 0 0 0 0 0 0 0 0 0 0 0 0 0 115585 633838 350056 204595 210502 169590
5967 5950 3726 1707 1402 1402 1022 811 811 811 811 811 805 450 0 0 0 0 0 0 0 0 0 0 0 0 0 0 0 0 0 0 0 44853 18473 19915 17123 5908 8712 11492 4289 4289 4289 4289 2234 1001 1001 1001 1001 1001 1001 1001 618 0 0 431 0 0 0 0 0 0 0 0 0 0 0 0 0 0 0 0 0 0 0 0 0 0 0 0 0 0 0 0 0 0 0 0 0 0 111121 229676 302655 144739 121545 167926
5983 4977 1406 1406 1406 1406 1338 905 813 813 813 813 813 781 599 307 52 0 0 0 0 0 0 0 0 0 0 0 0 0 0 0 0 46274 46274 46274 44357 7446 8332 10520 4300 4300 4300 4069 1130 1003 1003 1003 1003 1003 1003 983 955 955 955 955 955 953 908 747 512 213 0 0 0 0 0 0 0 0 0 0 90064 181328 306915 306452 409701 689859 674160 382947 0 0 0 0 0 0 0 0 0 718830 35842 72864 131235 47331 50488 76768
5087 3470 1410 1410 1410 1410 1410 1372 870 815 815 815 815 815 815 815 1545 2004 1942 0 0 0 0 0 0 0 0 0 0 0 0 0 0 20103 43754 39998 38905 12858 5518 7481 3119 3374 4312 3761 1006 1006 1006 1006 1006 1006 1006 987 958 958 958 958 958 958 958 958 958 910 736 0 0 0 0 0 0 0 0 0 319322 234901 306862 414112 653898 738248 794258 703201 0 0 0 0 0 0 0 0 0 49265 35784 35784 35784 28227 38508 40059
1413 1413 1413 1413 1413 1413 1413 1413 1150 817 817 817 817 817 817 817 1277 2223 2223 2223 2223 2223 1997 1241 0 0 0 0 0 0 0 0 0 424 424 424 424 424 424 424 424 551 2918 3287 992 1009 1009 1009 1009 1009 1009 1005 961 961 961 961 961 961 961 961 961 961 961 961 961 961 953 590 292 546 632212 776142 237023 235712 235652 981840 1252674 835735 689736 566854 434422 91702 108485 6676 6676 6676 6676 6676 6621 18561 35878 35878 35878 29504 23197 29589
1417 1417 1417 1417 1417 1417 1417 1417 1401 1174 911 820 819 819 819 819 895 2212 2229 2229 2229 2229 2229 2229 0 0 0 0 0 0 0 0 312 425 425 395 345 425 425 425 425 425 425 425 877 1011 1011 1011 1011 1011 1011 1005 963 963 963 963 963 963 963 963 963 963 963 963 963 963 963 963 963 963 567004 852348 270171 236325 236325 960451 1288657 729278 568328 486663 247174 90706 55910 6693 6693 6395 5074 6336 5392 6886 34463 35971 32813 9481 13327 10434
1421 1421 1421 1421 1421 1421 1421 1421 1421 1421 1421 1250 821 821 821 821 821 1992 2235 2235 2235 2235 2235 2235 2235 2235 1785 235 0 119 268 426 426 426 426 369 184 426 426 426 426 426 426 426 878 1014 1014 1014 1014 1014 1014 982 965 965 965 965 965 965 965 965 965 949 737 495 498 594 934 965 965 965 170250 236933 236933 236933 236933 844740 1819315 1106500 573802 327005 94110 67607 83610 10937 6710 6710 6710 5776 5678 6564 25102 36064 25579 3098 3098 2653
1424 1424 1424 1424 1424 1424 1424 1424 1424 1424 1424 1373 823 823 823 823 823 1507 2241 2241 2241 2241 2241 2241 2241 2241 2195 339 388 427 392 427 427 427 427 184 119 418 427 427 427 427 427 427 879 1016 1016 1016 1016 1016 1013 969 968 968 968 968 968 968 968 968 530 331 306 595 897 968 968 968 968 968 19222 129014 228021 233168 149087 92623 821872 1899713 1435461 1160913 46544 45062 35560 20415 6727 5484 6185 4984 6475 5994 11915 36126 22253 3106 3106 2798
1428 1428 1428 1428 1428 1428 1428 1428 1428 1428 1428 979 825 825 825 825 825 981 2246 2246 2246 2246 2246 2246 2246 2246 2025 428 392 427 275 356 428 428 428 428 427 428 428 428 428 428 428 428 880 1019 1019 1019 1019 1019 1017 962 970 970 970 970 970 970 970 891 450 536 926 970 970 970 970 970 970 970 970 970 33344 113930 85225 85225 87429 1300531 1388756 1126284 36279 32403 19357 13199 3319 3283 4330 5900 6744 6744 6744 30155 10326 3114 3114 3031
1432 1432 1432 1432 1432 1432 1432 1250 1394 1432 1404 196 350 498 718 827 827 830 2158 2252 2252 2252 2252 2252 2252 2252 2023 429 429 429 404 377 429 429 429 429 429 429 429 429 429 429 429 429 881 1022 1022 1022 1022 1022 813 948 973 973 973 973 973 973 905 720 678 821 948 973 973 973 973 973 973 973 8909 49483 83239 98238 159591 195419 125370 82672 85438 74725 36369 17603 0 1234 1234 1234 1198 1336 3314 5087 6485 18006 3071 3122 3122 3122
1435 1435 1435 1435 1435 1435 926 458 536 1161 1140 195 179 148 249 438 228 445 1038 775 1456 1620 1525 2257 2257 2257 1148 430 359 393 430 430 430 430 430 430 430 430 430 430 430 430 430 430 882 1024 1024 1024 1024 1024 1024 1012 975 975 955 975 975 975 917 959 951 893 716 975 975 975 975 975 975 24094 80758 85653 143360 214248 179183 225141 206317 107118 85649 76853 36459 35005 0 0 1237 1237 1237 1237 1237 1237 1242 823 2670 2885 3086 3130
1439 1439 1439 1439 1439 1153 460 459 459 413 189 181 154 144 177 181 181 181 181 181 181 181 310 1938 2263 2263 547 431 419 413 431 431 431 431 431 431 431 431 431 431 431 431 431 431 883 1027 1027 1027 1027 1027 1027 1027 978 978 744 941 978 978 978 978 978 978 978 978 978 978 978 978 34270 84318 85859 158784 234482 231647 233400 244020 236646 61127 80321 72377 35764 31704 0 0 989 1240 1240 1240 1240 1240 0 0 1753 1753 1768 1939
1442 1442 1442 1442 1297 532 460 460 460 392 182 182 173 179 143 147 113 182 182 182 182 182 182 707 2269 2268 443 432 432 432 432 432 432 432 432 432 432 432 432 432 432 432 432 432 884 1029 1029 1029 1029 1029 1029 1029 980 980 980 980 980 980 980 980 980 980 980 980 980 980 1809 45875 85985 86066 86158 232657 256490 256150 260824 254052 71466 516 2748 13009 3870 888 0 0 313 1243 1243 1243 1243 1243 717 0 2508 2854 3108 3180
1002 1224 1445 994 520 461 461 461 461 461 350 202 182 182 155 146 182 182 182 182 182 182 182 198 1256 2101 433 433 433 433 433 433 433 433 433 433 433 433 433 433 433 433 433 433 885 1032 1032 1032 1032 1032 1032 1032 982 982 982 982 982 982 982 982 982 982 982 25240 46354 64410 81707 86273 86273 86273 91941 117197 117197 117197 117969 99843 517 517 517 517 517 517 517 253 0 1221 1246 1246 1246 1246 346 2740 3329 3329 3329 3329
462 463 689 463 462 462 462 462 462 462 462 411 183 183 173 180 183 183 183 183 183 183 183 183 183 196 218 288 363 435 435 435 435 435 435 435 435 435 435 435 435 435 435 435 886 1034 1034 1034 1034 1034 1034 1034 985 985 985 985 985 985 985 985 985 985 13985 85669 86477 86477 86477 86477 86477 86486 104338 117475 117475 117475 116857 69755 518 518 518 518 518 518 518 516 169 0 0 1249 1249 972 350 3266 3337 3337 3337 3337
463 463 463 463 463 463 463 463 463 463 463 462 339 399 407 262 183 183 183 183 183 183 183 183 183 183 183 183 262 436 436 436 436 436 436 436 436 436 436 436 436 436 436 436 639 717 729 741 754 766 778 792 987 987 987 987 987 987 987 987 987 987 53879 86680 86680 86680 86680 86680 92841 110347 117751 117751 117751 117751 116922 63140 520 520 520 520 520 520 520 520 486 0 0 787 1134 581 1095 2139 2478 3345 3345 3345
464 464 464 464 464 464 464 464 464 447 464 464 464 449 433 298 183 183 183 183 183 183 183 183 183 183 183 183 263 437 437 437 437 437 437 437 437 437 437 437 437 437 437 437 437 437 437 437 437 437 437 437 989 989 989 989 989 989 989 989 989 10794 84966 86882 86882 86882 87011 106770 117798 118024 118024 118024 118024 118024 118024 97833 521 521 521 521 521 521 521 521 521 0 0 0 0 0 0 0 0 0 3353 3353
465 465 465 465 465 465 465 465 465 426 428 855 1905 2606 3318 1468 166 184 184 184 184 184 184 184 184 184 184 184 264 438 438 438 438 438 438 438 438 438 438 438 438 438 438 438 438 438 438 438 438 438 438 438 473 473 473 473 473 473 473 473 473 11844 28325 28138 27952 27766 29159 39510 42519 45529 48538 51548 54558 57568 110684 244662 1392 512 521 522 522 522 522 522 522 522 0 0 0 0 0 0 0 0 3121 3360
466 466 466 466 465 449 436 433 407 434 1524 3194 3540 3540 3540 3345 385 184 184 184 184 184 184 184 184 184 184 184 265 439 439 439 439 439 439 439 439 439 439 439 439 439 439 439 439 439 439 439 439 439 439 439 224 224 224 224 224 224 224 224 224 224 224 224 224 224 224 224 224 224 224 224 224 224 7368 574497 315193 15308 472 523 523 523 523 523 523 523 401 0 0 0 0 0 0 0 0 3319
467 467 466 458 454 455 457 467 2070 2642 3547 3548 3548 3548 3548 3543 2654 275 185 185 185 185 185 185 185 185 185 185 260 418 417 415 413 410 407 408 413 418 422 426 426 423 421 419 416 410 404 398 392 384 376 367 225 225 225 225 225 225 225 225 225 225 225 225 225 225 225 225 225 225 225 225 225 225 225 51097 447937 573021 56101 524 524 524 524 524 524 524 524 0 0 0 0 0 0 0 0 2343
468 464 456 455 455 455 455 455 2884 3556 3556 3208 2294 1676 1182 473 140 177 185 185 185 185 185 185 185 185 185 185 143 53 53 53 53 53 53 53 53 53 53 53 53 53 53 53 53 53 53 53 53 53 53 53 225 225 225 225 225 225 225 225 225 225 225 225 225 225 225 225 225 225 225 225 225 225 225 225 633 609319 474940 1693 525 519 491 498 525 525 525 0 0 0 0 0 0 0 0 154
460 456 456 456 456 456 456 456 2230 3563 2549 260 140 140 140 140 140 141 176 186 186 186 186 186 186 186 186 186 143 54 54 54 54 54 54 54 54 54 54 54 54 54 54 54 54 54 54 54 54 54 54 54 226 226 226 226 226 226 226 226 226 226 226 226 226 226 226 226 226 226 226 226 226 226 226 226 226 102993 627558 426055 527 527 462 483 527 527 527 482 45 0 0 0 0 0 0 0
457 457 457 457 457 457 457 1068 3246 2017 225 141 141 141 141 141 141 141 154 183 186 186 186 183 167 179 186 186 143 54 54 54 54 54 54 54 54 54 54 54 54 54 54 54 54 54 54 54 54 54 54 54 226 226 226 226 226 226 226 226 226 226 226 226 226 226 226 226 226 226 226 226 226 226 226 226 226 226 74334 684440 341322 528 2656 371 528 528 528 528 298 0 0 0 0 0 0 0
458 458 458 458 458 407 266 178 141 141 141 141 141 141 141 141 141 141 141 147 163 173 163 148 141 144 162 171 139 54 54 54 54 54 54 54 54 54 54 54 54 54 54 54 54 54 54 54 54 54 54 54 227 227 227 227 227 227 227 227 227 227 227 227 227 227 227 227 227 227 227 227 227 227 227 227 227 227 227 133136 572400 457231 390450 287434 529 529 529 529 512 0 0 0 0 0 0 0
