data/pop/popcount/gpw_pop_counts_qd_1990a.asc
ncols 1440 
nrows 720
xllcorner -180
yllcorner -90
cellsize .25
NODATA_value -99
[rows 64 to 127 of 720, columns 768 to 863 of 1440]
0 0 0 0 0 0 0 0 0 0 0 0 0 0 0 0 0 0 0 0 0 0 0 0 0 0 0 0 0 0 0 0 0 0 0 0 0 0 0 0 0 0 0 0 0 0 0 0 0 0 0 0 0 0 0 0 0 0 0 0 0 0 0 0 0 0 0 0 0 0 0 0 0 0 0 0 0 0 0 0 0 0 0 0 0 0 0 0 0 0 0 0 0 0 0 0
0 0 0 0 0 0 0 0 0 0 0 0 0 0 0 0 0 0 0 0 0 0 0 0 0 0 0 0 0 0 0 0 0 0 0 0 0 0 0 0 0 0 0 0 0 0 0 0 0 0 0 0 0 0 0 0 0 0 0 0 0 0 0 0 0 0 0 0 0 0 0 0 0 0 0 0 0 0 0 0 0 0 0 0 0 0 0 0 0 0 0 0 0 0 0 0
0 0 0 0 0 0 0 0 0 0 0 0 0 0 0 0 0 0 0 0 0 0 0 0 0 0 0 0 0 0 0 0 0 0 0 0 0 0 0 0 0 0 0 0 0 0 0 0 0 0 0 0 0 0 0 0 0 0 0 0 0 0 0 0 0 0 0 0 0 0 0 0 0 0 0 0 0 0 0 0 0 0 0 0 0 0 0 0 0 0 0 0 0 0 0 0
0 0 0 0 0 0 0 0 0 0 0 0 0 0 0 0 0 0 0 0 0 0 0 0 0 0 0 0 0 0 0 0 0 0 0 0 0 0 0 0 0 0 0 0 0 0 0 0 0 0 0 0 0 0 0 0 0 0 0 0 0 0 0 0 0 0 0 0 0 0 0 0 0 0 0 0 0 0 0 0 0 0 0 0 0 0 0 0 0 0 0 0 0 0 0 0
0 0 0 0 0 0 0 0 0 0 0 0 0 0 0 0 0 0 0 0 0 0 0 0 0 0 0 0 0 0 0 0 0 0 0 0 0 0 0 0 0 0 0 0 0 0 0 0 0 0 0 0 0 0 0 0 0 0 0 0 0 0 0 0 0 0 0 0 0 0 0 0 0 0 0 0 0 0 0 0 0 0 0 0 0 0 0 0 0 0 0 0 0 0 0 0
0 0 0 0 0 0 0 0 0 0 0 0 0 0 0 0 0 0 0 0 0 0 0 0 0 0 0 0 0 0 0 0 0 0 0 0 0 0 0 0 0 0 0 0 0 0 0 0 0 0 0 0 0 0 0 0 0 0 0 0 0 0 0 0 0 0 0 0 0 0 0 0 0 0 0 0 0 0 0 0 0 0 0 0 0 0 0 0 0 0 0 0 0 0 0 0
0 0 0 0 0 0 0 0 0 0 0 0 0 0 0 0 0 0 0 0 0 0 0 0 0 0 0 0 0 0 0 0 0 0 0 0 0 0 0 0 0 0 0 0 0 0 0 0 0 0 0 0 0 0 0 0 0 0 0 0 0 0 0 0 0 0 0 0 0 0 0 0 0 0 0 0 0 0 0 0 0 0 0 0 0 0 0 0 0 0 0 0 0 0 0 0
0 0 0 0 0 0 0 0 0 0 0 0 0 0 0 0 0 0 0 0 0 0 0 0 0 0 0 0 0 0 0 0 0 0 0 0 0 0 0 0 0 0 0 0 0 0 0 0 0 0 0 0 0 0 0 0 0 0 0 0 0 0 0 0 0 0 0 0 0 0 0 0 0 0 0 0 0 0 0 0 0 0 0 0 0 0 0 0 0 0 0 0 0 0 0 0
0 0 0 0 0 0 0 0 0 0 0 0 0 0 0 0 0 0 0 0 0 0 0 0 0 0 0 0 0 0 0 0 0 0 0 0 0 0 0 0 0 0 0 0 0 0 0 0 0 0 0 0 0 0 0 0 0 0 0 0 0 0 0 0 0 0 0 0 0 0 0 0 0 0 0 0 0 0 0 0 0 0 0 0 0 0 0 0 0 0 0 0 0 0 0 0
0 0 0 0 0 0 0 0 0 0 0 0 0 0 0 0 0 0 0 0 0 0 0 0 0 0 0 0 0 0 0 0 0 0 0 0 0 0 0 0 0 0 0 0 0 0 0 0 0 0 0 0 0 0 0 0 0 0 0 0 0 0 0 0 0 0 0 0 0 0 0 0 0 0 0 0 0 0 0 0 0 0 0 0 0 0 0 0 0 0 0 0 0 0 0 0
0 0 0 0 0 0 0 0 0 0 0 0 0 0 0 0 0 0 0 0 0 0 0 0 0 0 0 0 0 0 0 0 0 0 0 0 0 0 0 0 0 0 0 0 0 0 0 0 0 0 0 0 0 0 0 0 0 0 0 0 0 0 0 0 0 0 0 0 0 0 0 0 0 0 0 0 0 0 0 0 0 0 0 0 0 0 0 0 0 0 0 0 0 0 0 0
0 0 0 0 0 0 0 0 0 0 0 0 0 0 0 0 0 0 0 0 0 0 0 0 0 0 0 0 0 0 0 0 0 0 0 0 0 0 0 0 0 0 0 0 0 0 0 0 0 0 0 0 0 334 631 467 0 0 0 0 0 0 70 0 0 0 0 0 0 0 0 0 0 0 0 0 0 0 0 0 0 0 0 0 0 0 0 0 0 0 0 0 0 0 0 0
0 0 0 0 0 0 0 0 0 0 0 0 0 0 0 0 0 0 0 0 0 0 0 0 0 0 0 0 0 0 0 0 0 0 0 0 0 0 0 0 0 0 0 59 0 0 0 43 0 0 0 0 278 504 837 0 116 420 0 0 20 81 148 0 0 0 0 139 0 0 0 0 0 0 0 0 0 0 0 0 0 0 0 0 0 0 0 0 0 0 0 0 0 0 0 0
0 0 0 0 0 0 0 0 0 0 0 0 0 0 0 0 0 0 0 0 0 0 0 0 0 0 0 0 0 0 0 0 0 0 0 0 0 0 0 0 0 0 0 1442 0 0 1139 1459 0 0 0 324 287 133 94 0 419 146 0 0 88 171 264 0 0 0 0 280 0 0 325 289 244 0 0 0 0 0 0 0 0 0 0 0 0 0 0 0 0 0 0 0 0 0 0 0
0 0 0 0 0 0 0 0 0 0 0 0 0 0 0 0 0 0 0 0 0 0 0 0 0 0 0 0 0 0 37 0 0 0 0 0 0 0 139 152 135 0 0 872 1338 1004 516 185 189 193 0 0 0 39 199 244 142 124 88 114 123 183 227 207 212 202 212 212 517 1083 825 679 662 915 1084 0 0 0 0 0 0 0 0 0 0 0 0 0 0 0 0 0 0 0 0 0
0 0 0 0 0 0 0 0 0 0 0 0 0 0 0 0 0 0 0 0 0 0 0 0 0 0 0 0 0 187 260 0 0 0 0 0 0 0 284 304 367 0 0 752 147 765 1055 665 220 243 0 0 0 213 248 229 131 163 177 185 218 220 187 179 225 209 177 147 264 825 894 1009 861 392 13 0 0 0 0 0 0 0 0 0 0 0 0 0 0 0 0 0 0 0 0 0
0 0 0 0 0 0 0 0 0 0 0 0 0 0 0 0 0 0 0 0 0 0 0 0 0 0 1515 4067 2445 0 0 0 0 0 474 531 221 338 211 123 199 468 1043 1077 951 995 1077 1074 803 222 0 244 251 251 218 188 189 154 104 109 119 83 76 76 110 225 424 551 582 609 464 286 0 0 0 0 0 0 0 0 810 593 0 0 0 0 0 0 0 0 0 0 0 0 0 0
0 0 0 0 0 0 0 0 0 0 0 0 0 0 0 0 0 0 0 0 0 0 0 0 0 3951 4416 2933 4524 0 0 0 0 0 633 503 383 375 328 236 237 211 412 388 322 248 259 323 258 117 0 139 144 143 139 122 80 77 77 77 77 77 83 93 119 0 131 160 309 648 608 654 0 0 0 0 0 0 0 0 808 832 0 0 0 0 0 0 0 0 0 0 0 0 0 0
0 0 0 0 0 0 0 0 0 0 0 0 0 0 0 0 0 0 0 0 0 999 2027 2659 2263 2003 1119 1366 1946 0 0 1932 520 372 654 742 624 322 357 379 379 219 86 85 85 85 85 85 86 130 141 141 141 141 139 90 78 85 96 107 118 131 133 133 126 0 0 157 363 766 908 1080 1222 1293 1293 1293 1293 1292 1173 987 939 874 811 667 3255 0 0 0 0 0 0 0 0 0 0 0
0 0 0 0 0 0 0 0 0 0 0 0 0 0 0 0 0 0 0 0 0 0 924 1676 2421 1399 596 751 948 1013 1056 836 368 347 306 267 127 83 93 227 292 0 0 86 86 86 86 86 86 91 114 142 142 142 138 118 130 135 135 135 135 131 0 0 0 69 126 586 820 1247 0 0 1308 1308 1308 1308 1223 1028 952 952 952 952 952 51926 222189 74570 3256 2167 2758 3949 4956 5144 5732 6689 5050 3920
0 0 0 0 0 0 0 0 0 0 0 0 0 0 0 0 0 0 0 0 0 0 1145 1479 1148 390 460 553 605 615 615 615 605 415 364 308 197 97 84 84 84 0 0 87 87 87 87 86 87 87 87 92 116 137 139 136 136 136 136 136 119 77 0 0 0 156 526 1277 1323 1323 0 0 1323 1323 1269 1076 963 962 962 962 962 943 916 51788 122556 15171 962 962 962 962 962 962 1171 1592 871 1130
0 0 0 0 0 0 0 0 0 0 0 2949 2164 2738 2868 1471 1283 7499 4027 1681 1672 1730 1745 1778 797 387 392 390 378 437 509 562 490 371 368 368 368 344 252 170 86 85 85 86 86 86 85 85 85 85 86 95 126 138 138 138 138 138 138 138 138 137 137 135 138 186 950 1338 1338 1338 1338 1338 1295 1014 843 655 475 0 827 931 932 966 973 973 973 950 364 249 237 225 213 202 188 129 145 112
0 0 0 0 0 0 0 0 0 0 0 2948 2478 1226 982 563 469 765 899 676 1185 1844 2472 2675 1468 372 332 262 318 309 308 330 378 372 372 372 372 372 372 372 350 331 279 209 107 86 86 86 86 103 145 160 178 166 156 151 165 174 177 180 182 185 196 216 235 249 1116 1353 1353 1353 1340 1177 1005 937 878 867 773 0 984 984 984 984 1199 1757 1737 1753 803 131 105 104 104 105 99 95 105 105
0 0 0 0 0 1112 3637 0 0 0 0 0 0 0 275 399 0 300 559 725 875 1688 2332 2675 1062 377 377 377 377 377 373 338 360 377 377 377 377 377 377 377 377 377 377 377 309 286 343 278 168 215 219 219 219 219 219 235 248 206 187 241 253 209 248 258 247 240 256 554 780 1057 1037 995 992 815 778 994 995 995 995 1916 4685 6928 0 0 8224 7456 7331 3683 106 95 96 106 94 102 106 106
0 0 0 0 0 0 0 0 0 0 0 0 745 500 712 581 548 457 454 277 332 395 372 486 398 393 392 392 392 392 389 385 381 381 381 381 381 381 381 381 381 381 370 343 310 313 415 442 362 221 221 221 221 221 221 230 271 271 268 266 271 174 103 214 155 81 78 78 78 113 663 996 1006 1006 1054 0 0 2089 3018 7391 7444 7444 7444 6613 0 8212 7745 6134 1927 0 107 107 54 100 107 107
0 0 0 0 0 0 0 0 0 0 0 0 2036 513 577 524 558 518 181 99 102 109 188 256 317 407 412 412 412 412 412 412 411 408 402 393 385 385 385 385 378 333 313 313 313 322 442 476 497 267 223 223 223 223 224 264 274 274 274 274 274 245 190 116 79 79 79 79 92 208 297 447 1910 2509 2821 0 0 2853 2818 4051 5537 6988 6779 5240 0 8274 5897 4564 4532 0 2643 121 100 108 108 108
0 0 0 0 0 0 0 554 137 2500 6580 8883 4323 2073 904 807 273 156 67 99 104 104 104 104 104 142 199 265 0 417 417 417 417 417 417 417 415 414 412 388 326 316 316 316 316 325 381 549 551 464 244 226 226 230 250 276 277 277 277 277 262 173 134 87 80 80 80 137 289 311 887 1725 1919 2385 2873 2892 2887 2666 0 0 3956 11320 25071 9062 8451 9056 7423 4612 4612 4612 3132 112 110 110 110 110
0 0 0 0 0 0 0 148 497 2946 5948 2090 765 772 1382 2018 2164 1057 93 101 105 105 105 105 105 105 105 105 0 168 229 399 421 421 421 421 421 421 421 407 331 319 319 319 319 319 432 564 565 557 515 608 608 585 552 527 384 281 278 262 264 296 244 213 188 185 214 305 542 1501 1926 1926 1926 1926 2129 2373 2042 1926 1926 0 1762 1374 1195 3153 5381 4782 3652 2386 3189 3465 1721 174 165 153 140 128
0 0 0 0 0 0 0 2124 1543 817 360 387 840 733 733 619 218 84 79 86 89 97 105 98 101 100 97 99 98 105 106 149 256 354 421 425 425 425 425 425 415 356 325 323 323 578 640 769 942 912 881 864 818 818 818 818 818 748 811 947 998 974 946 591 315 315 315 315 1442 1945 1945 1945 1945 1945 1945 1794 1740 1888 1562 1257 1307 1786 0 0 0 165 150 174 158 0 177 167 130 173 177 177
0 0 0 0 375 676 1139 919 1061 1355 1583 1323 1609 980 464 111 88 88 88 88 88 84 75 90 95 98 96 98 103 91 107 107 107 107 131 239 415 430 430 430 482 502 494 457 568 684 758 867 951 769 909 894 832 826 12451 2427 826 826 856 1001 996 727 830 979 672 318 318 318 348 1021 1203 1212 1222 1231 1289 1592 1430 1128 1692 1580 649 1599 1948 1482 719 359 15 0 0 0 0 0 0 179 179 179
0 0 0 0 1872 1345 1567 1557 1690 1812 1812 1812 1812 1329 101 91 89 89 89 88 80 75 87 86 89 89 89 107 108 108 108 108 108 108 274 1164 976 827 1352 1640 1192 507 507 507 610 766 810 906 958 1354 1793 891 835 834 5242 16551 834 834 796 803 924 883 724 651 534 480 769 785 795 835 664 404 404 404 404 412 406 366 392 726 930 718 566 404 390 318 155 0 0 0 0 0 0 0 91 108
386 1214 1785 1111 1492 1687 1446 1076 1229 1435 1019 899 632 190 137 136 123 108 98 91 89 0 0 0 83 89 124 167 264 191 159 124 109 458 1988 2273 2273 2273 2273 2758 8995 5185 2881 2321 2254 1524 1994 3311 5645 5962 1362 823 823 839 856 723 623 566 536 481 0 515 502 496 436 423 381 876 1020 1035 1034 768 408 408 331 0 0 402 395 359 392 408 408 407 390 332 395 0 0 195 0 0 0 0 0 0
534 4110 4511 1941 1930 2175 1857 975 574 558 421 302 297 244 171 140 139 139 139 131 115 0 0 0 78 124 421 424 424 424 424 421 712 1599 1801 1996 2228 2295 2294 3914 9506 7377 3859 2578 3007 2567 2730 3131 4087 5937 11420 3797 1916 905 888 615 550 515 515 515 0 575 579 557 549 620 982 1045 1045 1035 850 988 603 412 412 0 0 368 295 232 358 412 382 207 371 395 365 0 0 412 0 0 0 0 0 0
337 572 874 923 1978 610 270 198 186 211 295 305 0 0 280 292 249 206 148 140 129 128 126 115 99 297 421 428 428 428 532 748 1241 2635 2548 1991 2286 4365 7442 8230 8288 0 0 0 0 0 0 0 0 0 0 0 0 1074 1594 873 747 601 599 599 611 614 614 668 680 680 763 882 981 1041 1052 638 389 0 0 393 395 394 313 216 0 0 413 405 393 364 395 0 0 307 0 0 0 0 0 0
1162 1706 1724 1902 828 281 281 232 213 219 312 312 312 304 296 306 309 296 0 0 175 145 141 141 189 720 693 592 491 432 869 3253 3830 3958 4060 4069 4067 3514 0 0 0 0 0 0 0 0 0 0 0 0 0 0 0 2531 2265 2596 1373 709 620 620 620 620 620 639 669 688 696 706 709 716 663 248 243 242 0 0 243 245 292 290 277 233 240 325 325 324 324 0 298 246 0 0 0 0 0 0
668 360 517 575 350 269 240 203 212 340 325 318 318 318 318 318 306 0 0 0 0 304 264 228 647 797 785 787 818 745 1407 3193 3456 3456 3481 3577 3641 3593 0 0 0 0 0 0 0 0 0 0 0 0 0 0 0 19592 32996 14711 1836 980 756 649 650 611 599 592 616 720 721 706 553 691 627 358 245 223 208 0 0 185 185 245 245 245 262 299 301 301 301 301 301 300 0 0 0 0 0 483
1285 928 490 289 257 191 149 231 421 463 459 429 398 380 351 307 294 307 301 319 316 314 355 661 814 814 0 835 869 967 1033 0 0 3488 3488 3488 2693 373 0 0 0 0 0 0 0 0 0 0 0 0 855 1142 1469 8484 35020 21252 3581 4863 849 709 752 614 568 568 637 786 721 629 661 727 558 324 272 246 208 238 247 247 211 200 245 247 267 319 517 536 522 508 493 479 0 0 0 0 0 0
921 668 650 519 232 163 202 371 433 467 467 467 466 446 433 420 352 287 297 321 324 324 567 811 821 821 0 821 803 1204 2202 0 0 3521 3521 3521 3278 1162 0 0 0 0 0 0 0 0 0 0 0 0 13598 2803 2223 2234 2171 3023 4367 1921 880 905 1004 843 652 858 819 845 858 849 828 785 771 764 350 246 33876 250 250 249 249 225 250 250 265 378 779 779 779 779 779 779 0 0 0 0 0 0
972 553 507 476 325 199 199 200 399 528 514 475 470 463 468 453 437 425 383 316 321 320 318 416 552 787 829 828 785 783 783 954 6276 4104 2981 2476 2982 2365 0 0 0 0 0 0 0 0 0 0 2794 2434 3912 4305 3211 2367 1462 1487 1337 1152 1107 466 0 0 0 4242 2145 1182 980 837 826 797 764 813 0 389 376 369 361 332 302 265 316 320 439 756 0 775 786 786 786 786 786 752 421 227 301 0
1867 432 371 383 387 348 321 253 561 732 737 613 457 407 438 379 476 467 463 352 321 321 321 321 321 346 587 793 764 975 1614 4464 12084 11475 3740 1708 284 0 0 0 0 0 0 0 0 0 0 0 4750 5290 6732 6011 3647 2613 2283 1439 1162 904 885 1385 0 0 0 4803 1155 1165 1387 1178 641 769 721 809 0 816 434 354 393 403 403 403 403 403 403 419 0 688 719 750 715 543 746 793 784 793 793 0
3562 2714 947 370 408 607 746 746 746 0 0 721 509 414 408 464 480 480 1048 1306 1263 1926 1794 1998 2468 2617 1387 1276 1142 1244 4776 9901 13474 12960 0 0 0 0 0 0 0 0 0 8455 18345 10242 2556 4364 3366 2368 3303 5100 6325 3632 2616 1879 1885 1941 2402 1827 1657 2439 3772 0 0 1412 1430 1425 1447 1447 1402 833 761 521 407 282 343 407 407 407 407 428 485 460 400 479 655 663 661 476 564 690 596 791 800 0
2079 759 457 362 344 500 751 752 752 752 2226 3251 901 484 483 678 1208 1252 1412 1484 1513 2758 3032 3032 3032 3032 3032 3022 2662 0 0 0 0 0 0 0 0 0 0 0 0 500 18937 6368 5056 3788 3643 3351 2318 2266 1406 1932 2495 2853 2266 1435 1866 0 2804 5284 6507 5710 2339 1415 1128 915 1367 1793 2137 2262 1911 1610 1257 595 312 382 353 410 410 410 410 446 1206 1185 1016 841 966 697 38789 506 51 0 673 698 716 735
607 453 403 461 449 444 583 609 589 708 4974 8876 7889 4196 984 925 1172 1450 1497 1497 1497 1758 2815 3010 3059 3059 3021 2893 2501 0 0 0 0 0 0 0 0 0 0 0 0 2999 4071 4498 3607 3287 3246 2923 1965 1413 1185 1361 1629 1686 1513 1573 0 0 1656 3217 6372 4027 3963 2473 2033 1734 1082 1858 1279 791 1097 1352 1616 1647 1351 998 527 414 414 414 414 414 767 1186 1162 936 387 344 653 669 0 0 434 474 662 675
392 465 452 465 466 470 485 473 375 0 0 0 5782 1475 895 893 891 922 1136 1436 1567 2418 3020 3339 4245 3341 1492 444 0 0 0 0 0 0 0 0 0 0 38707 14934 5782 3878 5166 6382 5598 5327 2490 4298 4108 1927 0 0 0 1748 1821 0 2234 2042 1129 1942 3111 5465 13561 5693 3509 3367 2626 1704 1662 1731 1119 1158 1697 1699 1402 1182 1095 559 0 0 0 0 418 573 1069 1196 977 930 1087 1116 1130 1114 1160 1175 1190 1205
408 487 495 496 497 499 499 499 499 0 0 0 1032 835 835 835 835 1313 5393 7120 5839 6841 6598 5103 3834 2340 176 0 0 0 0 0 0 0 0 0 0 2632 5846 5309 5517 5404 8783 20100 7535 5520 4036 3429 2235 1903 0 0 0 2292 4037 0 1802 1810 2005 1451 3858 20363 20459 13215 16596 3655 1740 2795 3590 2292 1606 3672 2428 2275 878 814 950 935 662 0 0 0 552 659 822 1091 1167 1145 1123 1160 874 990 1293 1318 1318 1316
615 376 390 396 402 416 408 423 501 503 803 954 1009 1059 1111 1223 1244 2898 9042 9408 8959 8115 8576 7284 0 0 0 0 0 0 0 0 0 0 0 0 1768 3828 4122 4473 6091 7933 6595 14898 0 0 4316 3597 2920 2866 1441 1571 3123 3541 6522 9503 2569 2033 0 0 3707 4829 8066 2700 1866 2140 1669 0 5348 3246 14500 40426 3560 2529 1491 1017 956 793 713 713 713 713 713 713 703 643 601 478 491 667 930 601 0 0 921 1159
718 381 379 379 379 379 379 379 418 476 473 817 1272 1311 1354 1354 1358 4236 9517 9517 9476 7565 2117 0 0 0 0 0 0 0 0 0 0 0 0 0 0 3432 4414 4253 4290 4445 4184 4205 3393 3310 3317 2858 3185 3294 2624 1809 2351 6245 24890 18711 6934 3402 3016 2460 0 2053 2837 0 0 0 0 1569 2383 1540 1786 3911 4395 2301 1996 1335 782 719 719 719 0 0 719 719 656 645 645 0 476 8078 430 0 1296 1251 0 587
406 419 416 408 389 384 382 382 382 382 382 382 444 974 1366 1366 2660 4696 4409 4616 5264 5374 0 0 0 0 0 0 0 0 0 0 0 0 0 0 0 0 3674 1746 2724 3301 2544 3172 2953 2254 2094 2329 2584 3713 9269 4546 5405 3952 43937 20336 3585 2439 2245 2214 0 0 2880 0 0 0 0 2915 2019 1765 2477 3069 4170 3606 5181 2367 706 725 725 725 0 0 725 710 706 741 701 0 0 20925 0 0 603 676 0 854
413 424 424 424 423 400 386 386 386 386 742 768 1108 1377 1377 1377 1463 4753 4525 4321 3839 0 0 0 0 0 0 0 0 0 0 0 0 0 0 0 0 0 3272 1776 3925 6677 4850 3772 3204 3162 0 0 9579 3584 3001 3504 6470 0 0 2278 1881 2045 0 0 2939 3805 2411 2377 2403 3239 6324 0 0 0 1608 2123 0 6625 6856 3615 1491 963 731 731 815 789 798 971 668 1152 1375 1446 7962 125728 0 0 0 0 0 447
648 616 491 427 432 427 412 416 1287 1007 1413 1389 1447 1707 1866 1668 2420 3779 5265 5427 3735 0 0 0 0 0 0 0 0 0 0 0 0 0 0 0 0 0 35627 17962 4134 4031 3544 4352 6075 10128 0 0 36621 5193 2798 1668 1795 0 0 2702 2123 2083 0 0 13555 24044 2597 1601 1606 1341 2715 0 0 0 4414 3610 0 6285 4706 1015 1268 1739 16547 1358 1379 1386 1385 1386 1380 1386 1386 1886 2247 153193 0 0 0 0 0 0
921 921 903 755 903 505 431 431 1355 2051 1570 1567 1958 2288 2479 2496 3179 5245 5983 9113 5649 0 0 0 0 0 0 0 0 0 0 0 0 0 0 0 0 0 19783 24438 15054 5888 6482 8067 10752 16849 22683 37353 12157 5429 2951 2673 2635 0 0 3079 2980 2557 0 0 2321 1650 1818 0 0 1276 1933 0 4086 4307 3608 3520 3115 0 0 221 29 0 0 0 2480 2279 1957 2381 3104 1987 1398 1607 2025 2025 1976 1891 1909 1192 0 0
1728 984 993 1002 1006 904 791 963 1634 2479 1908 1788 2030 2076 2290 3245 4886 4675 5101 9593 8784 0 0 0 0 0 0 0 0 0 0 0 0 0 0 0 0 12698 29570 6942 6942 6005 7494 7159 5259 4502 7772 17453 11573 12360 15410 3757 4059 8408 20782 16476 19376 0 2648 3957 3420 2678 3092 5927 9989 11240 13211 31715 6178 6194 3969 3251 1244 0 0 0 0 0 0 0 0 0 0 3172 3172 3074 1772 1342 1172 1341 1030 683 966 1189 0 0
2926 1753 1292 1191 1053 1014 1584 0 0 2660 2043 2119 2588 3822 6706 9237 8290 4087 3448 9475 16787 0 0 0 0 0 0 0 0 0 0 0 0 0 0 0 961 8074 9192 6468 6399 3514 4745 5212 11775 8258 19728 5057 5504 21131 17388 11562 6908 11386 65287 23971 0 0 48545 14087 7421 4751 2401 6432 14511 16155 8923 6342 6044 5574 3914 3434 23276 0 0 0 0 0 0 0 0 0 0 0 2861 1733 1084 970 922 23890 908 924 933 938 0 761
3114 2947 1526 1306 1287 1099 1022 1164 1998 2360 4171 4364 4921 14828 0 0 8765 11068 11123 14748 19727 0 0 1602 0 0 0 0 0 0 0 0 0 0 0 0 0 0 0 5697 20047 72932 11392 6480 5652 5381 4795 4238 7302 7258 32669 37794 24465 9114 6819 4678 3903 5329 7685 45865 18550 7023 3297 0 0 0 0 86085 6392 6296 3506 3532 3592 3624 1985 0 0 0 0 0 0 0 171 710 890 863 26042 891 893 926 939 939 946 1028 1031 1031
4281 4313 1689 1316 1316 1484 2209 1341 1747 1766 3610 5804 14408 22457 0 0 7230 10919 12037 14557 12807 0 4945 5162 0 0 0 0 0 0 0 0 0 0 0 0 0 0 0 0 73362 69631 11395 8521 25837 5486 3076 6856 18777 15454 85800 171250 173753 12886 30067 8282 5878 5329 2065 7715 3768 459 214 0 0 0 0 5374 6441 6412 5297 7147 8714 9834 15305 0 0 0 0 0 0 0 1365 2893 2592 2209 1369 898 898 898 917 946 950 1147 1165 1160
5255 6126 3006 2008 2333 3157 3161 2947 3556 6022 6576 6000 6233 4921 5386 7177 9649 11697 8176 4371 5628 15871 15093 14036 8762 8665 5382 1802 0 0 0 0 0 0 0 0 0 0 0 0 0 4264 3909 0 0 6215 8669 11875 0 0 87137 0 0 0 0 0 0 0 0 0 0 0 0 0 0 0 0 0 0 0 0 0 500245 22618 16189 15389 3548 0 6052 3039 2479 1726 2761 3216 2537 2265 2392 872 866 871 854 830 971 1217 1217 1217
4064 4458 5543 4189 3774 5948 6007 3556 3025 3049 3094 3915 5216 5671 4468 10505 10819 16684 12967 7825 14672 25080 26354 26354 23451 15026 8924 6933 0 0 0 0 0 0 0 0 0 0 0 0 0 0 0 0 0 2947 2261 757 0 0 0 0 0 0 0 0 0 0 0 0 0 0 0 0 0 0 0 0 0 0 0 824545 862909 774323 35326 17129 8915 0 8920 3241 3241 51416 3241 3241 2440 804 804 804 804 804 804 844 1295 1379 1230 1227
3345 5095 4623 5430 8638 10425 19083 18237 3999 4615 3906 5952 7291 6854 10308 11812 20787 44807 39273 24132 10311 15846 31251 55937 27362 19399 13011 3255 0 0 0 0 0 0 0 0 0 0 0 0 0 0 0 0 0 0 0 0 0 0 0 0 0 0 0 0 0 0 0 0 0 0 0 0 0 2666 3504 3927 10568 11758 17228 167029 676650 653788 70455 9474 10288 10756 9993 2453 2570 3242 2984 1689 822 71631 810 1105 1152 1017 916 1314 1442 1439 1320 1236
2452 0 5544 6906 12219 17424 0 0 0 13754 22882 15867 27865 21148 0 16887 19534 27346 26355 15327 11091 8954 21685 0 489497 48171 0 0 0 0 0 0 0 0 0 0 0 0 0 0 0 0 0 0 0 0 185 9393 20139 43280 44386 50948 53956 53803 51156 30766 9047 9047 9458 21354 19797 0 0 15587 11369 13984 53769 4166 8610 8681 12887 22973 24355 13534 7684 7684 7684 7890 3278 2989 56389 2244 1997 1027 937 958 1045 22838 26404 1453 1453 1453 1453 1467 1249 1245
0 0 7946 4212 4139 0 0 0 0 10383 6679 9877 24854 22140 0 0 13217 17371 12226 9230 8753 34753 0 0 127124 43808 0 0 0 0 0 0 0 0 0 0 0 0 0 0 0 0 0 0 0 0 5488 23524 41655 42328 19109 16368 38550 45932 7599 7070 8979 9113 9113 19553 26164 0 0 8682 42820 1639 1752 2790 4931 5987 4505 5276 18580 12179 6521 7290 7726 6475 4600 4409 4432 3281 2188 1367 1355 1355 1355 1561 1880 1775 1669 1956 2608 3034 2916 2146
4104 6682 0 0 0 0 0 4639 9448 0 0 5116 7559 10876 9932 8187 15318 13486 10507 11682 11719 0 0 0 0 0 0 0 0 0 0 0 0 0 0 0 0 0 0 0 0 1574 4252 0 0 0 4483 5696 5700 5392 5392 5393 5442 7344 6778 6766 7106 7701 7651 14801 0 0 0 2144 2187 2037 1909 2420 2703 2703 37876 8435 2703 2703 2692 4170 5885 5434 4752 4054 2913 2895 2792 2354 1365 1365 1366 2259 2380 2380 2380 2463 2840 3220 3302 2520
9267 12411 0 0 0 0 0 17031 10438 0 0 3282 15780 20837 19143 16551 28422 23789 24048 11515 13743 0 0 0 0 0 0 0 0 0 0 0 0 0 0 0 0 0 0 0 0 1454 2975 0 0 0 4420 6582 7253 7158 7673 7604 7719 7622 7763 7329 6676 7990 8917 12691 0 0 0 1915 2470 2469 2518 2528 2615 2700 2722 2723 2281 1950 1872 2625 50871 126540 5838 5460 3043 2916 3001 4373 4035 2727 2147 2773 2736 2015 1943 1957 2539 5288 5358 4814
25609 21377 10276 14135 16752 15800 16709 25830 19684 0 0 0 17007 28375 31176 26902 10473 7801 11703 0 0 0 0 0 0 0 0 0 0 0 0 0 0 0 0 0 0 0 0 1749 5082 5513 5431 4145 0 0 832 5306 7317 4169 7126 7950 8090 8336 8414 7321 10547 22199 22200 22200 21990 0 0 2289 2490 2559 2058 2137 2224 2311 2503 2719 2449 2384 2657 4802 22713 0 4111 4962 2450 2440 2895 3970 5942 6028 4046 10858 57144 0 1741 1730 2120 3547 3379 3168
23249 38305 18504 9692 9136 11511 12039 10927 9685 2912 10813 10037 4643 20164 13502 6024 7057 7015 0 0 0 0 0 0 0 0 0 0 0 0 0 0 0 0 0 0 0 0 0 38 3073 0 0 0 0 0 0 0 0 992 8006 8029 8827 8745 8469 8363 11290 14378 12510 8920 7100 8598 2365 0 0 4224 2569 2058 2058 2192 2851 4985 5182 5222 3061 2512 1590 1887 3408 3964 3260 2397 2781 3423 4895 5827 5584 3982 4036 3632 2535 1908 1931 1998 1928 2361
