data/pop/popcount/gpw_pop_counts_qd_1995a.asc
ncols 1440 
nrows 720
xllcorner -180
yllcorner -90
cellsize .25
NODATA_value -99
[rows 64 to 127 of 720, columns 1344 to 1439 of 1440]
0 0 0 0 0 0 0 0 0 0 0 0 0 0 0 0 0 0 0 0 0 0 0 0 0 0 0 0 0 0 0 0 0 0 0 0 0 0 0 0 0 0 0 0 0 0 0 0 0 0 0 0 0 0 0 0 0 0 0 0 0 0 0 0 0 0 0 0 0 0 0 0 0 0 0 0 0 0 0 0 0 0 0 0 0 0 0 0 0 0 0 0 0 0 0 0
0 0 0 0 0 0 0 0 0 0 0 0 0 0 0 0 0 0 0 0 0 0 0 0 0 0 0 0 0 0 0 0 0 0 0 0 0 0 0 0 0 0 0 0 0 0 0 0 0 0 0 0 0 0 0 0 0 0 0 0 0 0 0 0 0 0 0 0 0 0 0 0 0 0 0 0 0 0 0 0 0 0 0 0 0 0 0 0 0 0 0 0 0 0 0 0
0 0 0 0 0 0 0 0 0 0 0 0 0 0 0 0 0 0 0 0 0 0 0 0 0 0 0 0 0 0 0 0 0 0 0 0 0 0 0 0 0 0 0 0 0 0 0 0 0 0 0 0 0 0 0 0 0 0 0 0 0 0 0 0 0 0 0 0 0 0 0 0 0 0 0 0 0 0 0 0 0 0 0 0 0 0 0 0 0 0 0 0 0 0 0 0
0 0 0 0 0 0 0 0 0 0 0 0 0 0 0 0 0 0 0 0 0 0 0 0 0 0 0 0 0 0 0 0 0 0 0 0 0 0 0 0 0 0 0 0 0 0 0 0 0 0 0 0 0 0 0 0 0 0 0 0 0 0 0 0 0 0 0 0 0 0 0 0 0 0 0 0 0 0 0 0 0 0 0 0 0 0 0 0 0 0 0 0 0 0 0 0
0 0 0 0 0 0 0 0 0 0 0 0 0 0 0 0 0 0 0 0 0 0 0 0 0 0 0 0 0 0 0 0 0 0 0 0 0 0 0 0 0 0 0 0 0 0 0 0 0 0 0 0 0 0 0 0 0 0 0 0 0 0 0 0 0 0 0 0 0 0 0 0 0 0 0 0 0 0 0 0 0 0 0 0 0 0 0 0 0 0 0 0 0 0 0 0
0 0 0 0 0 0 0 0 0 0 0 0 0 0 0 0 0 0 0 0 0 0 0 0 0 0 0 0 0 0 0 0 0 0 0 0 0 0 0 0 0 0 0 0 0 0 0 0 0 0 0 0 0 0 0 0 0 0 0 0 0 0 0 0 0 0 0 0 0 0 0 0 0 0 0 0 0 0 0 0 0 0 0 0 0 0 0 0 0 0 0 0 0 0 0 0
0 0 0 0 0 0 0 0 0 0 0 0 0 0 0 0 0 0 0 0 0 0 0 0 0 0 0 0 0 0 0 0 0 0 0 0 0 0 0 0 0 0 0 0 0 0 0 0 0 0 0 0 0 0 0 0 0 0 0 0 0 0 0 0 0 0 0 0 0 0 0 0 0 0 0 0 0 0 0 0 0 0 0 0 0 0 0 0 0 0 0 0 0 0 0 0
0 0 0 0 0 0 0 0 0 0 0 0 0 0 0 0 0 0 0 0 0 0 0 0 0 0 0 0 0 0 0 0 0 0 0 0 0 0 0 0 0 0 0 0 0 0 0 0 0 0 0 0 0 0 0 0 0 0 0 0 0 0 0 0 0 0 0 0 0 0 0 0 0 0 0 0 0 0 0 0 0 0 0 0 0 0 0 0 0 0 0 0 0 0 0 0
0 0 0 0 0 0 0 0 0 0 0 0 0 0 0 0 0 0 0 0 0 0 0 0 0 0 0 0 0 0 0 0 0 0 0 0 0 0 0 0 0 0 0 0 0 0 0 0 0 0 0 0 0 0 0 0 0 0 0 0 0 0 0 0 0 0 0 0 0 0 0 0 0 0 0 0 0 0 0 0 0 0 0 0 0 0 0 0 0 0 0 0 0 0 0 0
0 0 0 0 0 0 0 0 0 0 0 0 0 0 0 0 0 0 0 0 0 0 0 0 0 0 0 0 0 0 0 0 0 0 0 0 0 0 0 0 0 0 0 0 0 0 0 0 0 0 0 0 0 0 0 0 0 0 0 0 0 0 0 0 0 0 0 0 0 0 0 0 0 0 0 0 0 0 0 0 0 0 0 0 0 0 0 0 0 0 0 0 0 0 0 0
0 0 0 0 0 0 0 0 0 0 0 0 0 0 0 0 0 0 0 0 0 0 0 0 0 0 0 0 0 0 0 0 0 0 0 0 0 0 0 0 0 0 0 0 0 0 0 0 0 0 0 0 0 0 0 0 0 0 0 0 0 0 0 0 0 0 0 0 0 0 0 0 0 0 0 0 0 0 0 0 0 0 0 0 0 0 0 0 0 0 0 0 0 0 0 0
0 0 0 0 0 0 0 0 0 0 0 0 0 0 0 0 0 0 0 0 0 0 0 0 0 0 0 0 0 0 0 0 0 0 0 0 0 0 0 0 0 0 0 0 0 0 0 0 0 0 0 0 0 0 0 0 0 0 0 0 0 0 0 0 0 0 0 0 0 0 0 0 0 0 0 0 0 0 0 0 0 0 0 0 0 0 0 0 0 0 0 0 42 42 42 42
34 34 34 34 34 34 34 34 34 30 25 0 0 0 0 0 0 0 0 0 0 0 0 0 0 0 0 0 0 0 0 0 0 0 0 0 0 0 0 0 0 0 0 0 0 0 0 0 0 0 0 0 0 0 0 0 0 0 0 0 0 0 0 0 0 0 0 0 0 0 0 0 0 0 0 0 0 0 0 0 0 0 0 0 0 0 0 0 0 0 0 0 0 0 0 0
34 34 34 34 34 34 34 34 34 34 34 27 0 34 25 0 0 0 0 0 0 0 0 0 0 0 0 0 0 0 0 0 0 0 0 0 0 0 0 0 0 0 0 0 0 0 0 0 0 0 0 0 0 0 0 0 0 0 0 0 0 0 0 0 0 0 0 0 0 0 0 0 0 0 0 0 0 0 0 0 0 0 0 0 0 0 0 0 0 0 0 0 0 0 0 0
35 35 35 35 35 35 35 35 35 35 35 31 0 35 35 34 7 0 0 0 0 0 0 0 0 0 0 0 0 0 0 0 0 0 0 0 0 0 0 0 0 0 0 0 0 0 0 0 0 0 0 0 0 0 0 0 0 0 0 0 0 0 0 0 0 0 0 0 0 0 0 0 0 0 0 0 0 0 0 0 0 0 0 0 0 0 0 0 0 0 0 0 0 0 0 0
35 35 35 35 35 35 35 35 35 35 22 23 0 35 35 30 3 0 0 0 0 0 0 0 0 0 0 0 0 0 0 0 0 0 0 0 0 0 0 0 0 0 0 0 0 0 0 0 0 0 0 0 0 0 0 0 0 0 0 0 0 0 0 0 0 0 0 0 0 0 0 0 0 0 0 0 0 0 0 0 0 0 0 0 0 0 0 0 0 0 0 0 0 0 0 0
36 36 0 36 36 36 36 36 36 36 28 34 36 0 0 0 0 0 0 0 0 0 0 0 0 0 0 0 0 0 0 0 0 0 0 0 0 0 0 0 0 0 0 0 0 0 0 35 77 89 78 62 55 31 0 0 0 0 56 89 89 89 89 85 79 71 69 55 0 16 24 14 21 19 17 16 16 19 0 0 0 0 0 0 0 0 0 0 0 0 0 0 0 0 0 0
36 36 0 36 36 36 36 36 36 36 36 36 36 35 0 0 0 0 0 0 0 0 0 0 0 0 0 0 0 0 0 0 0 0 0 0 0 0 0 0 0 0 0 0 0 0 0 82 47 43 0 0 0 0 0 0 0 0 0 90 90 90 90 90 90 90 90 90 0 74 47 45 45 45 45 45 45 45 0 0 0 0 0 0 0 0 0 0 0 0 0 0 0 0 0 0
29 36 36 36 36 36 36 36 36 36 36 36 36 36 36 31 12 0 0 35 18 31 29 35 36 31 29 29 29 29 29 29 29 29 29 29 29 29 29 29 29 29 29 27 29 65 91 91 87 0 0 0 0 0 0 0 0 0 0 57 91 91 91 91 91 91 91 91 91 91 83 52 46 46 46 46 46 46 46 46 46 46 46 46 46 46 46 43 37 35 30 0 0 0 0 0
37 37 37 37 37 37 37 37 0 0 37 37 37 37 0 0 0 30 36 0 36 37 37 37 37 37 33 30 30 30 30 30 30 30 30 30 30 30 30 30 30 30 30 31 70 91 92 92 92 78 74 61 36 20 0 0 0 0 0 11 83 92 92 92 92 92 92 92 92 92 92 87 50 46 46 46 46 46 46 46 46 46 46 46 46 46 46 46 46 46 46 46 46 43 19 0
36 37 37 37 37 37 37 37 0 0 37 37 37 0 0 0 0 37 37 0 37 37 37 37 37 37 32 30 30 30 30 30 30 30 30 30 30 30 30 30 30 30 30 30 35 68 93 93 93 93 93 93 93 82 0 0 0 0 0 79 93 93 93 93 93 93 93 93 93 93 86 50 47 47 47 47 47 47 47 47 47 47 47 47 47 47 47 47 47 47 47 47 47 47 47 0
23 24 29 32 31 30 29 31 33 38 0 0 38 0 0 38 38 38 38 38 38 38 38 38 38 37 31 30 30 30 30 30 30 30 30 30 30 30 30 30 30 30 30 30 36 78 94 94 94 94 94 94 94 94 94 94 94 94 94 94 94 94 94 94 94 94 94 94 94 94 92 49 47 47 47 47 47 47 47 47 47 47 47 47 47 47 47 47 47 47 47 47 47 47 47 47
23 23 23 23 23 23 23 23 23 29 0 38 38 38 0 38 38 38 38 37 34 33 34 35 36 33 31 31 31 31 31 31 31 31 31 31 31 31 31 31 31 31 31 31 41 52 76 95 95 95 95 95 95 95 95 95 95 95 95 95 95 95 95 95 95 95 95 95 95 95 95 61 48 48 48 48 48 48 48 48 48 48 48 48 48 48 48 48 48 48 48 48 48 48 48 48
24 24 24 24 24 24 24 24 24 28 36 35 34 33 31 31 31 31 31 31 0 0 31 31 31 31 31 31 31 31 31 31 31 31 31 31 31 31 31 31 31 31 31 31 31 73 96 96 96 96 96 96 96 96 96 96 96 96 96 96 96 96 96 96 96 96 96 96 96 73 65 24 23 34 49 49 49 49 49 49 49 49 49 49 49 49 49 49 49 49 49 49 49 49 49 49
24 24 24 24 24 24 24 24 29 31 31 31 31 31 31 31 31 31 31 31 31 31 31 31 0 31 31 31 31 31 31 31 31 31 31 31 31 31 31 31 31 31 31 31 31 38 65 86 97 97 97 97 97 97 97 97 97 97 97 97 97 97 97 97 90 86 85 84 68 18 18 18 18 28 40 49 49 49 49 49 49 49 49 49 49 49 49 49 49 49 49 49 49 49 49 49
24 24 24 24 24 24 26 28 30 32 32 32 32 32 32 32 32 32 32 32 32 32 32 32 0 32 32 32 32 32 32 32 32 32 32 32 32 32 32 32 32 32 32 32 32 32 32 32 41 59 57 53 77 88 88 92 98 98 98 98 98 98 98 94 23 19 19 19 19 19 19 19 19 19 31 39 44 48 50 50 50 50 50 50 51 56 60 65 62 56 50 50 54 65 76 87
24 24 24 24 24 24 26 32 32 32 32 32 32 32 32 32 32 32 32 32 32 32 32 32 32 32 32 32 32 32 32 32 32 32 32 32 32 32 32 32 32 32 32 32 32 32 32 32 32 32 32 32 32 32 32 35 75 99 99 99 88 63 42 22 16 19 19 19 19 19 19 19 19 19 19 19 19 19 23 34 70 88 106 110 113 113 113 113 113 113 112 108 113 113 113 113
25 25 25 25 25 25 25 25 27 29 32 32 32 32 32 32 32 32 32 32 32 32 32 32 32 32 32 32 32 32 32 32 32 32 32 32 32 32 32 32 32 32 32 32 32 32 32 32 32 32 32 32 32 32 32 32 32 41 56 63 46 19 19 19 19 19 19 19 19 19 19 19 19 19 19 19 19 19 19 19 19 49 110 114 114 114 114 114 114 114 114 114 114 114 114 114
25 25 25 25 25 25 25 25 25 25 26 32 33 33 33 33 33 33 33 33 33 33 33 33 33 33 33 33 33 33 33 33 33 33 33 33 33 33 33 33 33 33 33 33 33 33 33 33 33 33 33 32 32 31 28 26 26 25 19 19 19 19 19 19 19 19 19 19 19 19 19 19 19 19 19 19 19 19 19 19 19 19 28 73 106 111 115 97 102 116 116 116 116 116 116 116
25 25 25 25 25 25 25 25 25 26 30 33 33 33 0 33 33 33 33 33 33 33 33 33 33 33 33 33 33 33 33 33 33 33 33 33 33 33 33 33 33 33 33 33 33 33 33 33 33 33 32 23 20 19 19 19 19 19 19 19 19 19 19 19 19 19 19 19 19 19 19 19 19 19 19 19 19 19 19 19 19 19 19 19 19 19 20 19 33 96 107 117 117 117 117 117
25 25 25 25 25 25 25 25 25 30 34 33 33 0 0 33 33 33 33 33 33 33 33 33 33 33 33 33 33 33 33 33 33 33 33 33 33 33 33 33 33 33 33 33 33 33 32 30 28 26 22 20 20 20 20 20 20 20 20 20 20 20 20 20 20 20 20 20 20 19 19 20 20 20 20 20 20 20 20 20 20 20 20 20 20 20 20 20 20 20 77 118 118 118 118 118
31 29 33 29 26 26 28 30 30 32 38 38 36 34 34 34 34 34 34 34 34 34 34 34 34 34 34 34 34 34 34 34 34 34 34 34 34 34 34 34 28 21 23 25 23 21 20 20 20 20 20 20 20 20 20 20 20 20 20 20 20 20 20 20 20 20 20 20 20 20 17 20 20 20 20 20 20 20 20 20 20 20 20 20 20 20 20 20 20 20 29 84 119 119 119 119
39 39 39 39 35 35 39 39 39 39 39 38 34 34 34 34 34 34 34 34 34 34 34 34 34 34 34 34 34 34 34 34 34 34 34 34 34 34 34 30 20 20 20 20 20 20 20 20 20 20 20 20 20 20 20 20 20 20 20 20 20 20 20 20 20 20 20 20 20 18 19 20 20 20 20 20 20 20 20 20 20 20 20 20 20 18 18 19 20 20 36 94 120 120 120 120
39 39 39 39 39 39 39 39 39 39 39 38 31 29 31 33 34 34 34 34 34 34 34 34 34 34 34 34 34 34 34 34 34 34 34 34 34 33 26 21 20 20 20 20 20 20 20 20 20 20 20 20 20 20 20 20 20 20 20 20 20 20 20 20 20 20 20 20 20 17 20 20 20 20 20 20 20 20 20 20 0 20 20 20 19 0 20 20 23 70 116 121 121 121 121 121
39 39 39 39 39 39 39 39 39 39 39 27 20 20 20 20 24 33 35 35 35 35 35 35 35 35 35 35 35 35 35 35 35 35 35 35 35 32 22 20 20 20 20 20 20 20 20 20 20 20 20 0 20 20 20 20 20 20 20 20 20 20 20 20 20 20 20 18 19 18 17 20 20 20 20 20 20 20 20 20 0 0 0 20 18 0 20 48 108 123 123 123 123 123 123 123
40 40 40 40 40 40 40 40 32 25 24 22 20 20 20 20 20 22 27 28 29 31 35 35 35 35 35 35 35 35 35 35 35 35 35 35 35 28 21 21 21 21 21 21 21 21 21 21 21 21 21 0 21 21 21 21 21 21 21 21 21 21 21 20 19 18 20 21 21 20 14 14 19 21 20 20 21 21 21 20 20 0 0 16 19 21 21 44 63 72 44 64 96 99 123 121
40 40 43 60 54 51 62 65 46 20 20 20 20 20 20 20 20 20 20 20 20 20 23 31 33 33 34 34 33 23 18 18 19 25 33 33 30 22 21 21 21 21 21 21 21 21 21 21 21 21 21 21 21 21 21 21 21 21 21 21 21 20 19 19 21 21 21 21 21 21 20 17 18 0 0 0 0 0 20 18 17 0 0 0 0 9 19 21 21 21 21 21 0 0 0 0
40 40 41 52 66 69 69 69 67 25 21 21 21 21 21 21 21 21 21 21 21 21 21 21 21 21 21 21 18 13 13 13 13 13 13 15 13 13 16 19 18 18 18 18 19 21 21 21 21 21 21 21 21 21 21 21 21 21 21 21 19 20 21 21 21 21 21 21 21 21 21 21 18 0 0 0 0 0 20 21 20 0 0 0 0 11914 2 6 7 9 8 0 0 0 0 0
43 41 42 55 68 69 69 69 65 28 21 21 21 21 21 21 21 21 21 21 21 21 21 21 21 21 21 21 20 13 13 13 13 13 13 13 13 13 13 13 13 13 13 13 13 15 19 20 20 21 21 21 21 21 21 21 21 21 21 21 21 21 21 21 21 21 21 21 21 21 21 21 18 13 15 21 21 21 21 21 21 21 21 21 21 21 0 0 0 0 0 0 0 0 0 0
70 66 66 70 70 70 70 70 44 21 21 21 21 21 21 21 21 21 21 21 21 21 21 21 21 21 20 15 13 13 13 13 13 13 13 13 13 13 13 13 13 13 13 13 13 13 13 13 13 14 21 21 21 21 21 21 21 21 21 21 21 21 21 21 21 21 21 21 21 21 21 21 21 21 21 21 21 21 21 21 21 21 21 21 21 34 51 0 0 0 0 0 0 0 0 0
71 71 71 71 71 71 71 71 65 32 23 21 21 21 21 21 21 21 21 21 21 21 21 21 21 21 19 13 13 13 13 13 13 13 13 13 13 13 13 13 13 13 13 13 13 13 13 13 13 13 14 16 17 21 22 22 22 22 22 22 22 22 22 22 22 22 22 22 22 22 22 22 22 22 22 22 22 22 22 22 22 22 27 42 45 50 52 52 52 52 45 0 0 0 0 0
71 71 71 71 71 71 71 71 71 71 31 21 21 21 21 21 21 21 21 21 21 21 21 21 21 21 21 16 14 14 14 14 14 14 14 14 14 14 14 14 14 14 14 14 14 14 14 14 14 14 14 14 15 20 22 22 22 22 22 22 22 22 22 22 22 22 22 22 22 22 22 22 22 22 22 22 22 22 22 22 22 22 26 28 27 49 52 52 52 38 0 0 0 0 0 0
72 72 72 72 72 72 71 48 32 24 22 22 22 22 22 22 22 22 22 22 22 22 22 22 22 22 21 15 14 14 14 14 14 14 14 14 14 14 14 14 14 14 14 14 14 14 14 14 14 14 14 18 22 22 22 22 22 22 22 22 22 22 22 22 22 22 22 22 22 22 22 22 22 22 22 22 22 22 23 22 22 22 22 22 23 52 53 53 53 53 0 0 0 0 0 0
72 72 72 72 72 72 55 22 22 22 22 22 22 22 22 22 22 22 22 22 22 22 22 22 21 18 16 14 14 14 14 14 14 14 14 14 14 14 14 14 14 14 14 14 14 14 14 14 14 16 21 22 22 22 22 22 22 22 22 22 22 22 22 22 22 22 22 22 22 23 22 22 22 22 22 23 33 34 50 42 23 22 29 30 30 53 53 53 53 53 53 53 51 0 0 0
73 73 73 73 73 73 51 22 22 22 22 22 22 22 22 22 22 22 22 22 22 22 22 22 21 17 14 14 14 14 14 14 14 14 14 14 14 14 14 14 14 14 14 14 14 14 14 14 14 14 15 17 20 22 22 22 22 22 22 22 22 22 22 22 22 22 24 44 51 51 43 49 50 51 51 52 54 54 54 53 50 46 53 54 45 49 53 54 54 54 54 54 54 0 0 0
74 74 74 74 74 63 22 22 22 22 22 22 22 22 22 22 22 22 22 22 22 22 22 22 22 22 21 14 14 12 10 9 0 0 0 0 14 14 14 14 14 14 14 14 14 14 14 14 14 14 14 14 14 14 16 20 22 22 22 22 22 22 22 28 38 38 41 54 54 54 54 54 54 54 54 54 54 54 54 54 54 54 50 44 14 27 43 46 52 54 54 53 51 0 0 0
74 74 74 74 74 47 22 22 22 22 22 22 22 22 22 22 22 22 22 22 22 22 22 22 22 22 21 14 13 0 0 0 1 5 11 10 11 14 14 14 14 14 14 14 14 14 14 14 14 14 14 14 14 14 14 15 25 27 28 30 31 36 48 54 54 54 54 54 54 53 53 54 54 54 54 54 54 0 0 0 0 0 0 0 0 0 0 0 0 0 0 0 0 0 0 0
75 75 75 57 31 22 22 22 22 22 22 22 22 22 22 22 22 22 22 22 22 22 22 22 22 18 14 14 8 0 0 0 7 14 14 14 14 14 14 14 14 14 14 14 14 14 14 14 14 14 14 14 14 14 21 44 54 54 54 54 54 54 54 54 54 54 54 54 54 54 54 54 55 55 55 55 0 0 0 0 0 0 0 0 0 0 0 0 0 0 0 0 0 0 0 0
76 76 76 66 33 0 0 0 0 0 0 0 0 14 22 0 0 13 23 23 23 23 23 23 23 17 14 14 3 0 0 0 9 14 14 14 14 14 14 14 14 14 14 14 14 14 14 14 14 14 15 19 25 38 54 54 54 54 54 54 54 54 54 54 54 54 54 54 54 54 54 54 42 0 0 0 0 0 0 0 0 0 0 0 0 0 0 0 0 0 0 0 0 0 0 0
76 76 75 67 28 0 0 0 0 0 0 0 0 0 6 0 0 18 23 23 23 23 23 23 22 11 6 6 10 0 0 0 13 14 14 14 14 14 14 14 14 14 14 15 15 14 16 28 41 47 53 55 55 55 55 55 55 55 55 55 55 55 55 55 55 55 55 55 55 48 6 15 1 0 0 0 0 0 0 0 0 0 0 0 0 0 0 0 0 0 0 0 0 0 0 0
77 77 47 0 0 0 0 0 0 0 0 0 0 0 0 3 19 23 23 23 23 23 22 14 0 0 0 0 0 0 0 0 14 15 15 15 15 15 15 18 26 25 22 42 52 43 52 55 55 55 55 55 55 55 55 55 55 55 55 55 55 55 55 55 55 55 54 30 0 0 0 0 0 0 0 0 0 0 0 0 0 0 0 0 0 0 0 0 0 0 0 0 0 0 0 0
0 0 0 0 0 0 0 0 0 0 0 0 0 0 0 0 22 21 23 23 22 0 0 0 0 0 0 0 0 0 0 12 15 15 15 15 15 15 44 55 56 56 56 56 56 56 56 56 56 56 56 56 56 56 56 56 56 56 56 56 56 56 56 56 50 0 0 0 0 0 0 0 0 0 0 0 0 0 0 0 0 0 0 0 0 0 0 0 0 0 0 0 0 0 0 0
0 0 0 0 0 0 0 0 0 0 0 0 0 0 0 0 0 18 23 17 0 0 0 0 0 0 0 0 0 0 26 14 15 15 15 17 51 48 56 56 56 56 56 56 56 56 56 56 56 56 56 56 56 56 56 56 56 56 56 56 56 56 49 36 0 0 0 0 0 0 0 0 0 0 0 0 0 0 0 0 0 0 0 0 0 0 0 0 0 0 0 0 0 0 0 0
0 0 0 0 0 0 0 0 0 0 0 0 0 0 0 0 0 0 0 0 0 0 0 0 0 13 32 63 79 79 71 34 23 39 56 73 62 56 56 56 56 56 56 56 56 56 56 0 0 0 0 0 0 0 56 56 56 56 56 0 0 0 0 0 0 0 0 0 0 0 0 0 0 0 0 0 0 0 0 0 0 0 0 0 0 0 0 0 0 0 0 0 0 0 0 0
0 0 0 0 0 0 0 0 0 0 0 0 0 0 0 0 0 0 0 0 0 0 0 0 0 79 79 79 79 79 79 79 77 71 68 65 57 57 56 41 17 46 57 54 36 24 12 0 0 0 0 0 0 0 15 54 57 57 41 0 0 0 0 0 0 0 0 0 0 0 0 0 0 0 0 0 0 0 0 0 0 0 0 0 0 0 0 0 0 0 0 0 0 0 0 0
0 0 0 0 0 0 0 0 0 0 0 0 0 0 0 0 0 0 0 0 0 0 23 58 80 80 80 80 80 80 76 73 72 42 48 57 47 0 0 0 0 54 0 0 0 0 0 0 0 0 0 0 0 0 0 0 51 51 0 0 0 0 0 0 0 0 0 0 0 0 0 0 0 0 0 0 0 0 0 0 0 0 0 0 0 0 0 0 0 0 0 0 0 0 0 0
0 0 0 0 0 0 0 0 0 0 0 0 0 0 0 0 0 0 0 0 0 0 80 81 81 81 81 81 81 69 31 2 6 1 1 36 22 0 0 0 0 25 0 0 0 0 0 0 0 0 0 0 0 0 0 0 4 0 0 0 0 0 0 0 0 0 0 0 0 0 0 0 0 0 0 0 0 0 0 0 0 0 0 0 0 0 0 0 0 0 0 0 0 0 0 0
0 0 0 0 0 0 0 0 0 0 0 0 0 0 0 0 0 0 0 0 67 68 72 79 81 81 81 81 78 32 0 0 0 0 0 0 0 0 0 0 0 0 0 0 0 0 0 0 0 0 0 0 0 0 0 0 0 0 0 0 0 0 0 0 0 0 0 0 0 0 0 0 0 0 0 0 0 0 0 0 0 0 0 0 0 0 0 0 0 0 0 0 0 0 0 0
0 0 0 0 0 0 0 0 0 0 0 0 0 0 0 0 0 40 0 0 69 69 72 74 78 82 82 82 75 0 0 0 0 0 0 0 0 0 0 0 0 0 0 0 0 0 0 0 0 0 0 0 0 0 0 0 0 0 0 0 0 0 0 0 0 0 0 0 0 0 0 0 0 0 0 0 0 0 0 0 0 0 0 0 0 0 0 0 0 0 0 0 0 0 0 0
0 0 0 0 0 0 0 0 0 0 0 0 0 0 0 0 0 69 69 0 69 69 74 82 82 82 82 74 25 0 0 0 0 0 0 0 0 0 0 0 0 0 0 0 0 0 0 0 0 0 0 0 0 0 0 0 0 0 0 0 0 0 0 0 0 0 0 0 0 0 0 0 0 0 0 0 0 0 0 0 0 0 0 0 0 0 0 0 0 0 0 0 0 0 0 0
0 0 0 0 0 0 0 0 0 0 0 0 0 0 0 69 70 70 70 70 70 74 81 83 83 83 76 0 0 0 0 63 0 0 0 0 0 0 0 0 0 0 0 0 0 0 0 0 0 0 0 0 0 0 0 0 0 0 0 0 0 0 0 0 0 0 0 0 0 0 0 0 0 0 0 0 0 0 0 0 0 0 0 0 0 0 0 0 0 0 0 0 0 0 0 0
0 0 0 0 0 0 0 0 0 0 0 0 0 0 0 70 70 70 70 71 75 82 84 84 84 48 1 0 0 0 0 22 0 0 0 0 0 0 0 0 0 0 0 0 0 0 0 0 0 0 0 0 0 0 0 0 0 0 0 0 0 0 0 0 0 0 0 0 0 0 0 0 0 0 0 0 0 0 0 0 0 0 0 0 0 0 0 0 0 0 0 0 0 0 0 0
0 0 0 0 0 0 0 0 0 0 0 0 59 71 71 71 71 71 71 76 84 84 84 84 55 0 0 0 0 0 0 0 0 0 0 0 0 0 0 0 0 0 0 0 0 0 0 0 0 0 0 0 0 0 0 0 0 0 0 0 0 0 0 0 0 0 0 0 0 0 0 0 0 0 0 0 0 0 0 0 0 0 0 0 0 0 0 0 0 0 0 0 0 0 0 0
0 0 0 0 0 0 0 0 3 30 65 71 71 71 71 71 71 71 72 81 85 85 85 85 0 0 0 0 0 0 0 0 0 0 0 0 0 0 0 0 0 0 0 0 0 0 0 0 0 0 0 0 0 0 0 0 0 0 0 0 0 0 0 0 0 0 0 0 0 0 0 0 0 0 0 0 0 0 0 0 0 0 0 0 0 0 0 0 0 0 0 0 0 0 0 0
