meteoriteanalysis/data/pop/popdens/gpw_pop_density_qd_1990a.asc
ncols 1440 
nrows 720
xllcorner -180
yllcorner -90
cellsize .25
NODATA_value -99
[rows 80 to 159 of 720, columns 768 to 863 of 1440]
0 0 0 0 0 0 0 0 0 0 0 0 0 0 0 0 0 0 0 0 0 0 0 0 0 0 20 19 11 0 0 0 0 0 4 3 1 1 1 1 1 2 4 4 4 4 4 4 3 1 0 1 1 1 1 1 1 1 0 0 0 0 0 0 0 1 2 2 2 2 2 2 0 0 0 0 0 0 0 0 5 5 0 0 0 0 0 0 0 0 0 0 0 0 0 0
0 0 0 0 0 0 0 0 0 0 0 0 0 0 0 0 0 0 0 0 0 0 0 0 0 20 20 20 20 0 0 0 0 0 3 2 1 1 1 1 1 1 2 1 1 1 1 1 1 0 0 1 1 1 1 0 0 0 0 0 0 0 0 0 0 0 0 1 1 2 2 2 0 0 0 0 0 0 0 0 4 4 0 0 0 0 0 0 0 0 0 0 0 0 0 0
0 0 0 0 0 0 0 0 0 0 0 0 0 0 0 0 0 0 0 0 0 4 8 12 12 10 6 6 8 0 0 7 2 2 2 3 2 1 1 1 1 1 0 0 0 0 0 0 0 0 1 1 1 1 1 0 0 0 0 0 0 0 0 0 0 0 0 1 1 3 3 4 4 5 5 5 5 5 4 4 3 3 3 4 19 0 0 0 0 0 0 0 0 0 0 0
0 0 0 0 0 0 0 0 0 0 0 0 0 0 0 0 0 0 0 0 0 0 5 8 10 5 2 3 3 4 4 3 1 1 1 1 0 0 0 1 1 0 0 0 0 0 0 0 0 0 0 1 1 1 1 0 0 0 0 0 0 0 0 0 0 0 0 2 3 5 0 0 5 5 5 5 4 4 3 3 3 3 3 189 886 351 14 8 10 14 18 22 27 27 23 25
0 0 0 0 0 0 0 0 0 0 0 0 0 0 0 0 0 0 0 0 0 0 5 6 4 1 2 2 2 2 2 2 2 1 1 1 1 0 0 0 0 0 0 0 0 0 0 0 0 0 0 0 0 0 0 0 0 0 0 0 0 0 0 0 0 1 2 5 5 5 0 0 5 5 5 4 3 3 3 3 3 3 3 193 471 54 3 3 3 3 3 3 4 6 3 4
0 0 0 0 0 0 0 0 0 0 0 15 15 14 11 6 5 29 22 7 7 7 7 6 3 1 1 1 1 2 2 2 2 1 1 1 1 1 1 1 0 0 0 0 0 0 0 0 0 0 0 0 0 0 0 0 0 0 0 0 0 0 0 0 0 1 3 5 5 5 5 5 5 4 3 3 3 0 3 3 3 3 3 3 3 3 1 1 1 1 1 1 1 1 1 0
0 0 0 0 0 0 0 0 0 0 0 17 16 9 6 5 4 4 4 4 6 10 10 10 5 1 1 1 1 1 1 1 1 1 1 1 1 1 1 1 1 1 1 1 0 0 0 0 0 0 1 1 1 1 1 1 1 1 1 1 1 1 1 1 1 1 4 5 5 5 5 4 4 3 3 3 3 0 3 3 3 3 4 6 7 6 3 0 0 0 0 0 0 0 0 0
0 0 0 0 0 10 24 0 0 0 0 0 0 0 2 2 0 2 2 3 3 7 8 9 4 1 1 1 1 1 1 1 1 1 1 1 1 1 1 1 1 1 1 1 1 1 1 1 1 1 1 1 1 1 1 1 1 1 1 1 1 1 1 1 1 1 1 2 3 4 4 3 3 3 3 3 3 3 3 7 16 24 0 0 31 31 26 13 0 0 0 0 0 0 0 0
0 0 0 0 0 0 0 0 0 0 0 0 3 3 3 2 2 2 2 1 1 1 1 2 1 1 1 1 1 1 1 1 1 1 1 1 1 1 1 1 1 1 1 1 1 1 1 2 1 1 1 1 1 1 1 1 1 1 1 1 1 1 1 1 1 0 0 0 0 0 2 3 3 3 4 0 0 7 10 25 26 26 26 26 0 31 27 21 7 0 0 0 0 0 0 0
0 0 0 0 0 0 0 0 0 0 0 0 15 2 2 2 2 2 1 0 0 0 1 1 1 1 1 1 1 1 1 1 1 1 1 1 1 1 1 1 1 1 1 1 1 1 2 2 2 1 1 1 1 1 1 1 1 1 1 1 1 1 1 0 0 0 0 0 0 1 1 2 6 9 10 0 0 10 11 19 28 28 28 28 0 31 20 16 16 0 11 0 0 0 0 0
0 0 0 0 0 0 0 39 39 39 39 39 19 7 4 3 1 1 0 0 0 0 0 0 0 1 1 1 0 1 1 1 1 1 1 1 1 1 1 1 1 1 1 1 1 1 1 2 2 2 1 1 1 1 1 1 1 1 1 1 1 1 0 0 0 0 0 0 1 1 3 6 6 8 10 10 10 9 0 0 18 46 104 31 31 31 25 16 16 16 11 0 0 0 0 0
0 0 0 0 0 0 0 4 4 13 21 8 3 3 5 7 8 5 0 0 0 0 0 0 0 0 0 0 0 1 1 1 1 1 1 1 1 1 1 1 1 1 1 1 1 1 1 2 2 2 2 2 2 2 2 2 1 1 1 1 1 1 1 1 1 1 1 1 2 5 6 6 6 6 7 8 7 6 6 0 6 6 7 11 18 22 14 8 13 12 6 1 1 1 0 0
0 0 0 0 0 0 0 8 5 3 1 1 3 2 2 2 1 0 0 0 0 0 0 0 0 0 0 0 0 0 0 0 1 1 1 1 1 1 1 1 1 1 1 1 1 2 2 3 3 3 3 3 3 3 3 3 3 2 3 3 3 3 3 2 1 1 1 1 5 6 6 6 6 6 6 6 6 6 6 6 6 6 0 0 0 1 1 1 1 0 1 1 1 1 1 1
0 0 0 0 4 3 5 7 8 6 5 4 5 3 2 0 0 0 0 0 0 0 0 0 0 0 0 0 0 0 0 0 0 0 0 1 1 1 1 1 2 2 2 1 2 2 2 3 3 3 3 3 3 3 41 8 3 3 3 3 3 3 3 3 2 1 1 1 1 3 4 4 4 4 4 6 6 4 6 6 6 6 6 6 6 6 1 0 0 0 0 0 0 1 1 1
0 0 0 0 9 5 5 6 6 6 6 6 6 4 0 0 0 0 0 0 0 0 0 0 0 0 0 0 0 0 0 0 0 0 1 4 3 3 4 5 4 2 2 2 2 2 3 3 3 4 6 3 3 3 17 53 3 3 3 3 3 3 2 2 2 2 2 3 3 3 2 1 1 1 1 1 1 1 2 4 4 3 2 1 1 1 1 0 0 0 0 0 0 0 1 1
65 15 14 6 6 6 6 4 4 5 4 3 2 1 0 0 0 0 0 0 0 0 0 0 0 0 0 1 1 1 1 0 0 1 6 7 7 7 7 9 29 17 9 7 7 5 6 11 18 19 4 3 3 3 3 2 2 2 2 2 0 2 2 2 2 2 2 3 3 3 3 2 1 1 1 0 0 1 1 1 1 1 1 1 1 1 1 0 0 1 0 0 0 0 0 0
54 48 22 7 7 7 6 3 3 2 1 1 1 1 1 0 0 0 0 0 0 0 0 0 0 0 1 1 1 1 1 1 2 5 6 6 7 7 7 12 30 32 16 10 10 11 12 12 16 22 36 12 6 3 3 2 2 2 2 2 0 2 2 2 2 2 3 3 3 3 3 3 2 1 1 0 0 1 1 1 1 1 1 1 1 1 1 0 0 1 0 0 0 0 0 0
11 3 3 3 6 2 1 1 1 1 1 1 0 0 1 1 1 1 0 0 0 0 0 0 0 1 1 1 1 1 2 2 4 8 8 6 7 14 23 30 32 0 0 0 0 0 0 0 0 0 0 0 0 3 5 3 2 2 2 2 2 2 2 2 2 2 2 3 3 3 3 2 1 0 0 1 1 1 1 1 0 0 1 1 1 1 1 0 0 1 0 0 0 0 0 0
9 7 6 6 3 1 1 1 1 1 1 1 1 1 1 1 1 1 0 0 1 0 0 0 1 2 2 2 2 1 3 10 12 12 13 13 13 13 0 0 0 0 0 0 0 0 0 0 0 0 0 0 0 10 7 8 4 2 2 2 2 2 2 2 2 2 2 2 2 2 2 1 1 1 0 0 1 1 1 1 1 1 1 1 1 1 1 0 1 1 0 0 0 0 0 0
3 2 2 2 1 1 1 1 1 1 1 1 1 1 1 1 1 0 0 0 0 1 1 1 2 2 2 2 3 2 4 10 11 11 11 11 11 12 0 0 0 0 0 0 0 0 0 0 0 0 0 0 0 90 102 45 6 3 2 2 2 2 2 2 2 2 2 2 2 2 2 1 1 1 1 0 0 1 1 1 1 1 1 1 1 1 1 1 1 1 0 0 0 0 0 5
4 3 1 1 1 1 1 1 1 1 1 1 1 1 1 1 1 1 1 1 1 1 1 2 2 2 0 3 3 3 3 0 0 11 11 11 11 11 0 0 0 0 0 0 0 0 0 0 0 0 8 5 7 34 107 65 11 15 3 2 2 2 2 2 2 2 2 2 2 2 2 1 1 1 1 1 1 1 1 1 1 1 1 1 2 2 2 2 2 1 0 0 0 0 0 0
3 2 2 2 1 1 1 1 1 1 1 1 1 1 1 1 1 1 1 1 1 1 2 2 2 2 0 2 2 4 7 0 0 11 11 11 11 11 0 0 0 0 0 0 0 0 0 0 0 0 43 8 7 7 7 9 13 6 3 3 3 3 2 3 2 3 3 3 2 2 2 2 1 1 102 1 1 1 1 1 1 1 1 1 2 2 2 2 2 2 0 0 0 0 0 0
3 2 2 1 1 1 1 1 1 2 2 1 1 1 1 1 1 1 1 1 1 1 1 1 2 2 2 2 2 2 2 3 19 12 9 7 9 11 0 0 0 0 0 0 0 0 0 0 11 7 12 13 10 7 4 4 4 3 3 4 0 0 0 15 6 4 3 3 2 2 2 2 0 1 1 1 1 1 1 1 1 1 1 2 0 2 2 2 2 2 2 2 2 2 2 0
6 1 1 1 1 1 1 1 2 2 2 2 1 1 1 1 1 1 1 1 1 1 1 1 1 1 2 2 2 3 5 13 36 34 11 6 6 0 0 0 0 0 0 0 0 0 0 0 14 16 20 18 11 8 7 4 3 3 3 4 0 0 0 16 4 4 4 4 2 2 2 2 0 2 1 1 1 1 1 1 1 1 1 1 0 2 2 2 2 2 2 2 2 2 2 0
10 8 3 1 1 2 2 2 2 0 0 2 1 1 1 1 1 1 3 4 4 6 5 6 7 8 4 4 3 4 14 29 40 40 0 0 0 0 0 0 0 0 0 69 101 37 8 13 10 7 10 15 19 11 8 6 6 6 7 5 5 7 11 0 0 4 4 4 4 4 4 2 2 2 1 1 1 1 1 1 1 1 1 1 1 2 2 2 2 2 2 2 2 2 2 0
6 2 1 1 1 1 2 2 2 2 6 9 3 1 1 2 4 4 4 4 4 8 9 9 9 9 9 9 8 0 0 0 0 0 0 0 0 0 0 0 0 11 73 22 15 11 11 10 7 7 4 6 7 8 7 6 6 0 8 15 19 17 7 4 3 3 4 5 7 7 6 5 4 2 1 1 1 1 1 1 1 1 4 4 3 3 3 2 124 2 2 0 2 2 2 2
2 1 1 1 1 1 2 2 2 2 15 26 23 12 3 3 3 4 4 4 4 5 8 9 9 9 9 9 9 0 0 0 0 0 0 0 0 0 0 0 0 11 12 13 10 9 9 8 6 4 3 4 5 5 5 5 0 0 6 9 19 15 11 8 7 5 3 5 5 6 5 5 5 5 4 3 2 1 1 1 1 1 2 4 4 4 4 2 2 2 0 0 2 2 2 2
1 1 1 1 1 1 1 1 1 0 0 0 17 4 3 3 3 3 3 4 4 7 9 10 12 11 9 9 0 0 0 0 0 0 0 0 0 0 150 44 18 11 15 18 16 15 11 13 12 6 0 0 0 5 6 0 7 6 6 6 9 22 39 20 12 12 8 5 5 5 5 7 5 5 4 4 3 2 0 0 0 0 1 2 4 4 4 4 3 3 3 3 3 3 3 3
1 1 1 1 1 1 1 1 1 0 0 0 3 2 2 2 2 4 15 20 17 19 19 18 14 14 13 0 0 0 0 0 0 0 0 0 0 12 17 15 16 15 25 57 21 16 11 10 6 5 0 0 0 7 12 0 7 7 6 7 12 66 94 77 57 11 6 9 11 7 9 12 8 7 3 3 3 3 2 0 0 0 2 2 2 3 3 3 3 3 4 4 4 4 4 4
2 1 1 1 1 1 1 1 1 1 2 3 3 3 3 3 4 8 25 26 25 24 24 25 0 0 0 0 0 0 0 0 0 0 0 0 11 11 12 13 17 22 19 42 0 0 12 10 8 8 4 4 9 11 20 33 8 7 0 0 11 14 32 9 9 7 7 0 16 14 67 126 10 7 4 3 3 2 2 2 2 2 2 2 2 2 2 2 2 2 3 4 0 0 4 3
2 1 1 1 1 1 1 1 1 1 1 2 4 4 4 4 4 12 27 27 26 26 24 0 0 0 0 0 0 0 0 0 0 0 0 0 0 12 12 12 12 12 12 12 9 9 9 8 9 9 7 5 7 17 69 57 21 10 8 7 0 6 9 0 0 0 0 5 7 10 10 14 12 6 6 4 2 2 2 2 0 0 2 2 2 2 2 0 2 25 2 0 4 4 0 3
1 1 1 1 1 1 1 1 1 1 1 1 1 3 4 4 7 13 12 13 15 16 0 0 0 0 0 0 0 0 0 0 0 0 0 0 0 0 10 5 8 9 7 9 8 6 6 7 9 11 34 13 15 11 135 84 10 7 6 6 0 0 8 0 0 0 0 9 6 9 9 11 12 10 14 8 2 2 2 2 0 0 2 2 2 2 2 0 0 82 0 0 3 4 0 3
1 1 1 1 1 1 1 1 1 1 2 2 3 4 4 4 4 13 15 13 11 0 0 0 0 0 0 0 0 0 0 0 0 0 0 0 0 0 9 5 11 18 13 10 10 9 0 0 30 10 8 10 18 0 0 7 5 7 0 0 10 10 7 7 7 9 27 0 0 0 9 8 0 18 19 13 5 3 2 2 2 2 2 3 4 4 4 4 22 433 0 0 0 0 0 3
2 2 1 1 1 1 1 1 4 3 4 4 4 5 5 5 7 10 14 15 15 0 0 0 0 0 0 0 0 0 0 0 0 0 0 0 0 0 147 49 11 11 10 12 18 28 0 0 100 18 9 5 5 0 0 7 8 7 0 0 37 66 8 6 5 5 12 0 0 0 12 10 0 17 19 10 8 8 46 4 4 4 4 4 4 4 4 5 6 418 0 0 0 0 0 0
2 2 2 2 2 1 1 1 4 6 4 4 5 6 7 7 9 14 16 25 23 0 0 0 0 0 0 0 0 0 0 0 0 0 0 0 0 0 64 66 41 16 18 22 29 50 79 102 50 15 8 7 7 0 0 9 8 7 0 0 6 5 7 0 0 6 6 0 11 12 10 10 10 0 0 8 8 0 0 0 7 6 5 6 8 5 4 4 5 5 5 5 5 5 0 0
5 3 3 3 3 2 2 3 4 7 5 5 5 6 7 9 13 13 14 26 32 0 0 0 0 0 0 0 0 0 0 0 0 0 0 0 0 106 83 19 21 18 20 19 14 12 21 51 38 38 41 10 11 26 78 51 53 0 8 11 9 7 9 18 40 54 45 88 17 17 11 10 10 0 0 0 0 0 0 0 0 0 0 9 9 8 5 4 3 4 3 2 3 3 0 0
8 5 3 3 3 3 4 0 0 7 8 9 8 10 18 25 22 11 9 25 53 0 0 0 0 0 0 0 0 0 0 0 0 0 0 0 39 34 24 17 17 11 13 14 31 22 52 13 15 56 46 31 18 30 174 64 0 0 129 37 20 13 6 17 39 43 24 17 17 17 10 10 72 0 0 0 0 0 0 0 0 0 0 0 8 5 3 3 2 65 2 2 2 3 0 3
8 8 4 3 3 3 3 3 5 6 11 12 13 39 0 0 23 29 32 43 53 0 0 13 0 0 0 0 0 0 0 0 0 0 0 0 0 0 0 18 53 192 30 17 15 14 13 11 19 19 86 100 65 24 18 12 10 14 20 121 56 19 9 0 0 0 0 228 17 17 10 10 10 10 15 0 0 0 0 0 0 0 8 5 2 2 69 2 2 2 2 2 2 3 3 3
11 11 4 3 3 4 6 4 5 5 9 15 38 59 0 0 19 29 32 41 42 0 13 14 0 0 0 0 0 0 0 0 0 0 0 0 0 0 0 0 349 233 33 24 68 14 8 18 49 40 225 448 456 35 94 25 28 38 19 143 206 20 12 0 0 0 0 17 17 17 14 19 23 26 40 0 0 0 0 0 0 0 8 8 7 6 4 2 2 2 2 2 2 3 3 3
14 16 8 5 6 8 8 8 9 16 17 16 16 13 14 19 25 31 23 13 15 41 39 36 23 24 22 23 0 0 0 0 0 0 0 0 0 0 0 0 0 27 12 0 0 16 23 31 0 0 335 0 0 0 0 0 0 0 0 0 0 0 0 0 0 0 0 0 0 0 0 0 1308 59 42 42 42 0 25 9 8 8 8 8 7 6 6 2 2 2 2 2 3 3 3 3
10 11 14 11 10 15 15 9 8 8 8 10 13 15 12 27 28 43 33 20 38 65 68 68 60 39 23 23 0 0 0 0 0 0 0 0 0 0 0 0 0 0 0 0 0 21 20 16 0 0 0 0 0 0 0 0 0 0 0 0 0 0 0 0 0 0 0 0 0 0 0 3428 4115 2069 93 46 29 0 25 8 8 135 8 8 6 2 2 2 2 2 2 2 3 4 3 3
9 13 15 16 22 27 49 47 10 12 10 15 19 18 26 30 53 117 126 73 30 45 82 143 70 50 42 26 0 0 0 0 0 0 0 0 0 0 0 0 0 0 0 0 0 0 0 0 0 0 0 0 0 0 0 0 0 0 0 0 0 0 0 0 0 9 9 10 27 30 44 427 1732 1673 180 24 26 28 26 6 7 8 8 4 2 183 2 3 3 3 2 3 4 4 3 3
6 0 14 20 39 71 0 0 0 35 58 40 71 61 0 49 60 85 81 48 36 57 104 0 1472 217 0 0 0 0 0 0 0 0 0 0 0 0 0 0 0 0 0 0 0 0 139 139 139 139 139 139 139 139 130 78 23 23 24 63 66 0 0 64 39 38 137 11 22 22 33 58 62 34 20 20 20 20 8 8 144 6 5 3 2 2 3 58 67 4 4 4 4 4 3 3
0 0 21 14 14 0 0 0 0 29 17 25 63 56 0 0 36 44 31 23 22 88 0 0 401 236 0 0 0 0 0 0 0 0 0 0 0 0 0 0 0 0 0 0 0 0 16 59 105 107 48 41 97 116 19 18 23 23 23 49 66 0 0 23 109 4 4 7 12 15 11 13 47 31 16 18 19 16 12 12 11 8 6 3 3 3 3 4 5 4 4 5 7 8 7 5
10 17 0 0 0 0 0 42 26 0 0 15 19 27 25 20 38 34 26 29 30 0 0 0 0 0 0 0 0 0 0 0 0 0 0 0 0 0 0 0 0 11 11 0 0 0 14 14 14 13 13 14 14 18 17 17 18 19 19 40 0 0 0 6 5 5 5 6 7 7 95 21 7 7 7 10 15 14 12 10 7 7 7 6 3 3 3 6 6 6 6 6 7 8 8 6
23 31 0 0 0 0 0 45 26 0 0 32 39 52 52 50 76 72 65 43 171 0 0 0 0 0 0 0 0 0 0 0 0 0 0 0 0 0 0 0 0 14 13 0 0 0 15 16 18 18 19 19 19 19 19 18 17 20 22 32 0 0 0 6 6 6 6 6 6 7 7 7 6 5 5 7 127 337 15 14 8 7 7 11 10 7 5 7 7 5 5 5 6 13 13 12
63 70 38 36 41 39 41 64 49 0 0 0 42 70 85 67 26 20 33 0 0 0 0 0 0 0 0 0 0 0 0 0 0 0 0 0 0 0 0 14 14 14 14 14 0 0 20 20 20 20 20 20 20 21 21 21 41 55 55 55 55 0 0 6 6 6 5 5 5 6 6 7 6 6 7 12 99 0 15 12 6 6 7 10 15 15 10 27 141 0 4 4 5 9 8 8
59 94 45 24 22 28 30 27 27 67 34 25 13 51 33 15 17 17 0 0 0 0 0 0 0 0 0 0 0 0 0 0 0 0 0 0 0 0 0 14 14 0 0 0 0 0 0 0 0 20 20 20 22 21 21 21 34 35 31 22 17 22 11 0 0 10 6 5 5 5 7 12 13 13 8 7 6 7 10 10 8 6 7 8 12 14 14 10 10 9 6 5 5 5 5 6
356 88 44 66 49 21 23 45 50 71 34 23 8 7 10 10 17 0 0 0 0 0 0 0 0 0 0 0 18 0 0 0 0 0 0 0 0 0 0 14 14 0 0 0 0 0 0 0 0 0 17 21 27 27 20 18 20 20 19 19 19 18 20 0 0 527 10 9 10 11 11 17 17 14 6 6 6 104 8 11 10 6 10 13 13 13 12 91 11 11 6 5 85 5 9 9
292 71 45 76 48 20 27 48 46 49 32 0 20 18 16 14 15 20 21 0 0 0 0 0 18 18 18 18 0 0 0 0 0 0 0 0 0 0 0 27 27 19 19 0 0 0 0 0 0 0 17 17 25 27 19 16 16 19 19 17 18 21 24 16 10 10 10 11 11 11 10 11 12 11 5 3 3 4 6 6 6 6 6 6 7 10 9 9 11 11 166 11 10 9 10 10
84 60 39 21 12 19 22 20 16 18 19 0 18 18 16 16 21 25 25 0 0 0 0 0 18 18 18 0 0 0 0 0 0 0 0 0 0 0 0 27 26 20 19 0 0 0 0 0 0 90 55 55 22 23 21 16 16 15 15 14 13 13 15 11 8 75 5 6 9 10 8 7 7 7 3 3 3 2 4 5 4 4 4 4 4 5 7 8 10 11 11 11 12 16 19 15
55 55 42 29 18 18 22 22 22 21 29 31 22 10 10 12 13 22 22 18 18 0 0 0 18 18 0 0 0 0 0 0 0 0 0 0 0 0 23 23 22 18 20 21 0 0 0 0 337 337 332 307 42 21 21 20 17 16 17 16 15 14 14 14 10 6 8 9 9 9 7 6 6 6 6 4 4 4 4 4 4 4 3 3 65 3 5 10 11 11 9 55 33 18 18 11
0 0 0 55 39 18 14 15 15 20 28 37 29 14 14 17 29 41 18 0 0 0 0 0 0 0 0 0 0 0 0 0 0 0 0 0 46 42 25 17 17 18 22 23 23 27 159 330 337 318 159 114 72 33 17 16 15 15 15 16 19 15 15 14 10 9 14 14 12 9 6 6 7 7 7 7 8 8 7 6 5 4 4 4 4 5 6 8 10 10 9 45 23 12 13 897
0 0 0 0 50 25 18 16 16 17 20 22 19 16 16 34 52 39 20 0 0 0 0 0 0 0 0 0 0 0 0 0 0 0 0 0 46 46 46 25 18 19 20 24 26 32 72 81 95 90 31 30 20 18 18 19 18 18 17 32 33 29 19 16 10 12 15 15 13 8 9 10 9 8 9 10 10 10 9 6 6 6 5 5 6 6 6 6 8 9 9 9 9 9 13 13
0 0 0 0 42 28 31 0 0 29 31 37 30 39 49 29 0 0 0 0 0 0 0 0 0 0 0 0 0 0 0 0 0 0 0 0 46 46 42 40 48 45 32 31 29 35 54 41 28 29 27 23 18 19 21 21 22 23 23 26 33 33 26 17 15 9 9 9 8 7 7 12 12 254 37 8 6 9 10 10 9 5 4 4 6 7 7 6 6 6 8 9 9 9 18 17
0 0 0 0 59 44 38 0 0 55 70 61 39 35 55 55 0 0 0 0 0 0 0 0 0 0 0 0 0 0 0 0 0 0 0 0 60 40 34 31 50 47 37 33 29 29 27 24 27 29 27 27 25 24 24 32 43 55 47 40 22 20 18 17 15 11 9 9 9 10 13 15 14 10 10 7 6 6 9 9 8 4 4 72 6 7 7 6 6 173 10 10 10 17 23 36
210 500 0 0 86 60 37 43 52 0 0 0 0 0 0 0 0 0 0 0 0 0 0 0 0 0 0 0 0 0 0 0 0 0 0 0 130 44 36 33 36 42 34 27 30 362 30 27 24 106 23 25 25 26 27 26 39 64 65 56 17 18 17 16 15 13 8 8 8 11 15 14 14 12 8 8 6 6 9 7 5 5 5 5 5 6 7 8 8 8 8 7 9 22 22 51
388 1500 0 0 500 168 64 37 0 0 0 0 0 0 0 0 0 0 0 0 0 0 0 0 0 0 0 0 0 0 0 0 0 0 0 0 1007 37 37 32 30 33 27 26 27 33 35 34 21 232 21 22 22 25 42 32 24 34 33 22 16 18 19 19 17 22 213 68 13 13 13 13 13 13 13 12 9 10 9 7 7 7 6 6 6 6 7 8 8 8 6 6 72 14 17 23
141 75 0 0 131 98 69 0 0 0 0 0 0 0 0 0 0 0 0 0 0 0 0 0 0 0 0 0 0 0 0 0 0 0 0 0 0 0 36 36 38 41 36 29 30 30 38 43 40 38 36 31 24 24 31 39 39 41 27 19 20 22 24 23 23 0 0 74 15 16 16 15 16 28 19 16 12 9 8 8 8 8 7 6 6 6 6 7 7 7 7 6 6 13 16 28
67 52 0 0 0 0 0 0 0 0 0 0 0 0 0 0 0 0 0 0 0 0 0 0 0 0 0 0 0 0 0 0 0 0 0 0 0 0 23 153 34 31 27 27 27 30 50 52 56 57 38 31 30 25 22 22 22 25 24 24 24 25 28 28 27 17 16 15 19 19 19 20 687 151 18 18 17 8 8 10 8 8 20 80 15 125 7 7 79 69 7 6 6 7 10 16
48 48 0 0 0 0 0 0 0 0 0 0 0 0 0 0 0 0 0 0 0 0 0 0 0 0 0 0 0 0 0 0 0 0 0 0 0 0 17 12 12 10 11 24 28 31 46 862 186 36 36 38 38 382 38 21 20 21 22 22 22 20 17 17 17 15 56 15 28 25 21 20 20 20 19 20 21 17 18 18 14 11 13 46 15 14 9 7 7 6 6 6 8 7 15 30
0 0 0 0 82 82 82 0 0 0 0 0 0 0 0 0 0 60 56 56 56 56 56 147 198 198 0 0 0 0 0 0 0 409 299 31 28 24 10 100 12 74 18 42 41 146 32 36 39 36 48 49 358 682 41 22 21 20 19 36 19 18 18 18 18 16 18 23 24 26 25 24 25 270 24 21 20 18 53 610 151 12 8 11 15 17 13 6 6 6 7 9 10 10 29 48
0 0 0 55 349 82 82 0 0 0 0 0 0 0 0 0 0 60 58 56 56 56 58 164 198 198 0 0 0 0 0 0 64 52 45 36 32 29 27 28 29 28 30 44 36 28 22 29 181 22 24 28 28 27 30 32 28 89 32 283 25 18 19 19 19 34 41 18 17 21 26 26 28 90 30 30 31 20 17 17 19 18 11 8 9 9 9 9 9 7 8 10 11 11 19 23
728 91 54 53 54 265 61 0 0 0 0 0 100 85 60 60 60 60 60 57 56 56 72 187 198 198 198 141 82 82 82 81 76 66 61 61 61 61 53 47 47 47 47 47 47 43 22 49 25 16 16 24 28 28 24 23 27 27 32 36 41 90 42 30 32 279 165 18 17 19 22 22 27 28 28 33 34 25 21 19 19 19 19 14 12 11 10 10 10 94 9 18 22 24 25 27
58 57 57 52 52 56 59 59 63 0 0 100 100 97 68 60 60 60 0 59 56 59 106 139 165 198 198 142 82 82 68 62 61 0 61 61 61 60 47 47 47 47 47 47 47 47 29 35 28 26 35 31 60 203 24 22 22 26 28 28 45 552 3125 54 32 29 24 18 18 19 21 24 28 809 26 22 23 23 27 19 18 16 14 141 84 12 10 15 19 106 8 14 16 18 19 25
50 51 48 49 109 133 45 61 62 0 0 100 100 100 97 63 60 0 0 58 56 60 106 108 108 123 133 107 95 87 68 61 61 0 61 61 61 60 47 47 48 50 51 53 64 67 46 620 28 31 36 36 33 29 22 86 26 28 27 28 78 32 43 32 29 28 23 18 16 15 16 24 26 26 23 20 21 22 85 21 23 21 14 13 16 21 22 35 36 99 9 9 9 7 7 10
47 45 44 40 69 40 49 55 58 77 100 100 100 99 77 60 59 58 58 58 58 81 108 108 108 113 119 123 123 123 119 79 65 62 61 61 61 61 57 51 51 51 52 68 71 71 67 31 31 33 33 34 29 28 27 25 29 36 37 31 26 26 28 31 30 24 88 15 16 19 23 23 24 24 21 20 19 19 20 24 24 21 21 15 14 16 29 48 81 501 21 17 13 10 10 16
50 47 46 46 77 64 55 57 54 79 99 96 93 65 59 59 58 58 58 58 58 86 108 108 109 118 123 123 117 111 106 70 68 67 67 62 61 61 61 54 51 51 54 68 71 71 71 53 28 113 35 30 22 117 24 157 239 40 50 37 29 28 134 26 19 18 16 18 394 121 21 21 95 20 25 28 23 16 14 20 23 23 23 27 21 19 18 22 25 540 26 31 26 15 18 29
43 49 48 49 80 84 87 83 81 99 88 60 59 59 59 59 58 58 61 58 58 71 103 108 108 110 107 102 95 95 100 91 70 68 68 67 64 61 61 61 53 51 52 69 71 71 71 58 21 21 24 25 21 22 24 27 30 32 35 38 25 23 239 0 0 21 17 17 17 17 20 45 115 24 30 24 24 21 14 17 21 184 37 41 34 23 23 24 18 16 16 23 15 14 24 33
44 67 68 66 793 2263 694 74 73 75 63 59 59 59 59 61 143 130 164 144 144 163 148 109 106 106 95 95 95 97 102 0 91 68 108 127 137 61 66 72 72 65 59 71 71 65 49 37 25 25 28 40 37 25 23 23 24 23 23 23 20 19 19 23 26 23 16 15 15 15 95 85 20 31 33 39 31 23 15 26 14 20 29 31 33 31 25 26 21 17 21 22 14 15 22 25
73 146 142 114 1055 1577 1535 79 78 168 133 64 66 66 64 63 129 164 164 164 164 164 159 92 91 91 92 93 96 101 102 0 0 341 600 638 619 283 75 77 77 77 75 65 66 28 25 27 28 25 25 42 41 38 31 23 22 22 22 45 22 19 18 18 18 18 17 17 14 14 14 17 20 165 27 493 643 58 29 91 22 30 28 28 30 29 25 23 16 19 23 21 17 209 21 21
67 58 56 57 63 64 59 63 72 76 79 73 73 73 73 73 92 143 128 143 164 161 130 98 91 91 91 91 112 179 192 112 107 116 401 610 638 506 78 77 77 77 70 59 59 52 470 142 34 114 22 28 29 32 34 24 273 22 24 51 25 25 20 18 18 17 16 16 137 186 14 18 19 19 22 31 33 30 26 27 32 24 20 22 24 24 29 29 21 19 20 21 21 23 20 17
205 138 89 88 75 66 58 86 82 275 82 73 73 73 73 73 84 93 93 93 103 105 108 108 107 103 89 86 218 718 643 129 107 107 107 221 280 125 77 77 77 79 67 59 59 59 44 24 21 27 30 30 26 28 28 25 24 26 28 28 28 27 16 12 10 10 12 16 17 15 17 19 16 15 20 22 23 28 29 31 29 27 26 27 25 142 105 33 27 20 18 19 17 16 24 25
201 170 96 92 84 73 75 114 115 150 87 73 73 74 76 108 125 109 99 108 116 144 0 0 108 99 85 85 86 371 389 104 104 105 105 105 105 103 97 123 131 132 122 80 62 62 37 25 28 35 37 35 34 30 28 29 31 31 31 31 24 25 14 15 17 15 18 20 21 14 14 18 15 13 44 25 93 330 32 36 34 33 32 29 31 39 36 99 25 28 27 25 20 70 131 43
352 1082 141 104 96 133 123 147 132 127 102 88 102 110 117 127 127 136 179 178 179 179 130 0 108 100 85 85 97 104 104 104 104 104 105 105 105 105 105 132 147 147 147 147 80 64 54 29 30 32 34 30 31 27 28 93 34 39 50 46 21 22 25 26 27 27 26 27 25 19 21 14 16 13 22 30 67 241 29 33 36 35 34 39 85 42 37 35 36 35 33 33 32 29 25 29
210 364 295 163 183 208 515 731 179 170 196 266 117 115 117 124 127 132 175 179 179 179 140 113 113 111 102 100 123 108 104 104 112 122 121 116 115 109 108 135 147 147 147 146 77 64 64 44 29 27 154 31 29 33 28 28 44 49 43 43 27 24 26 26 28 28 29 26 22 22 20 15 16 16 30 30 30 34 35 194 32 33 42 44 152 51 38 39 45 49 43 41 37 37 29 32
411 275 365 682 214 165 139 239 188 152 162 172 177 139 114 115 135 176 177 179 179 155 118 117 117 123 131 131 131 131 130 122 122 123 123 123 119 110 99 101 115 122 91 79 69 68 68 67 54 106 31 41 49 235 48 51 53 53 44 38 40 28 24 24 26 30 176 34 40 38 18 18 38 48 45 34 32 36 38 33 31 31 32 37 31 69 36 35 40 45 149 514 30 27 28 40
181 359 352 284 180 167 244 249 198 109 91 117 160 130 107 108 126 159 176 176 162 119 117 117 117 122 252 233 166 196 207 211 124 123 123 123 109 97 97 97 97 97 81 70 70 70 70 70 152 73 47 47 53 261 48 57 312 297 63 61 58 29 138 27 28 47 48 42 39 39 54 65 214 1206 687 369 62 39 36 34 31 176 31 31 31 62 72 32 34 39 39 43 40 32 32 33
196 174 175 125 109 122 128 107 146 126 123 106 97 100 119 136 117 141 176 151 89 108 110 117 117 267 599 601 601 601 585 398 188 135 123 128 129 142 133 128 127 133 97 75 79 81 73 68 204 95 51 50 52 50 70 101 87 73 62 131 56 43 44 43 36 42 487 53 39 39 40 41 165 1288 2505 363 49 59 47 45 41 41 42 33 42 46 43 44 44 37 31 136 39 39 39 38
132 98 116 87 74 69 62 91 193 1341 1041 106 101 136 185 184 106 90 134 114 80 63 76 117 340 547 601 601 578 520 440 384 384 355 156 162 162 162 165 166 166 151 102 93 93 87 84 84 77 66 59 55 57 61 73 55 47 48 47 47 139 56 54 40 44 48 182 47 43 39 42 153 62 149 157 60 42 104 34 47 44 49 41 90 64 37 33 37 38 36 31 30 37 44 46 62
