meteoriteanalysis/data/pop/popdens/gpw_pop_density_hd_1995.asc
ncols 720 
nrows 360
xllcorner -180
yllcorner -90
cellsize .5
NODATA_value -99
[rows 0 to 78 of 360, columns 384 to 479 of 720]
-99 -99 -99 -99 -99 -99 -99 -99 -99 -99 -99 -99 -99 -99 -99 -99 -99 -99 -99 -99 -99 -99 -99 -99 -99 -99 -99 -99 -99 -99 -99 -99 -99 -99 -99 -99 -99 -99 -99 -99 -99 -99 -99 -99 -99 -99 -99 -99 -99 -99 -99 -99 -99 -99 -99 -99 -99 -99 -99 -99 -99 -99 -99 -99 -99 -99 -99 -99 -99 -99 -99 -99 -99 -99 -99 -99 -99 -99 -99 -99 -99 -99 -99 -99 -99 -99 -99 -99 -99 -99 -99 -99 -99 -99 -99 -99
-99 -99 -99 -99 -99 -99 -99 -99 -99 -99 -99 -99 -99 -99 -99 -99 -99 -99 -99 -99 -99 -99 -99 -99 -99 -99 -99 -99 -99 -99 -99 -99 -99 -99 -99 -99 -99 -99 -99 -99 -99 -99 -99 -99 -99 -99 -99 -99 -99 -99 -99 -99 -99 -99 -99 -99 -99 -99 -99 -99 -99 -99 -99 -99 -99 -99 -99 -99 -99 -99 -99 -99 -99 -99 -99 -99 -99 -99 -99 -99 -99 -99 -99 -99 -99 -99 -99 -99 -99 -99 -99 -99 -99 -99 -99 -99
-99 -99 -99 -99 -99 -99 -99 -99 -99 -99 -99 -99 -99 -99 -99 -99 -99 -99 -99 -99 -99 -99 -99 -99 -99 -99 -99 -99 -99 -99 -99 -99 -99 -99 -99 -99 -99 -99 -99 -99 -99 -99 -99 -99 -99 -99 -99 -99 -99 -99 -99 -99 -99 -99 -99 -99 -99 -99 -99 -99 -99 -99 -99 -99 -99 -99 -99 -99 -99 -99 -99 -99 -99 -99 -99 -99 -99 -99 -99 -99 -99 -99 -99 -99 -99 -99 -99 -99 -99 -99 -99 -99 -99 -99 -99 -99
-99 -99 -99 -99 -99 -99 -99 -99 -99 -99 -99 -99 -99 -99 -99 -99 -99 -99 -99 -99 -99 -99 -99 -99 -99 -99 -99 -99 -99 -99 -99 -99 -99 -99 -99 -99 -99 -99 -99 -99 -99 -99 -99 -99 -99 -99 -99 -99 -99 -99 -99 -99 -99 -99 -99 -99 -99 -99 -99 -99 -99 -99 -99 -99 -99 -99 -99 -99 -99 -99 -99 -99 -99 -99 -99 -99 -99 -99 -99 -99 -99 -99 -99 -99 -99 -99 -99 -99 -99 -99 -99 -99 -99 -99 -99 -99
-99 -99 -99 -99 -99 -99 -99 -99 -99 -99 -99 -99 -99 -99 -99 -99 -99 -99 -99 -99 -99 -99 -99 -99 -99 -99 -99 -99 -99 -99 -99 -99 -99 -99 -99 -99 -99 -99 -99 -99 -99 -99 -99 -99 -99 -99 -99 -99 -99 -99 -99 -99 -99 -99 -99 -99 -99 -99 -99 -99 -99 -99 -99 -99 -99 -99 -99 -99 -99 -99 -99 -99 -99 -99 -99 -99 -99 -99 -99 -99 -99 -99 -99 -99 -99 -99 -99 -99 -99 -99 -99 -99 -99 -99 -99 -99
-99 -99 -99 -99 -99 -99 -99 -99 -99 -99 -99 -99 -99 -99 -99 -99 -99 -99 -99 -99 -99 -99 -99 -99 -99 -99 -99 -99 -99 -99 -99 -99 -99 -99 -99 -99 -99 -99 -99 -99 -99 -99 -99 -99 -99 -99 -99 -99 -99 -99 -99 -99 -99 -99 -99 -99 -99 -99 -99 -99 -99 -99 -99 -99 -99 -99 -99 -99 -99 -99 -99 -99 -99 -99 -99 -99 -99 -99 -99 -99 -99 -99 -99 -99 -99 -99 -99 -99 -99 -99 -99 -99 -99 -99 -99 -99
-99 -99 -99 -99 -99 -99 -99 -99 -99 -99 -99 -99 -99 -99 -99 -99 -99 -99 -99 -99 -99 -99 -99 -99 -99 -99 -99 -99 -99 -99 -99 -99 -99 -99 -99 -99 -99 -99 -99 -99 -99 -99 -99 -99 -99 -99 -99 -99 -99 -99 -99 -99 -99 -99 -99 -99 -99 -99 -99 -99 -99 -99 -99 -99 -99 -99 -99 -99 -99 -99 -99 -99 -99 -99 -99 -99 -99 -99 -99 -99 -99 -99 -99 -99 -99 -99 -99 -99 -99 -99 -99 -99 -99 -99 -99 -99
-99 -99 -99 -99 -99 -99 -99 -99 -99 -99 -99 -99 -99 -99 -99 -99 -99 -99 -99 -99 -99 -99 -99 -99 -99 -99 -99 -99 -99 -99 -99 -99 -99 -99 -99 -99 -99 -99 -99 -99 -99 -99 -99 -99 -99 -99 -99 -99 -99 -99 -99 -99 -99 -99 -99 -99 -99 -99 -99 -99 -99 -99 -99 -99 -99 -99 -99 -99 -99 -99 -99 -99 -99 -99 -99 -99 -99 -99 -99 -99 -99 -99 -99 -99 -99 -99 -99 -99 -99 -99 -99 -99 -99 -99 -99 -99
-99 -99 -99 -99 -99 -99 -99 -99 -99 -99 -99 -99 -99 -99 -99 -99 -99 -99 -99 -99 -99 -99 -99 -99 -99 -99 -99 -99 -99 -99 -99 -99 -99 -99 -99 -99 -99 -99 -99 -99 -99 -99 -99 -99 -99 -99 -99 -99 -99 -99 -99 -99 -99 -99 -99 -99 -99 -99 -99 -99 -99 -99 -99 -99 -99 -99 -99 -99 -99 -99 -99 -99 -99 -99 -99 -99 -99 -99 -99 -99 -99 -99 -99 -99 -99 -99 -99 -99 -99 -99 -99 -99 -99 -99 -99 -99
-99 -99 -99 -99 -99 -99 -99 -99 -99 -99 -99 -99 -99 -99 -99 -99 -99 -99 -99 -99 -99 -99 -99 -99 -99 -99 -99 -99 -99 -99 -99 -99 -99 -99 -99 -99 -99 -99 -99 -99 -99 -99 -99 -99 -99 -99 -99 -99 -99 -99 -99 -99 -99 -99 -99 -99 -99 -99 -99 -99 -99 -99 -99 -99 -99 -99 -99 -99 -99 -99 -99 -99 -99 -99 -99 -99 -99 -99 -99 -99 -99 -99 -99 -99 -99 -99 -99 -99 -99 -99 -99 -99 -99 -99 -99 -99
0 0 0 0 0 0 0 0 0 0 0 0 0 0 0 0 0 0 0 0 0 0 0 0 0 0 0 0 0 0 0 0 0 0 0 0 0 0 0 0 0 0 0 0 0 0 0 0 0 0 0 0 0 0 0 0 0 0 0 0 0 0 0 0 0 0 0 0 0 0 0 0 0 0 0 0 0 0 0 0 0 0 0 0 0 0 0 0 0 0 0 0 0 0 0 0
0 0 0 0 0 0 0 0 0 0 0 0 0 0 0 0 0 0 0 0 0 0 0 0 0 0 0 0 0 0 0 0 0 0 0 0 0 0 0 0 0 0 0 0 0 0 0 0 0 0 0 0 0 0 0 0 0 0 0 0 0 0 0 0 0 0 0 0 0 0 0 0 0 0 0 0 0 0 0 0 0 0 0 0 0 0 0 0 0 0 0 0 0 0 0 0
0 0 0 0 0 0 0 0 0 0 0 0 0 0 0 0 0 0 0 0 0 0 0 0 0 0 0 0 0 0 0 0 0 0 0 0 0 0 0 0 0 0 0 0 0 0 0 0 0 0 0 0 0 0 0 0 0 0 0 0 0 0 0 0 0 0 0 0 0 0 0 0 0 0 0 0 0 0 0 0 0 0 0 0 0 0 0 0 0 0 0 0 0 0 0 0
0 0 0 0 0 0 0 0 0 0 0 0 0 0 0 0 0 0 0 0 0 0 0 0 0 0 0 0 0 0 0 0 0 0 0 0 0 0 0 0 0 0 0 0 0 0 0 0 0 0 0 0 0 0 0 0 0 0 0 0 0 0 0 0 0 0 0 0 0 0 0 0 0 0 0 0 0 0 0 0 0 0 0 0 0 0 0 0 0 0 0 0 0 0 0 0
0 0 0 0 0 0 0 0 0 0 0 0 0 0 0 0 0 0 0 0 0 0 0 0 0 0 0 0 0 0 0 0 0 0 0 0 0 0 0 0 0 0 0 0 0 0 0 0 0 0 0 0 0 0 0 0 0 0 0 0 0 0 0 0 0 0 0 0 0 0 0 0 0 0 0 0 0 0 0 0 0 0 0 0 0 0 0 0 0 0 0 0 0 0 0 0
0 0 0 0 0 0 0 0 0 0 0 0 0 0 0 0 0 0 0 0 0 0 0 0 0 0 0 0 0 0 0 0 0 0 0 0 0 0 0 0 0 0 0 0 0 0 0 0 0 0 0 0 0 0 0 0 0 0 0 0 0 0 0 0 0 0 0 0 0 0 0 0 0 0 0 0 0 0 0 0 0 0 0 0 0 0 0 0 0 0 0 0 0 0 0 0
0 0 0 0 0 0 0 0 0 0 0 0 0 0 0 0 0 0 0 0 0 0 0 0 0 0 0 0 0 0 0 0 0 0 0 0 0 0 0 0 0 0 0 0 0 0 0 0 0 0 0 0 0 0 0 0 0 0 0 0 0 0 0 0 0 0 0 0 0 0 0 0 0 0 0 0 0 0 0 0 0 0 0 0 0 0 0 0 0 0 0 0 0 0 0 0
0 0 0 0 0 0 0 0 0 0 0 0 0 0 0 0 0 0 0 0 0 0 0 0 0 0 0 0 0 0 0 0 0 0 0 0 0 0 0 0 0 0 0 0 0 0 0 0 0 0 0 0 0 0 0 0 0 0 0 0 0 0 0 0 0 0 0 0 0 0 0 0 0 0 0 0 0 0 0 0 0 0 0 0 0 0 0 0 0 0 0 0 0 0 0 0
0 0 0 0 0 0 0 0 0 0 0 0 0 0 0 0 0 0 0 0 0 0 0 0 0 0 0 0 0 0 0 0 0 0 0 0 0 0 0 0 0 0 0 0 0 0 0 0 0 0 0 0 0 0 0 0 0 0 0 0 0 0 0 0 0 0 0 0 0 0 0 0 0 0 0 0 0 0 0 0 0 0 0 0 0 0 0 0 0 0 0 0 0 0 0 0
0 0 0 0 0 0 0 0 0 0 0 0 0 0 0 0 0 0 0 0 0 0 0 0 0 0 0 0 0 0 0 0 0 0 0 0 0 0 0 0 0 0 0 0 0 0 0 0 0 0 0 0 0 0 0 0 0 0 0 0 0 0 0 0 0 0 0 0 0 0 0 0 0 0 0 0 0 0 0 0 0 0 0 0 0 0 0 0 0 0 0 0 0 0 0 0
0 0 0 0 0 0 0 0 0 0 0 0 0 0 0 0 0 0 0 0 0 0 0 0 0 0 0 0 0 0 0 0 0 0 0 0 0 0 0 0 0 0 0 0 0 0 0 0 0 0 0 0 0 0 0 0 0 0 0 0 0 0 0 0 0 0 0 0 0 0 0 0 0 0 0 0 0 0 0 0 0 0 0 0 0 0 0 0 0 0 0 0 0 0 0 0
0 0 0 0 0 0 0 0 0 0 0 0 0 0 0 0 0 0 0 0 0 0 0 0 0 0 0 0 0 0 0 0 0 0 0 0 0 0 0 0 0 0 0 0 0 0 0 0 0 0 0 0 0 0 0 0 0 0 0 0 0 0 0 0 0 0 0 0 0 0 0 0 0 0 0 0 0 0 0 0 0 0 0 0 0 0 0 0 0 0 0 0 0 0 0 0
0 0 0 0 0 0 0 0 0 0 0 0 0 0 0 0 0 0 0 0 0 0 0 0 0 0 0 0 0 0 0 0 0 0 0 0 0 0 0 0 0 0 0 0 0 0 0 0 0 0 0 0 0 0 0 0 0 0 0 0 0 0 0 0 0 0 0 0 0 0 0 0 0 0 0 0 0 0 0 0 0 0 0 0 0 0 0 0 0 0 0 0 0 0 0 0
0 0 0 0 0 0 0 0 0 0 0 0 0 0 0 0 0 0 0 0 0 0 0 0 0 0 0 0 0 0 0 0 0 0 0 0 0 0 0 0 0 0 0 0 0 0 0 0 0 0 0 0 0 0 0 0 0 0 0 0 0 0 0 0 0 0 0 0 0 0 0 0 0 0 0 0 0 0 0 0 0 0 0 0 0 0 0 0 0 0 0 0 0 0 0 0
0 0 0 0 0 0 0 0 0 0 0 0 0 0 0 0 0 0 0 0 0 0 0 0 0 0 0 0 0 0 0 0 0 0 0 0 0 0 0 0 0 0 0 0 0 0 0 0 0 0 0 0 0 0 0 0 0 0 0 0 0 0 0 0 0 0 0 0 0 0 0 0 0 0 0 0 0 0 0 0 0 0 0 0 0 0 0 0 0 0 0 0 0 0 0 0
0 0 0 0 0 0 0 0 0 0 0 0 0 0 0 0 0 0 0 0 0 0 0 0 0 0 0 0 0 0 0 0 0 0 0 0 0 0 0 0 0 0 0 0 0 0 0 0 0 0 0 0 0 0 0 0 0 0 0 0 0 0 0 0 0 0 0 0 0 0 0 0 0 0 0 0 0 0 0 0 0 0 0 0 0 0 0 0 0 0 0 0 0 0 0 0
0 0 0 0 0 0 0 0 0 0 0 0 0 0 0 0 0 0 0 0 0 0 0 0 0 0 0 0 0 0 0 0 0 0 0 0 0 0 0 0 0 0 0 0 0 0 0 0 0 0 0 0 0 0 0 0 0 0 0 0 0 0 0 0 0 0 0 0 0 0 0 0 0 0 0 0 0 0 0 0 0 0 0 0 0 0 0 0 0 0 0 0 0 0 0 0
0 0 0 0 0 0 0 0 0 0 0 0 0 0 0 0 0 0 0 0 0 0 0 0 0 0 0 0 0 0 0 0 0 0 0 0 0 0 0 0 0 0 0 0 0 0 0 0 0 0 0 0 0 0 0 0 0 0 0 0 0 0 0 0 0 0 0 0 0 0 0 0 0 0 0 0 0 0 0 0 0 0 0 0 0 0 0 0 0 0 0 0 0 0 0 0
0 0 0 0 0 0 0 0 0 0 0 0 0 0 0 0 0 0 0 0 0 0 0 0 0 0 0 0 0 0 0 0 0 0 0 0 0 0 0 0 0 0 0 0 0 0 0 0 0 0 0 0 0 0 0 0 0 0 0 0 0 0 0 0 0 0 0 0 0 0 0 0 0 0 0 0 0 0 0 0 0 0 0 0 0 0 0 0 0 0 0 0 0 0 0 0
0 0 0 0 0 0 0 0 0 0 0 0 0 0 0 0 0 0 0 0 0 0 0 0 0 0 0 0 0 0 0 0 0 0 0 0 0 0 0 0 0 0 0 0 0 0 0 0 0 0 0 0 0 0 0 0 0 0 0 0 0 0 0 0 0 0 0 0 0 0 0 0 0 0 0 0 0 0 0 0 0 0 0 0 0 0 0 0 0 0 0 0 0 0 0 0
0 0 0 0 0 0 0 0 0 0 0 0 0 0 0 0 0 0 0 0 0 0 0 0 0 0 0 0 0 0 0 0 0 0 0 0 0 0 0 0 0 0 0 0 0 0 0 0 0 0 0 0 0 0 0 0 0 0 0 0 0 0 0 0 0 0 0 0 0 0 0 0 0 0 0 0 0 0 0 0 0 0 0 0 0 0 0 0 0 0 0 0 0 0 0 0
0 0 0 0 0 0 0 0 0 0 0 0 0 0 0 0 0 0 0 0 0 0 0 0 0 0 0 0 0 0 0 0 0 0 0 0 0 0 0 0 0 0 0 0 0 0 0 0 0 0 0 0 0 0 0 0 0 0 0 0 0 0 0 0 0 0 0 0 0 0 0 0 0 0 0 0 0 0 0 0 0 0 0 0 0 0 0 0 0 0 0 0 0 0 0 0
0 0 0 0 0 0 0 0 0 0 0 0 0 0 0 0 0 0 0 0 0 0 0 0 0 0 0 0 0 0 0 0 0 0 0 0 0 0 0 0 0 0 0 0 0 0 0 0 0 0 0 0 0 0 0 0 0 0 0 0 0 0 0 0 0 0 0 0 0 0 0 0 0 0 0 0 0 0 0 0 0 0 0 0 0 0 0 0 0 0 0 0 0 0 0 0
0 0 0 0 0 0 0 0 0 0 0 0 0 0 0 0 0 0 0 0 0 0 0 0 0 0 0 0 0 0 0 0 0 0 0 0 0 0 0 0 0 0 0 0 0 0 0 0 0 0 0 0 0 0 0 0 0 0 0 0 0 0 0 0 0 0 0 0 0 0 0 0 0 0 0 0 0 0 0 0 0 0 0 0 0 0 0 0 0 0 0 0 0 0 0 0
0 0 0 0 0 0 0 0 0 0 0 0 0 0 0 0 0 0 0 0 0 0 0 0 0 0 0 0 0 0 0 0 0 0 0 0 0 0 0 0 0 0 0 0 0 0 0 0 0 0 0 0 0 0 0 0 0 0 0 0 0 0 0 0 0 0 0 0 0 0 0 0 0 0 0 0 0 0 0 0 0 0 0 0 0 0 0 0 0 0 0 0 0 0 0 0
0 0 0 0 0 0 0 0 0 0 0 0 0 0 0 0 0 0 0 0 0 0 0 0 0 0 0 0 0 0 0 0 0 0 0 0 0 0 0 0 0 0 0 0 0 0 0 0 0 0 0 0 0 0 0 0 0 0 0 0 0 0 0 0 0 0 0 0 0 0 0 0 0 0 0 0 0 0 0 0 0 0 0 0 0 0 0 0 0 0 0 0 0 0 0 0
0 0 0 0 0 0 0 0 0 0 0 0 0 0 0 0 0 0 0 0 0 0 0 0 0 0 0 0 0 0 0 0 0 0 0 0 0 0 0 0 0 0 0 0 0 0 0 0 0 0 0 0 0 0 0 0 0 0 0 0 0 0 0 0 0 0 0 0 0 0 0 0 0 0 0 0 0 0 0 0 0 0 0 0 0 0 0 0 0 0 0 0 0 0 0 0
0 0 0 0 0 0 0 0 0 0 0 0 0 0 0 0 0 0 0 0 0 0 0 0 0 0 0 4 0 0 0 0 0 0 0 0 0 0 0 0 0 0 0 0 0 0 0 0 0 0 0 0 0 0 0 0 0 0 0 0 0 0 0 0 0 0 0 0 0 0 0 0 0 0 0 0 0 0 0 0 0 0 0 0 0 0 0 0 0 0 0 0 0 0 0 0
0 0 0 0 0 0 0 0 0 0 0 0 0 0 0 0 0 0 0 0 0 0 0 8 0 0 2 0 2 0 1 1 0 1 0 2 2 0 0 0 0 0 0 0 0 0 0 0 0 0 0 0 0 0 0 0 0 0 0 0 0 0 0 0 0 0 0 0 0 0 0 0 0 0 0 0 0 0 0 0 0 0 0 0 0 0 0 0 0 0 0 0 0 0 0 0
0 0 0 0 0 0 0 0 0 0 0 0 0 0 0 0 0 0 0 2 2 4 5 3 1 0 1 1 1 1 1 1 1 1 3 4 4 0 0 0 0 0 0 0 0 0 0 0 0 0 0 0 0 0 0 0 0 0 0 0 0 0 0 0 0 0 0 0 0 0 0 0 0 0 0 0 0 0 0 0 0 0 0 0 0 0 0 0 0 0 0 0 0 0 0 0
0 0 0 0 0 0 0 0 0 0 0 0 0 22 16 0 0 3 1 1 1 3 3 3 1 1 1 1 0 0 0 0 1 1 2 3 0 0 0 0 4 0 0 0 0 0 0 0 0 0 0 0 0 0 0 0 0 0 0 0 0 0 0 0 0 0 0 0 0 0 0 0 0 0 0 0 0 0 0 0 0 0 0 0 0 0 0 0 0 0 0 0 0 0 0 0
0 0 0 0 0 0 0 0 0 0 0 8 9 4 7 7 2 2 1 1 1 0 0 0 0 0 1 0 0 0 0 0 0 1 3 4 4 4 4 3 3 49 348 0 0 0 0 0 0 0 0 0 0 0 0 0 0 0 0 0 0 0 0 0 0 0 0 0 0 0 0 0 0 0 0 0 0 0 0 0 0 0 0 0 0 0 0 0 0 0 0 0 0 0 0 0
0 0 0 0 0 0 14 9 25 17 7 6 2 2 2 2 2 1 1 1 0 0 0 0 0 0 0 0 0 0 0 0 1 3 4 4 4 3 3 3 3 44 111 2 2 2 3 2 6 11 14 14 0 0 0 0 0 0 0 0 0 0 0 0 0 0 0 0 0 0 0 0 0 0 0 0 0 0 0 0 0 0 0 0 0 0 0 0 0 0 0 0 0 0 0 0
0 0 0 0 0 0 0 4 3 3 6 9 3 1 1 1 1 1 1 1 1 1 1 1 0 1 1 1 1 1 1 1 1 3 3 3 3 3 3 4 10 0 16 9 0 0 0 0 0 0 0 0 0 0 0 0 0 0 0 0 0 0 0 0 0 0 0 0 0 0 0 0 0 0 0 0 0 0 0 0 0 0 0 0 0 0 0 0 0 0 0 0 0 0 0 0
0 0 0 0 0 0 5 2 2 1 1 1 1 1 1 1 1 1 1 1 1 1 1 1 1 1 1 1 1 1 1 1 0 0 0 2 5 6 7 14 23 23 0 18 0 2 0 0 0 0 0 0 0 0 0 0 0 0 0 0 0 0 0 0 0 0 0 0 0 0 0 0 0 0 0 0 0 0 0 0 0 0 0 0 23 0 0 0 0 0 0 0 0 0 0 0
0 0 0 0 15 27 8 5 4 0 0 0 0 1 0 1 1 1 1 1 1 1 1 2 2 1 1 1 1 1 1 1 0 1 2 5 6 8 7 0 17 34 22 14 12 4 0 0 0 0 0 0 0 0 0 0 0 0 0 0 0 0 0 0 0 0 0 0 0 0 0 0 0 0 0 0 0 0 0 0 0 0 0 0 0 0 0 0 0 0 0 0 0 0 0 0
0 0 0 7 5 3 3 2 0 0 0 0 0 0 0 0 1 1 1 1 1 1 2 2 3 3 3 14 3 3 3 3 1 1 3 5 5 5 5 6 6 0 2 1 0 1 1 1 1 0 0 0 0 0 0 0 0 0 0 0 0 0 0 0 0 0 0 0 0 0 0 0 0 0 0 0 0 0 0 0 0 0 0 0 1 1 1 1 1 1 1 1 1 1 2 2
0 9 6 5 5 5 3 0 0 0 0 0 0 0 1 0 1 4 5 6 13 5 4 6 11 4 3 20 2 2 2 2 2 3 3 2 1 1 1 2 2 1 1 0 0 0 0 1 1 1 1 1 0 1 1 1 0 0 0 0 0 0 0 0 0 0 0 0 0 0 0 0 0 0 0 0 0 0 0 0 0 0 0 1 1 1 1 1 1 1 23 19 1 1 2 2
18 7 6 3 1 1 0 1 1 0 0 0 1 1 1 2 5 7 9 18 33 0 0 0 0 0 4 3 2 2 2 2 2 3 3 3 1 0 1 1 0 1 1 0 1 0 0 0 0 0 0 0 0 0 0 0 1 1 1 1 1 1 1 1 1 1 1 1 1 0 0 0 1 1 0 0 0 0 0 0 0 0 1 1 1 1 1 1 1 1 1 1 1 1 2 2
5 4 1 1 1 1 1 1 1 0 1 1 2 2 2 7 11 12 12 0 0 0 0 0 0 0 0 44 4 2 2 2 2 2 2 1 1 1 1 1 1 1 1 1 1 0 0 0 0 0 0 0 0 0 0 0 1 1 1 1 1 1 1 1 1 1 1 1 1 1 1 1 1 1 0 0 0 0 0 0 0 1 1 1 1 1 1 1 1 1 50 1 1 1 2 2
3 1 1 1 1 1 1 1 1 1 1 2 2 0 3 5 10 11 11 0 0 0 0 0 0 19 14 51 12 3 2 2 2 2 2 2 1 27 1 1 1 1 2 2 2 0 0 0 0 0 1 1 0 1 0 0 1 252 1 2 1 1 1 1 1 1 1 1 1 1 1 1 1 1 1 1 1 0 0 0 1 1 1 1 1 1 1 1 1 1 1 1 1 1 1 1
3 1 1 1 2 2 1 1 1 1 1 1 1 2 2 6 27 8 9 0 0 0 0 0 12 16 9 5 3 3 0 0 5 3 2 2 0 1 1 1 1 1 0 2 2 2 2 2 0 0 0 0 1 1 1 102 1 104 2 2 2 2 2 1 1 1 1 1 1 1 1 1 1 1 1 1 1 1 1 2 8 8 7 2 2 2 2 2 1 1 0 0 0 0 0 0
7 2 1 2 2 5 2 2 2 4 5 7 8 6 5 22 43 0 0 0 0 50 33 10 8 9 11 6 6 9 12 10 4 4 5 4 2 1 1 1 1 2 2 2 34 2 2 2 2 1 1 1 20 1 1 1 3 3 2 2 2 2 2 1 1 1 1 1 1 1 1 1 1 1 1 1 1 1 1 1 3 10 9 25 2 2 2 2 1 0 14 0 0 0 0 0
1 1 1 2 3 0 14 3 3 4 5 9 10 9 0 0 0 0 0 86 13 14 13 10 7 0 5 6 6 7 16 20 9 5 5 5 5 4 2 1 1 2 4 3 3 3 3 3 2 1 1 1 1 1 1 3 3 3 2 2 2 2 2 2 2 2 1 1 1 1 1 1 1 1 1 1 1 1 1 1 1 7 10 10 7 3 2 1 1 1 0 0 1 1 0 0
1 1 1 1 1 6 3 3 4 22 21 21 0 0 0 0 0 0 11 14 17 36 0 11 7 5 8 20 7 0 25 50 22 9 12 61 8 3 2 2 2 2 2 3 3 4 0 4 3 2 2 2 2 3 3 3 3 3 3 3 2 2 2 2 2 2 1 1 1 1 1 1 1 1 1 4 2 1 1 1 1 2 4 7 7 5 1 1 1 1 1 1 1 1 1 0
1 1 1 1 1 1 3 4 9 20 21 0 0 0 0 0 0 0 0 10 10 10 8 8 9 14 13 91 12 7 0 25 0 8 7 11 10 8 2 2 0 2 2 2 33 0 4 0 2 2 2 3 3 3 3 3 5 5 4 2 2 2 2 2 1 1 1 1 2 2 2 1 2 2 3 8 6 3 2 1 1 1 1 1 1 1 1 1 1 1 1 1 1 1 1 0
1 1 1 1 2 3 4 4 8 14 0 0 0 0 0 0 0 0 0 45 13 11 17 0 43 8 12 7 6 0 33 7 6 0 0 10 0 16 5 13 3 3 4 4 203 0 0 0 2 2 2 3 3 3 3 4 5 5 5 5 4 4 4 3 3 3 2 2 2 2 3 3 0 2 5 6 4 102 63 1 1 1 1 1 1 1 1 1 1 1 1 1 1 1 1 1
3 2 2 2 5 4 6 7 12 20 0 0 0 0 0 0 0 0 0 57 24 19 26 64 34 17 13 36 18 0 7 11 31 0 14 10 10 0 0 0 7 7 7 4 4 4 4 0 3 3 3 3 3 3 3 4 4 4 6 7 7 7 4 4 4 4 3 3 4 59 32 3 3 3 3 3 3 4 3 1 1 1 1 1 1 1 2 2 2 2 2 2 2 2 2 1
7 3 3 4 6 10 18 24 21 27 0 0 0 0 0 0 0 0 27 20 75 19 21 22 28 67 35 68 14 77 26 11 31 80 17 10 26 0 0 0 0 7 4 19 18 3 3 3 3 3 3 3 3 4 4 4 4 4 4 5 5 5 3 3 3 3 3 3 35 3 5 5 4 2 2 3 2 2 1 1 1 1 1 1 1 1 2 2 2 2 2 2 2 2 4 5
13 5 5 6 8 14 31 20 25 27 29 27 21 0 0 0 0 0 0 0 212 21 30 20 49 538 0 0 0 0 0 0 0 0 0 451 342 42 0 0 8 8 6 4 2 2 3 3 3 4 4 5 5 4 4 6 5 5 3 4 4 3 3 3 3 3 3 3 3 4 6 6 5 2 2 2 2 1 1 2 3 3 3 2 1 2 2 2 2 2 2 2 2 3 13 15
11 14 18 31 9 10 15 23 61 61 47 96 59 31 0 0 0 0 0 0 0 0 0 0 0 0 0 0 0 0 0 0 0 11 75 917 2098 87 28 16 40 7 49 2 2 3 4 3 3 5 5 5 5 5 8 0 6 4 4 4 4 3 3 2 2 4 4 4 4 4 3 3 3 3 2 2 2 2 2 4 5 5 5 4 4 4 4 4 3 76 3 5 5 7 9 9
0 17 40 0 31 35 66 0 55 44 53 0 733 0 0 0 0 0 0 0 0 0 0 44 109 82 113 57 22 36 61 0 48 40 18 29 44 19 19 10 42 4 3 17 20 4 5 5 4 6 6 227 10 13 12 203 37 4 4 4 4 4 3 3 3 4 4 4 5 5 4 4 5 7 7 6 3 3 4 5 7 6 4 4 26 6 7 7 5 119 18 14 23 13 6 5
20 0 0 43 0 15 35 36 55 41 0 0 0 0 0 0 0 0 0 0 12 12 0 15 16 16 17 18 18 27 0 0 6 6 7 33 6 7 118 13 7 8 6 5 6 5 9 10 7 7 8 7 0 8 8 9 10 10 5 4 5 5 4 4 3 3 3 4 5 5 5 5 5 11 41 236 87 7 7 9 11 8 3 4 8 9 10 10 12 13 20 33 15 6 26 29
73 36 33 41 38 0 46 51 20 0 0 0 0 0 0 0 0 0 0 0 14 14 0 20 20 20 21 20 40 39 33 0 8 5 5 8 9 8 94 11 6 8 14 15 41 5 6 7 7 8 11 9 0 15 12 12 12 13 18 21 20 5 4 11 4 17 4 31 7 5 6 7 28 12 19 64 24 13 11 9 13 77 13 11 16 17 20 64 281 200 8 88 6 6 23 40
214 59 35 36 55 29 13 12 18 0 0 0 0 0 0 0 0 0 0 0 21 0 0 0 0 18 26 18 18 18 19 20 151 10 11 12 13 5 29 8 7 9 11 30 11 47 27 10 8 26 12 11 11 164 41 411 21 189 44 16 12 9 6 6 6 6 8 11 20 14 7 8 8 10 11 11 8 6 6 7 11 13 18 13 12 14 22 32 207 72 9 7 6 6 7 140
68 34 17 22 19 25 17 12 20 21 0 0 18 0 0 0 0 0 0 24 21 20 0 0 262 178 26 19 16 15 13 13 25 7 9 7 7 4 3 4 4 4 19 7 10 21 19 16 8 8 8 23 35 10 38 21 23 129 87 64 83 23 14 9 11 10 12 16 10 10 10 15 16 16 16 12 11 7 8 9 12 18 18 16 76 11 15 15 11 60 12 12 8 7 13 44
0 0 34 16 17 28 19 20 42 19 0 0 0 0 0 0 0 0 42 27 18 22 26 150 199 80 35 17 16 20 23 16 10 14 10 8 8 8 9 7 5 5 5 6 9 18 13 233 65 51 99 25 27 36 15 17 17 158 119 22 16 18 0 56 17 16 10 9 8 6 10 182 21 22 25 21 17 12 9 12 15 23 405 84 69 10 11 14 19 11 12 39 11 14 21 58
0 0 43 35 40 47 36 45 0 0 0 0 0 0 0 0 0 0 45 36 48 34 30 36 28 25 21 24 35 33 26 19 12 9 8 12 72 15 7 9 7 21 6 6 47 9 11 23 25 120 47 99 153 82 55 20 246 30 114 23 51 28 79 948 222 23 20 13 16 36 298 96 19 21 24 29 26 31 57 10 43 19 19 16 95 16 23 19 20 11 11 11 14 13 11 25
591 0 211 47 0 0 0 0 0 0 0 0 0 0 0 0 0 0 193 35 36 28 112 31 97 22 24 31 39 43 17 18 17 75 11 14 13 10 8 8 6 5 6 8 8 7 29 28 47 112 1961 4101 441 185 55 55 28 62 17 40 81 27 67 24 23 24 24 23 30 38 45 48 0 177 600 22 21 20 19 136 379 19 18 14 27 18 18 16 14 9 9 10 14 10 9 12
102 0 119 0 0 0 0 0 0 0 0 0 0 0 0 0 0 0 0 64 36 30 29 45 48 33 25 28 31 23 23 26 21 45 17 18 223 18 12 8 8 29 39 7 42 7 8 18 66 146 112 367 77 166 72 23 14 12 16 20 64 43 18 90 24 18 21 16 38 22 65 41 25 18 22 0 0 56 16 16 33 24 17 15 18 34 16 34 26 9 12 14 9 12 62 86
0 0 80 0 0 0 0 0 0 58 58 114 0 0 0 0 0 157 24 36 29 24 61 238 73 42 359 30 21 25 20 18 16 28 26 23 85 21 20 179 48 20 16 9 6 7 9 31 129 26 125 31 100 96 38 319 22 13 36 12 12 18 15 17 19 18 18 23 25 40 26 29 28 20 14 13 17 26 18 14 95 104 39 75 18 16 18 154 512 15 35 9 40 8 35 34
304 57 152 67 0 0 93 62 62 60 58 123 203 182 84 81 67 53 47 39 39 43 39 30 61 23 28 28 44 95 45 28 92 61 19 24 43 30 27 19 19 13 10 10 31 12 18 24 123 21 69 367 28 30 21 28 18 17 16 33 16 20 20 26 17 43 218 31 25 18 17 19 394 130 16 87 16 17 17 13 12 12 25 65 56 15 30 22 22 11 7 3 42 4 8 33
56 51 85 57 0 102 101 74 62 61 60 118 152 149 89 67 0 63 63 49 49 51 58 188 29 35 84 40 26 28 181 838 30 21 17 21 217 22 22 37 20 46 34 21 67 10 13 16 26 13 30 86 214 38 20 46 23 14 14 16 18 20 20 34 17 19 17 20 20 17 29 15 13 23 103 13 15 18 18 14 57 9 10 23 12 16 17 16 151 8 5 3 18 9 14 10
47 45 66 54 66 101 91 65 60 59 72 111 114 124 121 95 67 65 63 57 52 62 72 57 53 34 50 60 88 39 27 55 23 34 135 21 39 22 19 19 22 22 18 30 293 24 16 19 21 43 15 16 45 15 32 24 28 21 21 45 17 17 17 24 31 127 223 27 19 76 17 16 115 35 0 84 0 42 47 14 10 10 10 9 10 11 11 95 47 7 3 4 8 113 150 9
53 63 815 246 88 70 61 61 99 109 111 120 110 102 97 100 75 95 83 67 61 64 71 55 23 30 27 25 28 30 22 77 23 16 15 58 45 30 24 18 61 35 31 25 18 21 15 26 208 17 20 16 19 85 57 265 59 47 213 61 16 27 17 18 16 18 15 14 16 18 19 14 11 14 13 64 14 17 15 9 55 10 9 9 7 8 8 79 9 9 4 6 16 36 8 7
89 99 689 439 103 88 71 70 135 153 167 122 93 93 123 128 171 573 522 78 79 68 52 171 52 30 36 29 87 37 23 18 17 16 84 15 53 136 181 43 28 25 27 26 19 21 68 20 22 19 17 46 22 25 30 49 24 17 19 19 22 16 14 35 34 8 27 9 14 12 52 85 8 14 8 8 8 8 8 7 9 10 21 8 9 9 9 10 11 8 5 4 7 6 5 5
178 96 76 84 152 81 75 84 106 101 120 112 106 87 343 313 107 137 156 95 107 83 62 33 28 33 29 27 28 30 26 14 13 16 16 16 14 27 117 32 30 28 59 67 25 23 31 57 256 30 19 21 23 38 532 35 24 23 22 22 29 13 29 13 10 8 23 278 0 29 11 50 9 24 7 7 6 7 6 6 8 8 8 8 11 10 309 10 10 8 6 5 6 6 7 5
453 156 150 384 145 159 112 124 135 180 181 125 108 89 104 105 112 113 110 122 150 150 72 48 29 62 30 44 41 45 23 26 27 27 21 17 15 28 91 72 33 39 81 37 41 37 34 29 33 24 25 162 21 22 47 46 27 28 24 21 59 13 44 11 12 12 11 112 169 16 13 10 12 9 7 7 5 6 115 14 8 7 7 6 9 10 11 8 7 6 20 25 64 164 9 4
287 405 181 225 159 136 152 112 150 177 155 119 118 169 135 152 122 123 111 101 110 81 70 69 95 41 147 50 176 51 38 53 32 74 39 38 361 286 42 35 66 32 48 43 39 183 32 35 40 187 27 29 27 35 40 35 30 28 21 29 15 13 10 13 11 17 14 9 9 12 11 8 9 7 4 3 3 4 4 4 4 4 5 4 5 7 6 7 6 6 7 6 5 13 5 19
