meteoriteanalysis/data/pop/popdens/gpw_pop_density_hd_1995.asc
ncols 720 
nrows 360
xllcorner -180
yllcorner -90
cellsize .5
NODATA_value -99
[rows 158 to 236 of 360, columns 384 to 479 of 720]
53 43 91 90 95 82 47 32 17 13 11 4 4 4 4 3 2 2 2 2 1 2 12 13 11 10 10 11 12 12 11 7 7 7 13 63 44 9 8 8 5 6 9 13 13 10 7 6 31 113 151 143 139 126 139 158 29 12 12 9 10 11 14 17 0 0 0 14 0 0 6 6 7 9 9 7 5 7 0 0 0 0 0 0 0 0 0 0 0 0 0 0 0 0 0 0
57 50 141 83 65 58 66 41 25 15 13 13 10 4 8 6 2 2 2 1 1 1 3 11 10 9 4 3 12 12 12 7 7 7 7 13 11 8 8 6 5 6 6 9 13 12 21 7 24 49 94 116 133 107 101 117 43 12 11 6 7 17 55 34 27 15 16 16 9 9 7 6 6 9 6 7 7 7 7 0 0 0 0 0 0 0 0 0 0 0 0 0 0 0 0 0
43 36 57 67 46 41 42 36 26 23 20 14 14 13 14 8 2 2 1 1 1 1 1 7 10 4 1 1 8 10 10 8 7 8 10 15 15 7 6 6 13 6 6 7 14 22 41 36 21 34 56 68 109 152 109 94 32 12 9 39 68 26 34 41 37 27 19 22 15 10 8 6 6 8 6 6 5 0 0 0 0 0 0 0 0 0 0 0 0 0 0 0 0 0 0 0
99 53 43 39 22 39 39 26 28 22 17 14 14 14 14 11 2 1 1 1 1 1 1 8 9 1 1 1 5 5 5 13 35 27 15 15 13 9 8 16 19 17 16 16 40 50 89 82 45 72 104 104 115 504 81 46 25 60 192 278 149 49 14 23 37 25 19 23 18 13 2 1 2 2 5 5 4 0 0 0 0 0 0 0 0 0 0 0 0 0 0 0 0 0 0 0
54 29 32 20 6 15 36 43 35 18 15 14 14 13 2 1 1 1 1 1 1 1 0 5 3 1 1 1 5 5 5 25 46 35 15 15 12 10 10 16 16 16 16 16 29 57 91 84 61 84 91 124 148 409 127 57 84 97 82 60 33 11 9 12 17 18 19 23 15 10 4 4 4 4 5 5 4 0 0 0 0 0 0 0 0 0 0 0 0 0 0 0 0 0 0 0
20 5 8 7 6 6 13 24 17 17 15 14 14 12 4 0 0 1 1 1 1 1 1 0 0 1 1 1 4 5 5 18 26 18 14 15 12 10 12 14 14 15 11 10 8 41 60 73 83 67 82 174 197 105 131 108 54 16 18 6 8 10 13 13 13 13 13 9 9 7 6 5 5 5 6 6 5 0 0 0 0 0 0 0 0 0 0 0 0 0 0 0 0 0 0 0
9 5 7 8 6 6 6 16 16 16 10 5 4 7 5 1 0 0 1 1 1 1 0 0 0 0 1 1 1 5 5 5 9 14 14 14 14 12 15 15 14 13 9 6 3 3 21 46 96 213 122 256 184 96 108 89 38 17 6 5 9 12 13 12 11 12 9 6 6 6 6 5 2 3 7 6 0 0 0 0 0 0 0 0 0 0 0 0 0 0 0 0 0 0 0 0
6 6 14 15 12 7 10 14 15 10 4 4 4 5 6 4 1 0 2 3 2 0 0 0 0 0 0 1 1 5 5 5 5 14 14 14 15 16 16 16 13 4 6 6 2 3 37 82 78 104 146 379 237 162 86 61 52 17 10 11 11 13 10 5 5 6 6 6 6 6 17 13 12 9 10 0 0 0 0 0 0 0 0 0 0 0 0 0 0 0 0 0 0 0 0 0
7 7 10 13 11 11 14 14 13 10 10 7 3 5 6 4 1 1 2 3 2 0 0 0 0 0 0 0 1 5 5 4 5 13 14 14 15 15 16 16 12 4 4 4 4 3 34 52 32 50 115 279 325 186 54 32 21 13 4 9 7 7 6 5 5 5 6 6 6 10 18 11 8 8 0 0 0 0 0 0 0 0 0 0 0 0 0 0 0 0 0 0 0 0 0 0
6 6 7 10 10 7 15 11 5 6 10 6 3 5 7 5 1 3 2 2 3 1 0 0 0 0 0 0 1 3 3 3 4 12 14 7 11 14 15 16 12 4 4 4 4 4 6 7 34 80 129 0 253 98 13 8 5 6 9 5 8 8 6 6 5 5 6 7 10 10 11 6 4 4 0 0 0 0 0 0 0 0 0 0 0 0 0 0 0 0 0 0 0 0 0 0
7 7 9 9 9 6 9 9 4 6 8 6 3 4 5 7 8 12 10 7 1 1 1 1 0 0 1 1 1 1 3 4 6 6 9 3 3 6 7 10 9 5 4 4 4 4 5 2 20 39 88 51 78 46 19 4 4 3 3 5 6 8 8 6 6 7 7 10 12 9 8 4 4 0 0 0 0 0 0 0 0 0 0 0 0 0 0 0 0 0 0 0 0 0 0 0
7 8 9 9 9 6 5 4 5 7 6 6 3 3 6 6 7 8 11 6 2 1 5 2 1 1 1 1 1 1 2 3 5 2 2 2 2 4 6 6 6 6 4 4 4 4 4 6 6 8 37 19 33 29 7 4 4 4 4 4 3 3 3 3 4 6 9 12 9 10 10 11 6 0 0 0 0 0 0 0 0 0 0 0 0 0 0 0 0 0 0 0 0 0 0 0
8 8 8 9 9 7 7 10 8 8 7 5 9 7 11 11 9 15 14 9 6 5 5 2 3 2 1 1 1 1 3 3 5 4 2 2 4 6 6 6 6 6 4 4 4 4 4 7 6 4 4 6 8 7 5 4 3 4 3 4 4 3 3 2 2 9 13 13 12 12 12 26 0 0 0 0 0 0 0 0 0 0 0 0 0 0 0 0 0 0 0 0 0 0 0 0
15 9 4 8 10 10 9 13 10 6 8 12 25 203 13 15 10 10 12 10 8 4 3 3 3 3 2 1 1 1 2 3 4 3 3 9 21 21 16 6 7 7 6 5 3 3 3 5 0 1 3 7 8 7 4 2 3 4 3 4 11 6 8 17 14 11 11 11 11 11 10 0 0 0 0 0 0 0 0 0 0 0 0 0 0 0 0 0 0 0 0 0 0 0 0 0
15 4 4 6 7 5 4 5 5 1 4 10 12 15 24 50 26 13 13 7 9 20 12 3 3 3 3 4 4 4 4 7 4 3 3 14 17 42 34 35 9 10 13 13 8 3 3 6 0 1 1 2 6 5 2 3 4 4 3 19 14 8 24 28 19 11 12 14 14 13 10 0 0 0 0 0 0 0 0 0 0 0 0 0 0 0 0 0 0 0 0 0 0 0 0 0
6 4 4 4 4 3 3 4 5 1 1 1 1 11 40 51 36 19 16 13 14 16 6 4 4 5 7 10 10 5 5 12 7 4 8 13 49 156 63 36 25 19 29 20 13 3 3 8 3 1 1 1 1 1 5 3 3 4 5 13 13 14 24 27 18 16 38 46 13 16 0 0 0 0 0 0 0 0 0 0 0 0 0 0 0 0 0 0 0 0 0 0 0 0 0 0
6 6 6 4 4 3 3 3 4 1 1 1 5 24 29 32 25 22 20 25 33 33 6 4 4 5 5 7 8 6 17 25 22 7 8 9 81 123 60 20 58 51 29 23 13 10 3 5 6 1 1 2 1 2 1 1 3 4 8 8 10 29 28 19 14 22 45 56 15 0 0 0 0 0 0 0 0 0 0 0 0 0 0 0 0 0 0 0 0 0 0 0 0 0 0 0
3 3 4 3 3 3 3 3 2 1 1 1 18 25 21 23 21 21 20 20 24 28 23 8 5 5 5 6 6 4 23 29 20 5 4 35 106 133 100 22 50 129 65 19 10 14 8 3 2 3 1 5 5 1 2 3 4 2 8 8 9 14 14 14 20 43 326 169 0 0 0 0 0 0 0 0 0 0 0 0 0 0 0 0 0 0 0 0 0 0 0 0 0 0 0 0
2 1 1 1 1 1 1 1 1 1 1 1 6 6 5 7 8 8 8 7 7 5 6 6 6 5 5 5 5 2 15 17 10 3 3 30 91 101 0 34 40 70 69 70 34 16 27 9 2 5 4 2 2 1 2 3 3 1 8 11 11 14 14 15 51 166 0 0 0 0 0 0 0 0 0 0 0 0 0 0 0 0 0 0 0 0 0 0 0 0 0 0 0 0 0 0
4 1 1 1 1 1 1 1 1 1 1 2 3 5 6 7 7 7 7 7 8 6 5 7 7 8 5 3 2 1 2 3 3 3 9 54 62 0 47 35 31 66 112 148 193 80 78 33 5 12 5 2 1 2 2 2 2 1 6 7 7 11 11 17 0 0 0 0 0 0 0 0 0 0 0 0 0 0 0 0 0 0 0 0 0 0 0 0 0 0 0 0 0 0 0 0
1 1 1 1 1 0 1 1 1 1 1 2 4 6 6 7 7 6 6 7 8 7 4 14 19 21 74 2 2 1 1 8 27 16 51 102 98 72 41 62 79 183 254 195 324 286 156 65 20 28 9 20 10 3 3 2 1 1 4 4 4 16 25 0 0 0 0 0 0 0 0 0 0 0 0 0 0 0 0 0 0 0 0 0 0 0 0 0 0 0 0 0 0 0 0 0
1 1 1 1 1 1 1 2 1 1 1 0 0 6 6 6 6 6 7 6 7 8 5 15 13 8 67 4 3 2 1 2 51 61 99 137 117 76 57 92 213 0 0 259 335 473 208 78 50 34 27 192 46 3 3 2 1 2 4 4 4 50 0 0 0 0 0 0 0 0 0 0 0 0 0 0 0 0 0 0 0 0 0 0 0 0 0 0 0 0 0 0 0 0 0 0
1 1 2 2 2 2 3 3 2 2 1 3 55 7 6 7 9 10 10 10 9 8 6 11 6 4 4 4 4 4 2 2 19 56 64 0 138 72 86 237 0 0 0 0 0 0 229 139 207 120 150 206 25 5 4 14 1 1 7 16 17 0 0 0 0 0 0 0 0 0 0 0 0 0 0 0 0 0 0 0 0 0 0 0 0 0 0 0 0 0 0 0 0 0 0 0
3 1 1 2 2 3 4 3 3 2 2 11 13 9 7 6 6 9 10 10 9 8 7 4 3 4 4 4 4 5 5 7 9 14 89 133 199 130 96 0 0 0 0 0 202 503 227 58 75 292 350 83 33 14 4 6 1 1 6 11 0 0 0 0 0 0 0 0 0 0 0 0 0 0 0 0 0 0 0 0 0 0 0 0 0 0 0 0 0 0 0 0 0 0 0 0
2 2 9 5 1 2 3 3 3 4 9 12 11 11 8 3 2 2 4 6 9 9 8 6 4 3 4 4 5 5 7 9 9 140 133 237 163 60 69 75 0 0 0 0 132 107 30 26 42 733 201 93 45 17 6 6 2 3 4 7 0 0 0 0 0 0 0 0 0 0 0 0 0 0 0 0 0 0 0 0 0 0 0 0 0 0 0 0 0 0 0 0 0 0 0 0
3 4 10 8 1 2 3 4 5 10 10 10 0 10 9 5 2 2 2 2 7 7 7 7 6 4 4 6 6 5 5 8 17 135 0 310 249 52 71 0 0 0 0 114 66 24 13 17 15 20 137 105 20 9 6 5 5 10 8 0 0 0 0 0 0 0 0 0 0 0 0 0 0 0 0 0 0 0 0 0 0 0 0 0 0 0 0 0 0 0 0 0 0 0 0 0
5 3 2 4 3 2 2 3 15 11 7 9 11 11 9 5 3 3 2 2 4 5 5 5 5 8 7 8 8 9 8 10 56 138 216 265 206 101 58 82 146 0 0 121 49 12 9 7 9 13 19 56 21 7 4 8 5 22 0 0 0 0 0 0 0 0 0 0 0 0 0 0 0 0 0 0 0 0 0 0 0 0 0 0 0 0 0 0 0 0 0 0 0 0 0 0
6 5 3 2 3 1 1 1 15 12 8 18 18 19 4 3 3 3 3 3 5 5 12 9 10 11 8 8 13 16 10 10 50 277 196 341 268 39 29 0 102 166 131 66 43 40 19 6 9 13 40 25 21 8 8 35 0 0 0 0 0 0 0 0 0 0 0 0 0 0 0 0 0 0 0 0 0 0 0 0 0 0 0 0 0 0 0 0 0 0 0 0 0 0 0 0
5 5 4 3 3 2 2 1 6 6 29 24 19 16 3 3 3 3 3 3 6 7 31 26 11 10 5 6 17 17 11 19 30 115 343 351 174 58 26 32 58 79 84 62 38 23 12 21 11 160 158 100 29 2 23 40 0 0 0 0 0 0 0 0 0 0 0 0 0 0 0 0 0 0 0 0 0 0 0 0 0 0 0 0 0 0 0 0 0 0 0 0 0 0 0 0
12 12 5 11 10 2 107 113 6 6 12 18 19 22 14 3 3 3 3 3 6 7 29 30 11 8 3 3 17 19 10 11 29 50 0 203 119 12 21 32 32 40 64 63 45 32 0 49 15 24 35 0 17 15 50 0 0 0 0 0 0 0 0 0 0 0 0 0 0 0 0 0 0 0 0 0 0 0 0 0 0 0 0 0 0 0 0 0 0 0 0 0 0 0 0 0
19 16 22 23 17 18 1519 247 17 16 18 22 54 60 40 29 9 10 13 13 12 9 12 13 9 10 3 3 17 19 8 9 17 28 0 140 54 22 15 20 25 38 42 34 44 41 44 47 26 5 5 29 50 68 51 0 0 0 0 0 0 0 0 0 0 0 0 0 0 0 0 0 0 0 0 0 0 0 0 0 0 0 0 0 0 0 0 0 0 0 0 0 0 0 0 0
85 40 45 23 29 28 38 26 18 18 18 34 52 66 45 33 17 14 13 13 18 14 8 8 9 8 3 7 19 18 7 7 7 20 0 36 37 29 13 12 12 23 27 26 39 35 35 31 21 5 5 8 82 75 64 0 0 0 0 0 0 0 0 0 0 0 0 0 0 0 0 0 0 0 0 0 0 0 0 0 0 0 0 0 0 0 0 0 0 0 0 0 0 0 0 0
27 78 74 34 35 59 41 31 20 18 18 37 40 51 34 33 19 14 16 21 26 18 11 8 9 10 9 9 16 20 20 12 7 12 0 0 24 28 21 12 12 11 11 12 29 34 31 30 19 5 8 22 33 51 517 0 0 0 0 0 0 0 0 0 0 0 0 0 0 0 0 0 0 0 0 0 0 0 0 0 0 0 0 0 0 0 0 0 0 0 0 0 0 0 0 0
28 54 97 51 24 45 34 25 19 20 17 20 25 25 25 26 22 23 19 21 86 80 46 41 16 14 9 9 14 17 12 7 9 13 13 0 16 8 10 10 11 11 11 11 7 10 19 38 34 12 16 24 22 25 0 0 0 0 0 0 0 0 0 0 0 0 0 0 0 0 0 0 0 0 0 0 0 0 0 0 0 0 0 0 0 0 0 0 0 0 0 0 0 0 0 0
8 7 7 7 7 9 15 15 15 16 15 8 8 12 16 28 36 36 33 26 34 29 69 383 24 18 14 11 10 10 10 9 9 13 13 0 26 8 8 8 8 11 11 10 6 5 22 40 38 34 30 33 23 23 0 0 0 0 0 0 0 0 0 0 0 0 0 0 0 0 0 0 0 0 0 0 0 0 0 0 0 0 0 0 0 0 0 0 0 0 0 0 0 0 0 0
0 7 7 7 11 14 15 15 15 15 15 14 10 7 6 14 34 35 36 26 24 25 39 66 75 39 14 12 9 7 8 8 7 11 13 0 0 9 8 8 8 10 11 6 5 7 30 40 36 32 31 34 32 32 1044 0 0 0 0 0 0 0 0 0 0 0 0 0 0 0 0 0 0 0 0 0 0 0 0 0 0 0 0 0 0 0 0 0 0 0 0 0 0 0 0 0
0 0 7 9 15 15 15 15 15 15 15 15 15 6 5 3 3 19 21 19 20 20 33 40 16 9 12 12 15 8 7 7 7 11 14 14 0 0 11 8 8 9 9 7 8 19 21 23 28 30 31 34 33 28 27 0 0 0 0 0 0 0 0 0 0 0 0 0 0 0 0 0 0 0 0 0 0 0 0 0 0 0 0 0 0 0 0 0 0 0 0 0 0 0 0 0
0 0 6 6 10 14 15 15 12 12 12 15 8 5 5 3 3 3 3 5 14 15 28 30 10 6 6 10 23 23 22 15 7 11 11 13 14 0 15 26 0 9 9 17 27 27 21 21 21 21 27 26 17 15 14 0 0 0 0 0 0 0 0 0 0 0 0 0 0 0 0 0 0 0 0 0 0 0 0 0 0 0 0 0 0 0 0 0 0 0 0 0 0 0 0 0
0 0 0 5 6 13 16 15 12 11 11 6 3 3 3 3 3 3 3 3 4 4 4 8 9 5 5 10 19 22 15 7 8 9 12 11 10 13 28 35 37 0 11 30 35 33 29 26 16 11 15 6 7 12 13 0 0 0 0 0 0 0 0 0 0 0 0 0 0 0 0 0 0 0 0 0 0 0 0 0 0 0 0 0 0 0 0 0 0 0 0 0 0 0 0 0
0 0 0 98 10 17 17 13 11 11 11 4 3 3 3 3 3 3 2 3 5 4 4 7 5 5 5 17 0 15 6 7 9 0 17 0 6 9 14 28 41 38 27 34 35 33 28 19 8 7 6 2 2 8 13 0 0 0 0 0 0 0 0 0 0 0 0 0 0 0 0 0 0 0 0 0 0 0 0 0 0 0 0 0 0 0 0 0 0 0 0 0 0 0 0 0
0 0 363 5 13 17 15 12 11 11 10 3 3 3 3 3 2 2 2 3 5 5 5 5 5 5 5 17 19 5 5 7 9 0 11 5 5 8 9 9 17 32 49 109 41 34 33 16 7 7 5 2 2 9 13 0 0 0 0 0 0 0 0 0 0 0 0 0 0 0 0 0 0 0 0 0 0 0 0 0 0 0 0 0 0 0 0 0 0 0 0 0 0 0 0 0
0 0 0 5 8 14 12 12 12 11 11 6 3 3 3 3 2 2 2 2 5 5 5 5 6 6 6 10 10 6 5 6 7 14 10 8 5 6 9 10 10 11 25 63 34 25 20 11 11 8 2 2 2 15 32 0 0 0 0 0 0 0 0 0 0 0 0 0 0 0 0 0 0 0 0 0 0 0 0 0 0 0 0 0 0 0 0 0 0 0 0 0 0 0 0 0
0 0 0 7 8 11 12 12 12 11 11 11 8 3 2 2 2 2 2 2 3 5 5 5 16 22 17 14 9 10 7 7 7 12 12 9 7 9 10 10 7 9 12 37 0 25 18 12 12 10 5 5 13 28 46 50 70 0 0 0 0 0 0 0 0 0 0 0 0 0 0 0 0 0 0 0 0 0 0 0 0 0 0 0 0 0 0 0 0 0 0 0 0 0 0 0
0 0 0 12 12 12 12 12 13 15 13 11 11 5 2 2 2 2 2 2 3 5 5 5 12 22 22 0 11 22 17 7 7 11 11 9 8 10 9 7 6 3 9 24 0 42 23 12 12 11 11 13 31 38 65 64 25 0 0 0 0 0 0 0 0 0 0 0 0 0 0 0 0 0 0 0 0 0 0 0 0 0 0 0 0 0 0 0 0 0 0 0 0 0 0 0
0 0 0 0 12 12 12 15 18 17 17 11 11 14 6 2 2 2 2 2 2 2 2 2 9 16 16 23 23 24 22 29 11 10 10 0 9 6 4 6 4 3 19 48 0 42 30 12 12 12 11 10 23 23 16 14 18 0 0 0 0 0 0 0 0 0 0 0 0 0 0 0 0 0 0 0 0 0 0 0 0 0 0 0 0 0 0 0 0 0 0 0 0 0 0 0
0 0 0 0 13 12 21 50 45 18 17 16 17 15 3 2 2 2 2 2 2 2 2 2 4 4 7 16 21 22 160 134 10 10 10 11 8 4 4 4 4 3 26 48 0 0 10 4 5 5 4 2 2 7 7 19 23 0 0 0 0 0 318 0 0 0 0 0 0 0 0 0 0 0 0 0 0 0 0 0 0 0 0 0 0 0 0 0 0 0 0 0 0 0 0 0
0 0 0 17 17 17 46 50 45 17 17 17 17 7 2 2 2 2 2 2 2 2 2 2 4 4 5 5 5 5 20 60 31 7 9 7 4 4 4 4 7 14 27 47 0 0 5 3 1 1 1 1 5 8 7 8 14 0 0 0 0 0 0 0 0 0 0 0 0 0 0 0 0 0 41 0 0 0 0 0 0 0 0 0 0 0 0 0 0 0 0 0 0 0 0 0
0 0 17 17 17 26 50 50 45 17 17 17 10 2 2 2 2 2 2 2 2 2 2 2 4 4 4 4 4 5 9 58 236 63 6 6 5 4 4 4 14 16 55 61 0 8 4 3 2 1 2 2 8 8 7 8 33 0 0 0 0 0 0 0 0 0 0 0 0 0 0 0 0 0 14 0 0 0 0 0 0 0 0 0 0 0 0 0 0 0 0 0 0 0 0 0
0 17 17 17 17 20 45 49 41 18 17 17 3 2 2 2 2 2 2 2 4 4 4 4 4 2 1 2 2 4 9 9 42 52 6 6 5 5 5 20 28 32 70 79 0 0 19 11 1 2 2 2 12 11 19 21 37 0 0 0 0 0 0 0 0 0 0 0 0 0 0 0 0 31 14 13 0 0 0 0 0 0 0 0 0 0 0 0 0 0 0 0 0 0 0 0
0 4 7 15 15 13 15 20 12 17 17 12 1 2 2 2 2 2 2 2 4 4 4 4 4 1 1 2 2 4 10 10 9 7 6 6 6 7 15 28 32 60 155 148 113 0 35 10 3 3 4 4 12 21 27 36 38 0 0 0 0 0 0 0 0 0 0 0 0 0 0 0 22 17 11 24 0 0 0 0 0 0 0 0 0 0 0 0 0 0 0 0 0 0 0 0
0 2 2 9 12 12 12 12 11 1 7 1 1 1 1 2 2 2 2 2 4 4 3 3 3 5 2 1 2 4 10 11 38 11 6 6 13 17 18 33 26 13 50 190 156 0 0 30 13 4 4 9 0 15 18 29 37 0 0 0 0 0 0 0 0 0 0 0 0 0 0 8 8 9 11 31 72 0 0 0 0 0 0 0 0 0 0 0 0 0 0 0 0 0 0 0
2 2 4 11 12 12 12 12 12 3 1 1 1 1 1 1 2 2 2 2 6 5 8 9 6 6 5 6 6 7 9 11 35 11 7 10 16 12 8 4 3 5 5 14 66 144 0 102 19 20 18 18 18 15 16 28 54 106 0 0 0 0 0 0 0 0 0 0 0 0 0 11 18 14 20 34 33 0 0 0 0 0 0 0 0 0 0 0 0 0 0 0 0 0 0 0
2 2 6 12 12 12 12 10 9 3 1 1 1 1 1 1 1 1 1 2 6 7 15 15 7 6 6 6 6 7 7 10 401 14 15 11 4 3 3 3 3 4 6 6 27 127 166 101 21 42 36 22 21 29 125 33 35 0 0 0 0 0 0 0 0 0 0 0 0 0 8 14 14 21 11 31 35 0 0 0 0 0 0 0 0 0 0 0 0 0 0 0 0 0 0 0
2 2 2 11 12 10 9 3 3 3 2 1 1 1 1 1 1 1 1 1 6 5 6 11 5 4 6 5 5 5 17 25 76 16 14 12 12 4 4 4 7 7 9 10 33 203 289 162 31 40 33 28 16 28 42 43 25 0 0 0 0 0 0 0 0 0 0 0 84 9 11 19 13 26 15 17 0 0 0 0 0 0 0 0 0 0 0 0 0 0 0 0 0 0 0 0
2 2 2 8 4 3 3 3 3 3 3 1 1 1 1 1 1 1 1 1 5 5 5 5 3 2 4 5 5 13 43 35 15 18 14 15 17 18 17 20 10 9 11 42 22 96 190 58 28 24 30 28 14 17 55 76 0 0 0 0 0 0 0 0 0 3 4 6 11 28 16 13 7 13 15 25 0 0 0 0 0 0 0 0 0 0 0 0 0 0 0 0 0 0 0 0
2 2 3 3 3 3 3 3 3 3 2 1 1 1 1 1 1 1 1 1 2 5 5 4 2 2 5 6 6 15 24 9 8 0 14 15 18 23 34 38 35 24 9 6 10 33 75 23 23 22 24 36 13 13 46 0 0 0 0 0 0 0 0 0 0 3 3 4 6 17 8 6 5 7 22 21 0 0 0 0 0 0 0 0 0 0 0 0 0 0 0 0 0 0 0 0
1 1 1 2 5 5 5 5 5 5 4 3 1 1 1 1 1 1 1 1 1 2 4 2 3 2 6 6 8 6 23 9 11 19 18 15 46 46 53 38 33 28 7 5 8 13 35 21 23 40 47 40 17 0 0 0 0 0 0 0 0 0 0 0 3 2 2 2 3 6 5 5 31 40 74 0 0 0 0 0 0 0 0 0 0 0 0 0 0 0 0 0 0 0 0 0
1 1 1 1 9 13 13 13 13 13 13 13 3 2 1 1 1 1 1 1 1 2 4 7 7 6 5 26 11 9 14 8 21 26 27 23 39 157 388 49 36 26 10 1 5 15 18 12 9 104 68 0 0 0 0 0 0 0 0 0 0 0 0 0 3 2 3 4 6 6 7 12 39 40 51 0 0 0 0 0 0 0 0 0 0 0 0 0 0 0 0 0 0 0 0 0
1 1 1 1 3 13 13 13 13 13 13 13 3 3 3 3 3 3 2 2 2 1 2 5 1 1 1 5 5 5 7 10 25 26 27 29 35 89 101 45 35 32 15 3 7 8 4 13 28 65 0 0 0 0 0 0 0 0 0 0 0 0 0 0 8 3 2 7 7 10 17 28 31 13 75 0 0 0 0 0 0 0 0 0 0 0 0 0 0 0 0 0 0 0 0 0
0 1 1 1 1 4 3 2 2 3 4 7 2 2 3 3 3 3 1 1 1 1 1 1 1 1 1 2 5 5 5 12 18 25 31 31 29 32 23 31 46 60 29 16 11 4 2 8 27 0 0 0 0 0 0 0 0 0 0 0 0 0 0 0 3 3 4 21 16 45 137 393 21 22 0 0 0 0 0 0 0 0 0 0 0 0 0 0 0 0 0 0 0 0 0 0
0 1 1 1 1 0 0 0 1 2 2 2 2 1 1 1 1 1 1 1 1 1 1 1 1 1 3 3 4 6 10 13 11 17 32 36 23 20 28 38 62 50 22 80 29 15 2 0 0 0 0 0 0 0 0 0 0 0 0 0 0 0 0 0 0 6 3 6 31 60 111 87 16 30 0 0 0 0 0 0 0 0 0 0 0 0 0 0 0 0 0 0 0 0 0 0
0 0 1 1 1 0 0 0 0 1 1 1 1 1 0 0 0 0 1 1 1 1 1 1 1 1 3 3 3 9 15 15 14 9 15 32 27 30 29 32 46 35 13 15 22 225 0 0 0 0 0 0 0 0 0 0 0 0 0 0 0 0 0 0 0 6 0 10 25 54 165 56 27 61 0 0 0 0 0 0 0 0 0 0 0 0 0 0 0 0 0 0 0 0 0 0
0 0 0 1 1 1 0 0 1 1 1 1 1 1 1 1 1 1 1 1 1 1 1 1 1 1 2 3 3 3 8 13 80 193 14 23 45 42 55 39 46 56 16 11 17 0 0 0 0 0 0 0 0 0 0 0 0 0 0 0 0 0 0 0 0 10 6 6 6 29 69 31 32 0 0 0 0 0 0 0 0 0 0 0 0 0 0 0 0 0 0 596 0 0 0 0
0 0 0 1 1 1 1 1 1 1 1 1 1 1 1 1 1 1 1 1 1 1 1 1 0 2 1 3 3 3 12 17 19 19 12 31 38 36 33 18 47 20 7 7 11 10 0 0 0 0 0 0 0 0 0 0 0 0 0 0 0 0 0 0 4 3 3 3 3 34 57 40 44 0 0 0 0 0 0 0 0 0 0 0 0 0 0 0 0 0 0 0 0 0 0 0
0 0 0 1 1 1 1 1 1 1 1 1 1 1 1 1 1 1 0 0 0 0 0 0 0 0 0 0 2 3 7 19 19 18 12 12 9 8 9 11 20 5 5 4 7 7 0 0 0 0 0 0 0 0 0 0 0 0 0 0 0 0 0 5 6 4 3 2 5 33 80 29 34 0 0 0 0 0 0 0 0 0 0 0 0 0 0 0 0 0 0 0 0 0 0 0
0 0 0 0 1 1 1 1 1 1 1 3 1 1 1 1 1 1 0 0 0 0 0 0 0 0 0 1 2 3 4 6 8 10 9 6 7 8 10 9 3 2 2 2 3 8 11 0 0 0 0 0 0 0 0 0 0 0 0 0 0 0 0 15 4 4 5 3 8 55 96 32 0 0 0 0 0 0 0 0 0 0 0 0 0 0 0 0 0 0 0 0 0 0 0 0
0 0 0 0 1 1 1 1 1 3 4 5 1 1 1 1 0 0 0 0 0 0 0 0 0 0 2 3 3 3 6 6 5 6 4 5 9 17 10 3 2 1 1 2 4 19 18 0 0 0 0 0 0 0 0 0 0 0 0 0 0 0 8 10 6 6 4 3 11 17 22 65 0 0 0 0 0 0 0 0 0 0 0 0 0 0 0 0 0 0 0 0 0 0 0 0
0 0 0 0 0 5 1 1 5 5 5 5 3 1 1 1 0 0 0 0 0 0 0 0 0 0 1 4 4 6 8 8 5 18 4 6 52 82 2 2 2 1 1 2 3 19 22 0 0 0 0 0 0 0 0 0 0 0 0 0 0 0 0 19 11 5 4 6 6 8 23 0 0 0 0 0 0 0 0 0 0 0 0 0 0 0 0 0 0 0 0 0 0 0 0 0
0 0 0 0 0 4 1 2 5 3 3 5 5 1 1 1 0 0 0 0 0 0 2 2 2 2 4 8 9 8 7 12 23 58 30 41 141 96 4 2 0 3 1 1 2 11 29 0 0 0 0 0 0 0 0 0 0 0 0 0 0 0 0 59 12 6 4 7 9 5 27 0 0 0 0 0 0 0 0 0 0 0 0 0 0 0 0 0 0 0 0 0 0 0 0 0
0 0 0 0 0 1 1 2 4 3 3 2 1 1 1 1 0 0 0 0 0 0 4 4 4 4 6 8 8 8 4 3 9 89 65 48 81 61 24 3 3 3 8 7 5 13 97 0 0 0 0 0 0 0 0 0 0 0 0 0 0 0 0 18 16 21 11 10 9 6 18 0 0 0 0 0 0 0 0 0 0 0 0 0 0 0 0 0 0 0 0 0 0 0 0 0
0 0 0 0 0 1 1 0 1 1 1 1 1 1 1 1 0 0 0 0 0 0 5 5 5 4 5 8 8 6 4 5 5 14 32 95 101 38 4 3 5 24 15 30 11 15 39 0 0 0 0 0 0 0 0 0 0 0 0 0 0 0 0 0 9 16 17 13 7 10 13 0 0 0 0 0 0 0 0 0 0 0 0 0 0 0 0 0 0 0 0 0 0 0 0 0
0 0 0 0 0 1 1 0 0 0 0 1 1 1 1 1 0 0 0 0 0 0 4 4 5 6 5 50 17 15 7 14 7 51 36 110 38 35 141 8 6 24 46 56 52 0 0 0 0 0 0 0 0 0 0 0 0 0 0 0 0 0 0 0 10 14 20 13 19 22 44 0 0 0 0 0 0 0 0 0 0 0 0 0 0 0 0 0 0 0 0 0 0 0 0 0
0 0 0 0 0 0 0 0 0 0 0 1 1 1 1 1 2 0 0 0 0 1 2 1 3 6 6 48 13 29 61 158 193 127 62 32 7 12 115 9 8 38 70 0 0 0 0 0 0 0 0 0 0 0 0 0 0 0 0 0 0 0 0 0 0 10 15 33 0 0 0 0 0 0 0 0 0 0 0 0 0 0 0 0 0 0 0 0 0 0 0 0 0 0 0 0
0 0 0 0 0 0 0 0 0 0 0 1 1 1 1 1 3 1 0 1 1 2 3 3 3 26 33 28 7 10 81 150 387 29 42 18 8 23 59 119 29 850 0 0 0 0 0 0 0 0 0 0 0 0 0 0 0 0 0 0 0 0 0 0 0 0 0 0 0 0 0 0 0 0 0 0 0 0 0 0 0 0 0 0 0 0 0 0 0 0 0 0 0 0 0 0
0 0 0 0 0 0 0 0 0 0 0 1 1 1 1 1 3 1 0 1 1 4 11 7 4 4 34 40 14 10 98 624 980 86 48 17 11 62 70 42 33 0 0 0 0 0 0 0 0 0 0 0 0 0 0 0 0 0 0 0 0 0 0 0 0 0 0 0 0 0 0 0 0 0 0 0 0 0 0 0 0 0 0 0 0 0 0 0 0 0 0 0 0 0 0 0
0 0 0 0 0 0 0 0 0 0 0 0 1 1 1 1 3 2 1 1 1 3 13 10 4 3 10 12 56 67 47 210 115 23 27 17 14 32 68 32 19 14 0 0 0 0 0 0 0 0 0 0 0 0 0 0 0 0 0 0 0 0 0 0 0 0 0 0 0 0 0 0 0 0 0 0 0 0 0 0 0 0 0 0 0 0 0 0 0 0 0 0 0 0 0 0
0 0 0 0 0 0 0 0 0 0 0 0 1 0 0 1 3 3 3 2 3 2 9 13 3 19 10 12 22 25 17 15 12 11 10 15 12 21 64 60 39 0 0 0 0 0 0 0 0 0 0 0 0 0 0 0 0 0 0 0 0 0 0 0 0 0 0 0 0 0 0 0 0 0 0 0 0 0 0 0 0 0 0 0 0 0 0 0 0 0 0 0 0 0 0 0
0 0 0 0 0 0 0 0 0 0 0 0 0 0 0 0 3 3 3 3 3 3 2 3 12 50 9 8 13 96 25 15 12 9 7 18 127 21 19 49 26 0 0 0 0 0 0 0 0 0 0 0 0 0 0 0 0 0 0 0 0 0 0 0 0 0 0 0 0 0 0 0 0 0 0 0 0 0 0 0 0 0 0 0 0 0 0 0 0 0 0 0 0 0 0 0
0 0 0 0 0 0 0 0 0 1 1 0 0 0 0 0 2 3 3 3 3 3 3 4 6 14 3 6 10 82 12 11 19 66 10 32 32 76 39 78 59 0 0 0 0 0 0 0 0 0 0 0 0 0 0 0 0 0 0 0 0 0 0 0 0 0 0 0 0 0 0 0 0 0 0 0 0 0 0 0 0 0 0 0 0 0 0 0 0 0 0 0 0 0 0 0
