meteoriteanalysis/data/pop/popdens/gpw_pop_density_hd_1995.asc
ncols 720 
nrows 360
xllcorner -180
yllcorner -90
cellsize .5
NODATA_value -99
[rows 79 to 157 of 360, columns 384 to 479 of 720]
150 124 95 97 450 343 109 156 114 144 86 106 322 607 581 458 270 145 153 153 149 93 86 77 109 53 54 73 63 71 72 45 42 189 40 68 409 741 62 43 43 51 46 39 38 56 39 46 400 84 29 27 44 21 25 47 23 23 22 9 9 12 42 6 7 14 81 12 10 6 5 4 8 5 2 2 3 3 3 2 3 3 3 3 3 3 3 3 5 7 132 5 5 5 3 1
93 50 138 75 141 83 77 93 88 105 126 152 413 351 264 241 204 145 132 119 106 88 99 268 318 65 59 172 54 53 56 58 47 106 39 47 152 58 55 51 49 39 41 56 63 170 40 50 575 69 29 59 20 19 21 18 18 16 10 9 9 8 6 26 6 7 10 9 6 4 3 2 3 3 2 2 2 2 3 2 2 3 2 2 2 2 2 3 4 5 5 5 5 3 2 1
139 78 57 54 73 72 62 83 132 269 134 148 138 153 105 84 99 99 105 65 77 72 100 150 116 83 69 73 65 118 102 50 191 127 42 48 50 59 67 103 225 41 210 58 36 31 38 34 38 39 53 35 65 32 26 17 15 14 10 9 7 6 7 9 11 12 12 6 4 4 2 2 2 2 2 2 1 1 2 2 1 2 2 2 2 2 2 3 3 4 4 4 2 1 1 1
146 116 127 75 54 67 42 63 88 85 101 134 136 105 107 56 67 84 204 97 122 62 50 53 70 199 118 91 74 113 63 54 58 59 62 59 89 41 45 43 127 51 73 39 56 178 136 111 63 27 92 280 192 216 271 22 33 12 10 9 9 10 12 16 349 329 15 6 5 2 1 1 1 1 1 1 1 1 2 2 2 1 1 1 2 2 1 1 1 2 3 2 2 1 1 1
126 123 100 113 263 82 60 106 797 174 299 154 128 72 65 78 80 105 104 100 100 160 119 83 55 61 76 184 127 95 96 97 82 55 51 53 45 71 33 30 62 26 88 91 30 271 333 54 31 27 180 366 469 305 163 182 93 61 19 15 10 10 10 11 36 34 5 6 32 4 2 2 1 1 1 1 2 2 3 3 2 2 1 1 1 1 0 0 0 1 1 1 1 1 1 1
148 100 169 66 41 54 46 62 112 86 100 107 121 207 0 99 92 97 92 94 93 92 88 86 79 65 70 83 87 98 98 142 108 84 61 57 33 27 65 22 25 23 297 47 141 121 538 34 31 28 61 412 160 35 21 87 175 21 21 18 152 11 12 9 6 4 3 4 6 5 4 4 3 2 2 2 2 2 2 2 2 1 2 2 2 2 1 0 0 0 0 1 1 1 1 1
44 32 39 26 29 53 178 87 70 82 88 92 102 149 578 144 84 76 85 86 76 78 77 96 72 66 80 84 95 128 147 135 106 322 88 29 22 25 24 44 42 26 24 28 28 48 39 46 27 22 58 313 34 244 108 556 132 27 26 18 11 7 7 5 4 3 2 2 2 4 5 5 6 4 2 2 2 2 2 69 18 2 3 3 3 3 1 0 0 0 0 1 1 1 1 1
51 42 41 73 92 59 77 134 90 80 77 67 75 80 63 68 88 75 71 70 74 86 112 124 93 90 73 62 103 107 106 99 93 229 150 175 50 163 29 143 221 202 78 43 20 23 112 21 25 155 30 0 0 29 31 29 24 23 17 18 11 9 7 5 4 4 2 2 2 2 6 7 8 6 2 2 2 0 0 2 2 2 3 3 3 3 2 1 1 0 0 1 1 1 1 1
78 115 102 44 142 160 128 117 124 93 62 69 84 72 65 86 96 79 62 59 60 72 65 65 82 90 77 60 84 107 108 100 80 80 33 43 91 0 0 0 0 0 0 0 0 36 0 0 0 0 0 0 22 35 39 35 30 24 19 46 13 10 7 5 48 3 2 2 2 4 13 142 153 16 0 0 0 0 0 0 0 3 3 2 2 1 1 1 2 0 0 0 1 1 1 1
308 251 0 254 49 55 65 251 232 56 51 61 89 94 96 96 96 86 78 73 67 73 76 74 85 102 120 103 78 84 97 140 96 60 44 0 0 0 0 0 0 0 28 56 64 44 0 0 0 0 0 29 28 44 59 39 67 30 26 24 19 18 14 9 4 2 2 1 1 3 14 24 20 0 0 0 0 0 0 0 0 1 2 1 1 1 1 1 1 1 0 1 1 1 0 1
0 0 0 0 75 81 53 54 50 55 62 58 76 89 95 96 97 95 86 43 40 57 73 74 80 100 121 178 150 87 83 89 56 87 37 0 0 0 0 0 0 0 0 59 64 40 110 32 0 0 82 44 68 174 249 94 53 88 51 170 42 30 22 19 10 9 6 1 1 3 5 0 0 0 0 0 0 0 1 1 1 1 1 1 1 1 1 1 1 1 1 1 1 0 0 0
0 0 0 0 0 0 22 42 65 67 67 67 67 69 87 104 105 102 99 66 60 68 69 80 84 98 119 200 637 78 71 72 74 56 0 0 0 0 0 0 0 0 0 0 273 0 0 0 0 0 0 222 54 56 59 59 111 82 101 95 34 22 22 20 44 13 14 11 4 8 0 0 0 0 0 0 0 0 1 1 1 1 1 1 1 1 1 1 1 1 1 1 0 0 0 0
204 0 0 0 0 0 0 31 49 67 67 67 67 67 83 106 108 108 108 108 107 69 90 99 94 88 80 89 504 69 72 85 110 0 0 0 0 0 0 0 0 0 0 0 0 0 0 0 0 0 0 0 0 41 64 35 15 22 25 35 86 75 217 41 24 14 12 2 5 13 0 0 0 0 0 0 0 2 1 1 1 1 1 1 1 1 1 1 1 1 1 1 1 0 0 0
139 137 0 0 0 0 0 61 82 85 67 67 67 66 74 107 108 108 108 108 101 61 71 75 81 76 75 73 67 67 71 77 92 0 0 0 0 0 0 0 0 0 0 0 0 0 0 0 0 0 0 0 0 0 0 107 72 19 10 33 25 83 39 60 63 35 22 17 13 34 38 0 0 0 0 0 0 0 85 5 1 1 1 1 0 0 1 1 1 1 1 1 1 0 0 0
97 127 132 159 0 0 0 0 0 0 85 67 67 58 54 87 107 128 115 108 108 92 55 57 66 68 68 68 67 72 77 77 0 0 0 0 0 0 0 0 0 0 0 0 0 0 0 0 0 0 0 0 0 0 0 0 0 0 51 20 9 31 63 124 58 110 56 233 76 103 60 0 0 0 0 0 0 0 0 1 0 25 0 0 0 0 0 0 1 1 1 1 1 28 10 16
99 96 115 157 0 0 0 0 0 0 0 0 66 48 47 52 125 178 169 125 106 58 419 145 64 80 69 67 58 59 59 64 0 0 0 0 0 0 0 0 0 0 0 0 0 0 0 0 0 0 0 0 0 0 0 0 0 0 0 83 35 16 11 16 22 160 28 14 36 35 76 0 0 0 0 0 0 0 0 0 0 0 0 0 0 0 0 0 1 1 1 1 4 23 45 44
308 290 74 116 170 0 0 0 0 0 0 0 0 0 55 79 82 162 144 106 87 55 53 89 89 90 78 69 59 56 55 56 0 0 0 0 0 0 0 0 0 0 0 0 0 0 0 0 0 0 0 0 0 0 0 0 0 0 0 0 86 181 76 62 35 12 22 27 17 20 40 40 0 0 0 0 0 0 0 0 0 0 0 1 1 0 0 0 1 1 1 7 16 18 60 135
709 592 278 106 81 90 95 97 97 0 0 0 0 0 0 112 78 88 79 79 79 76 51 57 81 89 75 69 57 63 44 44 0 0 0 0 0 0 0 0 0 86 29 29 31 37 0 0 0 0 0 0 0 0 0 0 0 0 0 213 63 37 36 53 68 585 106 60 57 46 14 30 82 0 0 0 0 0 0 0 0 1 0 1 1 1 0 0 1 1 8 0 16 8 11 66
0 0 211 231 284 142 123 99 273 0 0 0 0 0 0 257 123 79 79 78 69 56 45 38 30 55 56 49 45 67 64 70 1075 0 0 0 0 0 0 124 128 109 30 29 33 48 82 124 124 0 0 0 0 0 0 0 0 0 57 30 26 32 34 28 54 92 67 51 33 34 57 36 45 56 0 0 0 0 0 0 0 0 0 0 1 1 1 1 1 4 8 8 8 11 10 7
0 0 0 0 0 0 180 66 141 237 264 225 0 0 0 188 96 101 41 48 61 155 233 95 0 0 0 0 0 69 0 0 0 0 910 324 215 130 49 49 51 63 30 30 44 48 53 69 70 98 124 144 87 68 97 141 154 77 41 29 35 31 31 107 60 88 42 74 190 76 94 69 40 32 28 863 0 0 0 0 0 0 1 1 1 1 1 1 1 3 8 7 11 9 8 6
0 0 0 0 0 0 221 119 64 86 0 0 295 0 0 98 55 35 30 40 65 0 77 0 0 0 0 0 46 46 47 70 143 170 170 103 64 63 102 105 122 134 113 79 49 48 48 65 75 63 50 51 45 60 26 26 29 35 37 37 35 31 31 46 433 393 77 35 30 60 98 61 54 53 147 0 0 0 0 0 0 0 5 1 1 1 1 1 2 2 6 7 8 7 6 5
0 0 0 0 0 0 0 0 107 0 0 0 0 0 0 0 54 32 31 38 49 0 0 0 0 0 0 0 46 52 61 71 85 136 125 58 43 47 47 72 134 134 133 99 45 44 44 44 35 26 26 26 26 25 25 25 25 35 37 37 38 44 44 38 37 85 46 22 31 63 62 63 57 87 169 0 0 0 0 0 0 0 19 3 8 5 2 2 2 2 3 5 7 6 6 3
0 0 0 0 0 0 0 0 118 130 0 0 0 0 0 0 0 51 43 39 46 0 0 0 0 0 0 48 48 122 196 88 75 68 52 52 51 49 49 52 125 119 113 68 40 48 45 49 39 35 26 27 34 26 18 20 33 28 40 44 50 47 43 43 61 72 0 25 39 46 69 75 79 94 55 0 0 0 0 0 0 0 0 21 21 6 2 2 2 3 4 5 8 6 6 4
0 0 0 0 0 0 0 0 0 142 0 0 0 0 0 0 0 50 45 31 31 40 47 0 0 0 0 0 0 0 186 98 93 91 61 61 53 53 53 50 49 49 57 98 52 54 57 57 57 51 36 63 66 57 46 47 47 40 56 53 47 46 0 41 54 72 73 71 66 73 75 75 66 143 0 0 0 0 0 0 0 0 0 0 3 2 2 2 19 3 4 5 8 6 5 5
0 0 0 0 0 0 0 0 180 0 0 0 0 0 0 0 0 0 60 72 60 49 306 578 0 0 0 0 0 0 230 210 175 89 70 68 53 54 54 50 49 49 51 55 53 49 55 62 93 67 68 67 70 71 74 78 80 82 91 58 44 43 41 41 48 72 74 75 75 75 75 75 75 139 0 0 0 0 0 0 0 0 0 2 2 2 5 19 12 12 10 7 23 6 5 5
0 0 217 215 161 208 268 0 0 0 0 0 0 0 0 0 0 0 0 66 44 54 0 0 0 0 0 0 0 0 127 114 107 92 71 53 45 52 55 49 49 49 49 46 49 56 93 108 94 68 69 84 88 81 63 71 79 72 87 58 43 42 41 33 35 66 0 75 75 75 75 75 75 146 0 0 0 0 0 0 0 0 0 2 2 21 85 92 49 23 22 20 13 11 6 4
0 0 0 151 132 251 0 0 0 0 0 0 0 0 0 0 0 0 0 62 31 24 0 0 0 0 0 0 0 0 0 49 49 56 67 40 50 52 60 57 50 39 25 33 66 91 110 110 106 110 116 122 64 62 62 63 62 59 59 54 46 46 44 37 40 57 72 74 75 75 75 67 67 85 162 168 0 0 0 0 0 0 0 0 63 86 92 50 22 23 23 23 23 23 21 8
0 0 0 0 0 0 0 0 0 0 0 0 0 0 0 0 0 0 0 0 0 26 0 0 0 0 0 0 0 0 0 47 47 47 48 58 63 63 0 63 60 30 74 94 94 0 109 115 201 161 146 149 136 70 50 53 49 46 46 46 44 45 45 47 66 73 72 72 72 73 63 52 52 52 89 143 122 93 0 0 0 0 92 92 92 73 47 11 15 20 23 23 23 23 23 23
0 0 0 0 0 0 0 0 0 0 0 0 0 0 0 0 0 0 0 0 0 0 0 0 0 0 0 0 0 0 0 0 0 0 55 63 63 0 0 0 0 80 93 0 0 0 0 0 202 169 158 158 0 40 31 30 43 46 45 44 44 44 44 64 72 78 77 63 51 52 52 49 52 52 52 52 60 254 210 117 92 92 92 77 13 7 6 6 6 15 23 23 23 23 23 23
0 0 0 0 0 0 0 0 0 0 0 0 0 0 0 0 0 0 0 0 0 0 0 0 0 0 0 0 0 0 0 0 0 0 0 0 0 0 0 0 0 0 0 0 0 0 0 0 225 173 159 157 55 31 31 25 24 38 44 44 44 44 52 74 98 92 80 72 53 48 48 52 66 63 54 51 123 305 388 368 283 343 130 12 6 6 6 6 6 8 21 23 23 23 23 23
0 0 0 0 0 0 0 0 0 0 0 0 0 0 0 0 0 0 0 0 0 0 0 0 0 0 0 0 0 0 0 0 0 0 0 0 0 0 0 0 0 0 0 72 0 0 0 0 236 125 118 106 71 28 27 23 23 23 27 40 44 44 47 99 94 58 69 78 62 48 50 53 83 89 79 42 42 150 388 345 48 99 11 6 6 6 6 6 6 14 23 23 23 23 23 23
0 0 0 0 0 0 0 0 0 0 0 0 0 0 0 0 0 0 0 0 0 0 0 0 0 0 0 0 0 0 0 0 0 0 0 0 0 0 0 0 0 0 0 0 0 0 0 0 199 39 37 29 28 27 27 24 23 23 13 10 12 15 32 35 38 37 64 65 75 66 73 80 89 88 54 45 93 341 385 351 6 6 6 6 6 6 6 6 15 23 23 23 23 23 23 23
0 0 0 0 0 0 0 0 0 0 0 0 0 0 0 0 0 0 0 0 0 0 0 0 0 0 0 0 0 0 0 0 0 0 0 0 0 0 0 0 0 0 0 0 0 0 0 343 96 82 29 27 27 27 27 27 21 15 9 9 9 9 26 29 32 45 46 72 74 75 71 65 79 82 48 42 42 170 62 37 37 32 29 29 33 31 29 18 23 23 23 23 23 23 23 23
0 0 0 0 0 0 0 0 0 0 0 0 0 0 0 0 0 0 0 0 0 0 0 0 0 0 0 0 0 0 0 0 0 0 0 0 0 0 0 0 0 0 0 0 0 0 0 551 148 170 140 38 27 27 24 15 9 9 9 9 9 9 0 20 420 45 46 47 27 44 51 55 55 55 50 48 41 39 37 37 37 37 37 37 37 37 36 23 23 23 23 23 23 23 23 23
0 0 0 0 0 0 0 0 0 0 0 0 0 0 0 0 0 0 0 0 0 0 0 0 0 0 0 0 0 0 0 0 0 0 0 0 0 0 0 0 0 0 0 0 0 0 0 116 168 125 167 157 58 13 9 9 9 9 9 9 9 9 9 108 1055 737 40 39 27 26 37 53 55 55 55 51 37 37 37 37 37 37 37 37 37 36 15 22 23 23 23 23 23 23 23 23
0 0 0 0 0 0 0 0 0 0 0 0 0 0 0 0 0 0 0 20 8 0 0 0 0 0 0 0 0 0 0 0 0 0 0 0 0 0 0 0 0 0 0 0 0 0 383 236 151 46 69 66 8 6 9 9 9 9 8 8 8 8 8 9 200 105 40 34 33 27 25 33 56 56 56 45 41 42 37 37 37 37 29 28 22 14 12 13 19 23 23 23 23 23 23 23
40 49 101 30 61 93 106 0 0 0 0 0 0 0 0 0 0 12 12 20 7 7 5 2 0 0 0 0 0 0 0 0 0 0 0 0 0 0 0 0 0 0 0 0 0 0 341 325 96 38 7 6 6 6 6 8 9 8 8 8 8 8 8 10 60 115 69 37 33 28 27 41 56 56 56 56 55 55 43 37 37 34 12 12 12 12 12 12 13 21 23 23 23 23 23 23
10 5 2 1 3 6 1 0 0 0 0 0 0 0 0 0 70 21 15 17 7 7 3 2 2 2 0 0 0 0 0 0 0 0 0 0 0 0 0 0 0 0 0 0 0 512 410 216 197 169 104 35 5 4 3 3 4 6 7 8 8 8 12 21 23 72 50 56 58 29 28 40 56 56 56 56 56 55 47 36 35 32 14 12 12 12 12 12 12 12 14 18 22 23 23 23
8 2 2 2 1 1 1 1 3 0 0 0 0 0 0 0 55 75 44 13 6 7 2 2 2 2 1 1 1 1 1 0 0 0 0 0 435 570 931 1165 0 0 0 0 422 67 107 64 99 116 35 3 3 3 3 3 3 3 4 5 7 8 19 22 22 27 7 36 63 48 59 60 56 56 56 55 45 48 46 35 30 30 28 12 12 12 12 12 12 12 12 12 12 16 21 23
2 2 2 2 2 1 1 1 3 4 4 4 0 0 0 0 1 1 1 1 1 3 2 2 2 2 1 1 1 1 1 1 1 1 1 1051 360 903 1510 850 322 65 10 10 15 53 38 23 7 4 4 3 3 3 3 3 3 3 3 3 4 6 22 22 18 6 6 22 36 69 0 103 60 56 56 56 50 43 40 34 30 30 30 21 12 12 12 12 12 12 12 12 12 12 14 18
2 2 2 2 2 2 1 1 2 4 4 4 4 3 1 1 1 1 1 1 1 1 2 2 2 2 1 1 1 1 1 1 1 1 1 203 342 489 2089 1280 100 56 10 10 10 40 19 4 4 4 4 3 3 3 3 3 3 3 3 3 3 3 7 18 8 6 6 6 6 70 103 103 84 56 56 56 45 38 33 30 30 30 30 30 15 12 12 12 12 12 12 12 12 12 11 10
2 2 2 2 2 2 1 1 1 4 4 4 4 2 1 1 1 1 1 1 1 1 2 2 2 2 1 1 1 1 1 1 1 1 1 22 120 194 590 974 53 18 3 5 8 23 7 4 4 3 3 3 3 3 3 3 3 3 3 3 3 3 3 9 6 6 6 6 6 68 98 98 0 0 0 0 0 31 31 30 30 30 30 30 28 13 12 12 12 12 12 12 12 12 11 10
2 2 2 1 1 1 0 0 0 1 1 3 4 1 1 1 1 1 1 1 1 1 2 2 2 2 1 1 1 1 1 1 1 1 52 149 301 341 226 114 52 0 2 2 2 2 3 3 3 3 3 3 3 3 3 3 3 3 3 3 3 3 3 3 4 4 1 1 4 78 93 98 0 0 0 0 0 31 31 31 30 30 30 30 30 30 15 12 12 12 12 12 12 12 11 10
2 2 1 1 1 0 0 0 0 0 0 1 3 1 1 1 1 1 1 1 1 1 2 2 2 2 1 1 1 1 1 10 41 78 124 190 269 267 26 6 2 1 2 2 2 3 4 5 4 3 3 3 3 3 3 3 4 4 5 5 4 4 3 3 3 3 3 2 2 2 2 76 89 0 0 0 0 0 31 31 31 30 30 30 30 30 24 14 13 12 12 12 12 12 11 10
1 1 1 1 1 1 0 0 0 0 0 0 0 0 1 1 1 1 1 1 1 1 1 1 1 1 1 1 1 1 1 86 124 124 135 164 169 133 1 1 1 1 1 2 2 5 5 5 5 5 5 5 4 4 4 5 5 5 5 5 5 5 5 5 3 3 3 2 2 2 2 2 2 0 0 0 0 0 31 31 31 30 30 30 30 30 30 16 14 14 12 12 12 12 10 10
1 1 1 1 1 1 2 2 0 0 0 0 0 0 1 1 1 1 1 1 1 1 1 1 1 1 1 1 1 1 9 82 82 94 116 120 124 208 1 1 1 1 1 0 0 0 0 5 5 5 5 5 5 5 5 5 5 5 5 5 5 5 5 5 5 4 2 2 2 2 2 2 2 0 0 0 0 0 0 0 31 31 30 30 30 30 24 16 15 15 14 12 12 11 10 10
1 1 1 1 2 5 6 6 1 0 0 0 0 0 1 1 1 1 1 1 1 1 1 1 1 1 0 0 0 0 0 0 0 0 0 0 0 227 506 21 1 1 1 0 0 0 0 0 5 5 8 8 5 5 5 5 5 5 5 5 5 5 5 5 5 8 7 3 2 2 2 2 2 2 2 0 0 0 0 0 0 23 23 25 16 15 15 15 15 15 15 12 12 11 10 10
1 1 1 1 5 4 2 1 0 0 0 0 0 0 0 0 0 0 0 0 0 0 0 0 0 0 0 0 0 0 0 0 0 0 0 0 0 0 254 553 1 1 1 1 0 0 0 0 5 5 9 10 9 8 7 6 5 5 5 5 5 5 4 4 5 9 11 10 7 4 2 2 2 2 2 2 0 0 0 0 0 0 0 0 15 15 15 15 0 0 15 15 13 11 10 10
1 1 1 1 2 0 0 0 0 0 0 0 0 0 0 0 0 0 0 0 0 0 0 0 0 0 0 0 0 0 0 0 0 0 0 0 0 0 0 318 494 273 1 1 0 0 0 0 0 5 7 10 10 10 10 9 5 5 5 5 5 4 4 4 5 10 11 11 11 11 8 2 2 2 2 2 0 0 0 0 0 0 0 0 0 0 0 0 0 0 15 15 14 12 10 10
1 0 0 0 0 0 0 0 0 0 0 0 0 0 0 0 0 0 0 0 0 0 0 0 0 0 0 0 0 0 0 0 0 0 0 0 0 0 0 0 34 343 1 1 1 0 0 0 0 5 5 7 10 10 10 9 5 6 6 5 4 4 4 4 5 8 11 11 11 11 10 2 2 2 2 2 27 315 50 0 0 0 0 0 0 0 0 0 0 0 0 0 15 15 11 10
0 0 0 0 0 0 0 0 0 0 0 0 0 0 0 0 0 0 0 0 0 0 0 0 0 0 0 0 0 0 0 0 0 0 0 0 0 0 0 0 7 197 1 1 1 0 0 0 0 0 5 5 10 10 10 10 9 9 10 6 4 4 6 9 11 11 11 11 11 11 10 2 2 2 2 2 2 42 50 0 0 0 0 0 0 0 0 155 0 0 0 0 0 0 0 0
0 0 0 0 0 0 0 0 0 0 0 0 0 0 0 0 0 0 0 0 0 0 0 0 0 0 0 0 0 0 0 0 0 0 0 0 0 0 0 0 0 16 14 1 1 1 0 0 0 0 6 7 10 10 10 10 10 10 10 9 7 7 10 11 11 11 11 11 11 11 11 4 2 2 2 2 2 15 45 0 0 0 0 0 0 15 124 78 36 0 0 0 0 0 0 0
0 0 0 0 0 0 0 0 0 0 0 0 0 0 0 0 0 0 0 0 0 0 0 0 0 0 0 0 0 0 0 0 0 0 0 0 0 0 0 0 0 19 8 1 1 1 1 0 0 0 0 10 10 10 10 10 10 10 10 10 11 11 11 11 11 11 11 11 11 11 11 11 5 2 2 2 2 2 8 0 0 0 0 0 0 15 15 14 23 63 0 0 0 0 0 0
0 0 0 0 0 0 0 0 0 0 0 0 0 0 0 0 0 0 0 0 0 0 0 0 0 0 0 0 0 0 0 0 0 0 0 0 0 0 0 0 0 51 25 1 1 1 1 0 0 0 0 0 10 10 10 10 10 10 10 19 13 11 11 11 11 11 11 11 11 11 11 11 7 2 2 2 2 2 2 8 15 15 15 15 15 15 15 14 4 14 40 98 400 0 0 0
0 0 0 0 0 0 0 0 0 0 0 0 0 0 0 0 0 0 0 0 0 0 0 0 0 0 0 0 0 0 0 0 0 0 0 0 0 0 0 0 1 0 31 1 1 1 1 0 0 0 0 0 0 23 16 13 10 10 16 27 19 11 11 11 11 11 11 11 11 11 11 11 6 2 2 2 2 2 2 3 15 15 15 15 15 15 10 3 5 5 16 24 37 47 0 0
0 0 0 0 0 0 0 0 0 0 0 0 0 0 0 0 0 0 0 0 0 0 0 0 0 0 0 0 0 0 0 0 0 0 0 0 0 0 0 22 0 48 20 1 1 1 1 1 0 0 0 0 0 0 27 25 12 16 26 27 26 24 12 11 11 11 11 11 11 11 11 11 5 2 2 2 2 2 2 2 3 5 7 10 12 14 8 5 5 8 15 13 11 6 0 0
0 0 0 0 0 0 0 0 0 0 0 0 0 0 0 0 0 0 0 0 0 0 0 0 0 0 0 0 0 0 0 0 0 0 0 0 0 0 10 49 10 2 1 1 1 1 1 1 1 0 0 0 0 0 27 27 27 27 27 27 27 27 26 11 11 11 11 11 11 11 11 11 4 2 2 2 2 2 2 2 2 2 2 2 2 2 2 5 5 4 1 2 9 2 10 0
0 0 0 0 0 0 0 0 0 0 0 0 0 0 0 0 0 0 0 0 0 0 0 0 0 0 0 0 0 0 0 0 0 0 0 0 0 0 0 0 2 3 3 1 1 1 1 1 1 1 0 0 0 0 27 27 27 27 27 27 27 27 25 11 11 11 11 11 11 11 11 11 3 2 2 2 2 2 2 2 2 2 2 2 2 2 2 2 0 1 1 1 7 2 14 0
0 0 0 0 0 0 0 0 0 0 0 0 0 0 0 0 0 0 0 0 0 0 0 0 0 0 0 0 0 0 0 0 0 0 0 0 0 0 0 0 2 3 3 1 1 1 1 1 1 1 0 0 0 0 0 27 27 27 27 27 27 27 25 12 11 11 11 11 11 11 11 10 2 2 2 2 2 2 2 2 2 2 2 2 2 2 2 0 0 0 0 0 2 1 0 0
0 0 0 0 0 0 0 0 0 0 0 0 0 0 0 0 0 0 0 0 0 0 0 0 0 0 0 0 0 0 0 0 0 0 0 0 0 0 0 0 2 3 2 1 1 1 1 1 1 1 0 0 0 0 0 27 27 27 71 76 28 26 26 22 11 11 11 11 11 11 11 9 2 2 2 2 2 2 2 2 2 2 2 2 2 2 1 0 0 0 0 0 0 3 0 0
0 0 0 0 0 0 0 0 0 0 0 0 0 0 0 0 0 0 0 0 0 0 0 0 0 0 0 0 0 0 0 0 0 0 0 0 0 0 0 0 2 3 3 1 1 1 1 1 1 1 0 0 0 0 0 0 27 53 186 192 28 25 25 24 11 11 11 11 11 11 11 8 2 2 2 2 2 2 2 2 2 2 2 2 2 2 0 0 0 0 0 0 0 0 0 0
0 0 0 0 0 0 0 0 0 0 0 0 0 0 0 0 0 0 0 0 0 0 0 0 2 2 2 2 2 2 1 1 1 1 1 1 1 1 1 1 2 3 3 2 1 1 1 1 1 1 0 0 0 0 0 0 0 0 211 69 25 25 25 25 18 11 11 11 11 11 11 7 2 2 2 2 2 2 2 2 2 2 2 2 1 0 0 0 0 0 0 0 0 0 0 0
0 0 0 0 0 0 0 0 0 0 0 0 0 0 0 0 0 0 0 0 0 0 0 0 2 2 2 2 2 1 1 3 3 3 3 3 3 3 3 3 3 3 3 2 1 1 1 1 4 7 0 0 0 0 0 0 0 0 53 26 25 25 25 25 22 5 7 6 6 5 4 3 2 2 2 2 2 2 2 2 2 1 0 0 0 0 0 0 0 0 0 0 0 0 0 0
0 0 0 0 0 0 0 0 0 0 0 0 0 0 0 0 0 0 0 0 0 0 0 0 2 2 2 2 2 1 1 3 3 3 3 3 3 3 3 3 3 3 3 3 2 2 2 2 20 24 47 0 0 0 0 0 0 0 0 26 25 25 25 25 12 3 3 3 3 3 3 2 2 2 2 2 2 1 1 1 0 0 0 0 0 0 0 0 0 0 0 0 0 0 0 0
0 0 0 0 0 0 0 0 0 0 0 0 0 0 0 0 0 0 0 0 0 0 0 0 2 2 2 2 2 1 1 3 3 3 3 3 3 3 3 3 3 5 4 3 2 2 2 2 2 6 12 13 0 0 0 0 0 0 0 46 26 25 25 13 3 3 3 3 3 3 3 2 2 1 1 0 0 0 0 1 0 0 0 0 0 0 0 0 0 0 0 0 0 0 0 0
0 0 0 0 0 0 0 0 0 0 0 0 0 0 0 0 0 0 0 0 0 0 0 0 2 2 2 2 2 1 1 3 3 3 3 3 3 3 3 3 4 10 7 6 7 5 4 4 4 4 12 14 17 0 0 0 0 0 0 0 68 60 36 10 3 3 3 3 3 3 3 2 1 0 0 0 0 0 0 1 0 0 0 0 0 1 1 0 0 0 0 0 0 0 0 0
0 0 0 0 0 0 0 0 0 0 0 0 0 0 0 0 0 0 0 0 0 0 0 0 2 2 2 2 1 1 1 3 3 3 3 3 3 3 3 3 7 10 10 10 10 10 8 12 11 7 11 10 21 21 0 0 0 0 0 0 77 77 64 26 7 6 3 3 3 3 3 1 0 0 0 0 0 0 0 1 1 5 10 12 8 5 1 0 0 0 0 0 0 0 0 0
0 0 0 0 0 0 1 1 0 0 0 0 0 0 0 0 0 0 0 0 0 0 0 0 2 2 2 1 1 2 2 3 3 3 3 3 3 3 3 25 10 10 10 10 10 10 10 27 30 28 7 7 17 21 0 0 0 0 0 0 0 77 78 60 35 29 6 4 3 3 2 0 0 0 0 1 2 0 1 1 1 3 16 0 0 0 0 0 0 0 0 0 0 0 0 0
0 0 0 0 0 1 2 2 2 1 0 0 0 0 0 0 0 0 0 0 0 0 0 0 2 2 2 1 1 2 2 2 2 2 2 2 2 2 2 116 149 39 25 17 11 11 23 30 30 25 6 17 48 25 30 29 0 0 0 0 0 43 125 104 47 28 6 7 5 2 0 0 5 7 10 12 8 1 1 1 1 0 0 0 0 0 0 0 0 0 0 0 0 0 0 0
0 0 0 0 1 2 2 2 2 2 2 1 0 0 3 3 1 2 3 3 3 2 1 1 2 2 2 1 1 1 2 2 2 2 2 2 2 2 2 22 206 139 39 23 12 11 25 34 30 17 5 11 34 79 35 16 0 0 0 0 0 65 128 221 101 14 7 6 5 1 1 3 10 11 12 12 7 2 2 2 0 0 0 0 0 0 0 0 0 0 0 0 0 0 0 0
0 0 0 0 2 2 2 2 2 2 2 2 3 3 4 4 4 3 3 3 3 3 2 2 2 2 2 1 1 1 2 2 2 2 2 2 2 2 2 2 149 461 48 21 11 11 28 40 29 13 14 22 44 268 100 26 0 0 0 0 0 0 114 125 427 57 20 12 14 3 3 7 11 11 10 10 9 5 0 0 0 0 0 0 0 0 0 0 0 0 0 0 0 0 0 0
0 0 0 1 2 2 2 2 2 2 2 3 4 4 4 4 4 3 3 3 5 12 5 9 2 2 2 1 1 1 2 2 2 2 2 2 2 4 3 6 30 100 71 39 21 11 13 40 28 12 16 32 53 65 49 39 9 7 0 0 0 0 148 130 121 75 25 23 15 15 6 6 9 25 33 0 0 0 0 0 0 0 0 0 0 0 0 0 0 0 0 0 0 0 0 0
0 0 0 0 8 2 2 2 2 2 2 3 4 4 4 4 4 5 4 4 6 34 18 15 8 4 5 1 1 1 2 4 2 2 2 7 10 10 8 32 50 101 96 134 18 11 11 11 11 10 11 42 46 138 136 80 49 11 7 0 0 0 111 132 256 119 46 47 16 16 14 6 7 18 0 0 0 0 0 0 0 0 0 0 0 0 0 0 0 0 0 0 0 0 0 0
8 9 13 0 0 9 7 2 2 2 3 4 4 4 4 4 5 5 5 5 25 35 20 15 15 21 24 9 3 6 7 13 10 7 9 11 15 21 11 33 44 92 79 70 12 11 11 11 11 13 16 33 75 107 72 24 24 24 11 6 0 0 70 309 320 83 90 40 19 16 10 0 0 0 0 0 0 0 0 0 0 0 0 0 0 0 0 0 0 0 0 0 0 0 0 0
13 19 22 0 0 0 0 7 3 4 4 4 4 4 4 4 4 5 5 6 26 34 23 21 22 28 29 29 24 7 9 13 13 13 13 33 38 31 29 32 33 45 75 37 10 10 11 11 12 21 25 35 29 62 42 24 26 25 26 14 6 0 27 143 191 32 34 0 0 0 0 0 0 0 0 0 0 0 0 0 0 0 0 0 0 0 0 0 0 0 0 0 0 0 0 0
22 22 26 30 0 0 13 13 13 13 6 4 4 4 4 4 5 5 5 11 26 28 20 22 27 28 28 29 21 7 11 13 13 13 14 28 33 27 22 27 32 38 16 19 52 9 10 9 8 38 60 84 43 28 34 20 20 22 15 6 6 7 0 15 17 200 0 0 0 0 0 0 0 0 0 0 0 0 0 0 0 0 0 0 0 0 0 0 0 0 0 0 0 0 0 0
17 16 25 34 40 34 14 13 13 13 11 4 4 4 4 4 5 5 5 5 8 18 14 14 26 28 28 25 8 7 12 13 13 10 8 12 14 9 8 24 34 27 6 6 25 9 8 6 7 24 136 118 72 42 82 29 31 26 4 4 5 5 4 0 0 0 0 0 0 0 0 0 0 0 0 0 0 0 0 0 0 0 0 0 0 0 0 0 0 0 0 0 0 0 0 0
18 18 275 32 43 39 18 13 13 13 13 5 4 4 3 2 2 3 4 4 5 12 14 14 15 26 28 22 11 10 11 11 8 8 8 12 12 8 8 8 17 9 10 11 0 12 6 5 22 59 0 143 150 100 126 74 39 16 7 10 6 0 0 0 0 0 0 0 0 0 0 0 0 0 0 0 0 10 0 0 0 0 0 0 0 0 0 0 0 0 0 0 0 0 0 0
25 20 35 60 76 42 23 13 13 13 10 4 4 4 3 2 2 2 2 2 3 6 14 13 13 14 17 13 12 12 11 8 7 7 9 27 28 10 8 8 6 6 12 13 13 12 3 3 24 89 150 142 109 112 161 190 28 4 3 12 5 48 60 0 0 0 0 0 0 0 0 0 9 9 9 6 5 8 0 0 0 0 0 0 0 0 0 0 0 0 0 0 0 0 0 0
