meteoriteanalysis/data/pop/popdens/gpw_pop_density_qd_1990a.asc
ncols 1440 
nrows 720
xllcorner -180
yllcorner -90
cellsize .25
NODATA_value -99
[rows 320 to 399 of 720, columns 384 to 479 of 1440]
362 41 35 38 0 0 0 0 0 0 0 0 0 0 0 0 0 0 0 0 0 0 0 0 0 0 0 0 0 0 0 0 0 40 67 56 36 25 22 20 35 36 29 21 10 9 9 11 0 0 0 0 29 25 24 27 42 58 199 61 20 30 37 163 303 50 56 40 21 19 15 16 12 22 14 23 82 79 50 7 12 14 27 21 18 18 0 0 0 0 0 0 0 0 0 0
70 49 26 21 15 9 0 0 0 0 0 0 0 0 0 0 0 0 15 0 0 0 0 0 0 0 0 0 0 0 0 0 0 57 59 69 36 21 20 19 21 24 20 15 9 9 9 7 0 0 0 0 37 49 40 33 53 38 60 143 83 26 25 8 3 3 10 29 11 11 13 9 11 10 11 8 9 6 6 6 14 36 18 18 18 18 7 1 3 4 4 4 0 0 0 0
42 51 16 8 12 14 0 0 0 0 0 0 0 0 0 0 0 0 192 12 0 0 0 0 0 0 0 0 0 0 0 0 0 84 242 69 65 53 23 40 27 24 26 7 8 7 5 4 0 0 0 0 50 155 87 56 61 37 17 34 60 13 23 2 3 3 4 10 9 10 5 5 10 12 14 8 6 24 38 6 16 18 18 18 18 18 7 4 4 4 4 4 0 0 0 0
0 33 18 16 19 14 11 9 9 0 0 0 0 0 5 37 0 0 434 61 6 0 0 9 0 0 0 0 0 0 0 69 105 88 128 70 57 74 31 60 0 32 18 13 8 4 4 11 0 0 0 0 47 122 41 26 42 49 19 27 21 17 10 2 4 6 7 8 7 5 3 7 10 10 14 9 6 13 34 6 8 11 17 18 16 10 6 5 4 4 4 2 0 0 0 0
0 14 15 24 44 36 15 7 7 9 9 6 6 9 22 32 92 300 0 0 0 4 5 4 5 11 0 0 0 0 35 55 141 76 86 0 18 48 44 50 49 30 15 15 11 5 4 16 27 29 31 25 24 33 28 22 24 10 4 8 10 6 3 3 6 7 7 7 7 4 3 8 8 5 5 12 9 6 27 48 20 14 10 18 14 6 7 6 4 4 2 1 1 1 0 0
0 15 18 20 53 55 36 12 12 14 12 7 8 18 29 49 130 155 0 0 0 3 3 3 2 4 0 0 0 0 41 89 95 52 66 0 22 34 28 29 21 22 14 17 12 8 8 24 54 87 45 111 30 14 44 31 20 17 5 5 6 5 3 3 7 7 7 7 7 4 3 8 8 6 3 2 3 4 7 71 31 7 3 4 6 6 7 5 4 2 1 1 1 1 0 0
0 0 0 0 0 0 107 18 22 27 17 17 16 28 0 0 0 0 0 0 0 0 0 3 3 2 7 13 0 0 31 54 79 58 29 27 24 24 23 9 10 53 74 27 14 81 135 41 55 66 52 99 71 6 10 44 26 14 4 4 6 5 3 3 5 6 6 7 7 3 3 7 8 6 3 2 1 1 4 5 4 3 0 0 7 113 16 4 4 3 1 1 1 1 1 1
0 0 0 0 0 0 85 13 24 23 19 27 48 52 0 0 0 0 0 0 0 0 0 3 3 2 3 11 0 23 30 15 16 30 20 25 22 22 21 9 17 55 84 22 17 163 258 54 38 14 10 5 11 12 6 20 51 39 5 4 4 3 3 3 3 4 5 5 6 3 3 7 8 7 2 1 1 1 1 5 8 25 0 0 309 328 4 4 4 3 1 1 1 1 1 1
0 0 0 0 0 0 0 0 0 18 17 24 37 33 0 0 0 0 0 0 0 0 0 2 3 3 3 12 36 101 26 10 17 17 15 28 28 22 20 10 14 18 19 19 26 182 193 145 34 16 8 7 7 10 10 5 8 8 3 3 3 3 3 3 5 15 9 8 6 4 3 6 8 6 0 1 1 0 0 30 42 46 34 6 7 4 4 4 4 4 1 1 1 1 1 1
0 0 0 0 0 0 0 0 0 0 0 0 12 17 27 16 0 0 0 0 0 0 0 0 3 3 3 5 21 51 10 10 14 12 10 14 27 22 12 10 14 25 26 26 22 120 157 320 27 17 8 7 7 5 5 5 5 3 3 3 3 3 3 3 13 21 14 17 16 17 8 4 4 1 1 1 1 1 0 13 45 19 1 0 0 4 4 4 4 3 1 1 1 1 1 1
0 0 0 0 0 0 0 0 0 0 0 0 0 7 8 9 0 0 0 0 0 0 0 0 0 3 3 3 4 12 10 12 14 13 16 10 19 21 17 22 18 16 32 29 34 63 24 20 13 7 7 6 6 5 6 6 6 4 3 3 3 3 3 3 1 1 6 16 17 16 1 1 1 1 1 1 0 0 0 0 8 1 0 0 0 0 4 3 2 3 2 1 1 1 1 1
0 0 0 0 0 0 0 0 0 0 0 0 0 0 0 0 0 0 0 0 0 0 0 0 0 0 3 3 3 4 12 13 17 25 33 10 17 16 17 17 80 87 69 874 32 14 10 8 8 8 7 6 6 6 5 3 2 2 2 2 2 3 3 3 1 1 1 5 6 1 1 1 1 1 1 1 0 0 0 0 0 0 0 0 0 3 4 3 2 5 2 1 1 1 1 1
0 0 0 0 0 0 0 0 0 0 0 0 0 0 0 0 0 0 0 0 0 0 0 0 0 0 3 3 3 4 14 31 30 38 39 20 18 13 7 11 56 37 25 94 42 15 7 7 26 15 10 5 7 7 7 6 2 1 1 1 2 3 3 3 1 1 1 1 1 1 1 1 1 1 1 1 0 0 0 0 0 0 0 0 0 4 4 4 2 5 3 1 1 1 0 0
0 0 0 0 0 0 0 0 0 0 0 0 0 0 0 0 0 0 0 0 0 0 0 0 0 0 5 3 3 7 16 19 40 30 33 36 19 20 13 7 10 13 20 89 58 33 10 9 6 6 3 1 3 6 3 4 5 1 1 1 1 2 3 3 1 1 1 0 0 1 1 1 1 1 1 1 1 1 0 0 0 0 0 0 0 2 4 4 3 3 2 1 0 0 0 0
0 0 0 0 0 0 0 0 0 0 0 0 0 0 0 0 0 0 0 0 0 0 0 0 0 0 6 6 14 6 12 15 54 1725 151 50 36 24 12 8 16 22 38 59 27 69 21 6 5 5 5 1 1 1 1 1 1 1 1 1 1 1 1 1 1 1 1 0 1 1 1 1 1 1 1 1 1 0 0 0 0 0 0 0 0 1 4 2 2 1 1 1 0 0 0 0
0 0 0 0 0 0 0 0 0 0 0 0 0 0 0 0 0 0 0 0 0 0 0 0 0 0 7 13 16 13 15 23 74 1566 247 71 28 24 13 15 17 47 38 16 24 37 14 4 3 2 2 1 1 1 1 0 0 1 1 1 0 0 1 1 1 0 0 1 1 1 1 1 1 1 1 1 1 0 0 0 0 0 0 0 0 1 4 2 1 1 1 1 0 0 0 0
0 0 0 0 0 0 0 0 0 0 0 0 0 0 0 0 0 0 0 0 0 0 0 0 0 0 8 11 16 16 12 40 72 114 81 48 28 26 21 23 25 97 31 169 64 33 11 5 1 1 2 2 2 2 2 2 1 0 0 0 0 0 1 1 1 1 1 1 1 1 1 1 1 1 1 1 1 0 0 0 0 0 0 0 0 0 1 2 1 1 1 0 0 0 0 0
0 0 0 0 0 0 0 0 0 0 0 0 0 0 0 0 0 0 0 0 0 0 0 0 0 0 7 9 16 16 13 32 71 80 52 42 40 50 31 53 97 61 144 61 190 12 6 8 6 2 2 2 2 2 2 1 0 0 0 0 0 0 1 1 1 1 1 1 1 1 1 1 1 1 1 1 0 0 0 0 0 0 0 0 0 0 1 1 1 1 1 0 0 0 0 0
0 0 0 0 0 0 0 0 0 0 0 0 0 0 0 0 0 0 0 0 0 0 0 0 0 0 5 7 30 36 18 18 105 121 56 63 51 40 41 34 83 70 141 34 17 13 19 10 3 2 2 2 2 1 0 0 0 0 0 0 0 0 0 0 1 1 1 1 1 1 1 1 1 1 1 1 0 0 0 0 0 0 0 0 0 1 1 1 1 1 1 1 0 0 0 0
0 0 0 0 0 0 0 0 0 0 0 0 0 0 0 0 0 0 0 0 0 0 0 0 0 0 5 5 24 29 18 36 136 364 190 99 79 42 73 102 68 58 64 23 5 10 16 17 2 1 2 2 1 0 0 0 0 0 0 0 0 0 0 0 0 1 1 1 1 1 1 1 0 0 0 1 0 0 0 0 0 0 0 0 0 0 1 1 1 1 1 1 1 2 1 1
0 0 0 0 0 0 0 0 0 0 0 0 0 0 0 0 0 0 0 0 0 0 0 0 0 0 5 5 22 10 14 58 330 382 81 79 44 50 175 481 63 52 43 18 9 4 4 7 1 1 1 1 0 0 0 0 0 0 0 0 0 0 0 0 0 1 1 1 1 1 1 1 0 0 0 0 0 0 0 0 0 0 0 0 0 0 1 1 1 1 1 1 1 2 1 1
0 0 0 0 0 0 0 0 0 0 0 0 0 0 0 0 0 0 0 0 0 0 0 0 0 0 5 4 3 3 25 117 246 350 167 49 29 55 276 2120 44 25 9 8 13 3 2 2 2 1 1 1 0 0 0 0 0 0 0 0 0 0 0 0 1 1 1 1 1 1 1 1 0 0 0 0 0 0 0 0 0 0 0 0 0 0 0 1 1 1 1 1 2 3 2 1
0 0 0 0 0 0 0 0 0 0 0 0 0 0 0 0 0 0 0 0 0 0 0 0 0 0 2 2 2 7 44 90 175 175 176 222 139 66 180 1343 53 22 9 7 11 6 3 2 1 1 1 1 0 0 0 0 0 0 0 0 0 0 0 0 0 1 1 1 1 1 1 0 0 0 0 0 0 0 0 0 0 0 0 0 0 0 0 1 1 1 3 3 3 3 2 1
0 0 0 0 0 0 0 0 0 0 0 0 0 0 0 0 0 0 0 0 0 0 0 0 0 0 27 20 8 7 81 116 100 21 29 47 139 59 787 840 35 136 106 31 4 4 4 2 1 1 1 1 0 0 0 0 0 0 0 0 0 0 0 0 0 1 1 1 1 0 0 0 0 0 0 0 0 1 3 2 1 0 0 0 0 1 2 2 2 3 3 3 3 3 1 1
0 0 0 0 0 0 0 0 0 0 0 0 0 0 0 0 0 0 0 0 0 0 0 0 0 0 36 36 33 37 82 116 90 25 34 54 46 18 1147 27 11 28 38 19 4 4 4 1 1 1 1 1 0 0 0 0 0 0 0 0 0 0 0 0 0 0 0 0 0 0 0 0 0 0 0 0 0 0 1 2 3 3 2 1 1 3 3 3 3 3 3 3 3 3 1 1
0 0 0 0 0 0 0 0 0 0 0 0 0 0 0 0 0 0 0 0 0 0 0 0 0 0 0 0 37 257 164 167 24 20 25 30 20 19 268 10 13 17 3 2 3 3 2 1 1 1 1 1 0 0 0 0 0 0 0 0 0 0 0 0 0 0 0 0 0 0 0 0 0 0 0 0 0 0 0 1 3 1 2 2 2 3 3 3 3 3 3 3 3 3 2 1
0 0 0 0 0 0 0 0 0 0 0 0 0 0 0 0 0 0 0 0 0 0 0 0 0 0 0 36 36 2118 209 101 18 19 19 15 9 4 2 9 33 16 5 3 3 2 1 1 1 1 1 1 0 0 0 0 0 0 0 0 0 0 0 0 0 0 0 0 0 0 0 0 0 0 0 0 0 0 0 0 1 0 0 1 3 3 3 3 3 2 2 1 3 3 2 1
0 0 0 0 0 0 0 0 0 0 0 0 0 0 0 0 0 0 0 0 0 0 0 0 0 0 13 25 34 76 95 54 18 96 105 18 12 2 2 6 7 7 5 5 3 1 1 1 1 1 1 1 0 0 0 0 0 0 0 0 0 0 0 0 0 0 0 0 0 0 0 0 0 0 0 0 0 0 0 0 0 0 0 0 0 1 1 1 0 0 0 0 3 3 1 1
0 0 0 0 0 0 0 0 0 0 0 0 0 0 0 0 0 0 0 0 0 0 0 0 0 11 10 9 46 71 54 27 13 20 54 111 17 1 1 5 4 4 4 4 3 3 1 1 1 1 1 1 0 0 0 0 0 0 0 0 0 0 0 0 0 0 0 0 0 0 0 0 0 0 0 0 0 0 0 0 0 0 0 0 0 0 0 0 0 0 0 0 3 2 1 1
0 0 0 0 0 0 0 0 0 0 0 0 0 0 0 0 0 0 0 0 0 0 0 0 11 13 13 13 50 114 40 25 16 18 48 19 2 2 1 2 3 2 4 4 4 6 2 1 1 1 1 1 1 0 0 0 0 0 0 0 0 0 0 0 0 0 0 0 0 0 0 0 0 0 0 0 0 0 0 0 0 0 1 1 1 1 1 1 0 1 1 0 2 1 1 1
0 0 0 0 0 0 0 0 0 0 0 0 0 0 0 0 0 0 0 0 0 30 28 11 10 11 18 21 48 165 35 29 29 33 23 2 2 1 1 1 1 0 0 2 1 1 1 1 1 1 1 1 1 0 0 0 0 0 0 0 0 0 0 0 0 0 0 0 0 0 0 0 0 0 0 0 0 0 0 0 0 0 0 1 1 1 1 1 1 1 1 1 1 1 1 1
0 0 0 0 0 0 0 0 0 0 0 0 0 0 0 0 0 0 0 0 0 12 16 6 6 10 24 39 44 27 25 27 32 57 20 5 3 1 1 1 1 1 0 1 1 1 1 1 1 1 1 1 1 1 1 1 0 0 0 0 0 0 0 0 0 0 0 0 0 0 0 0 0 0 0 0 0 0 0 0 0 0 0 0 0 1 1 1 1 1 1 1 1 1 1 1
0 0 0 0 0 0 0 0 0 0 0 0 0 0 0 0 0 0 0 0 0 32 10 3 3 6 26 38 45 13 21 73 45 45 23 10 5 2 1 1 1 1 1 1 1 1 1 1 1 1 1 1 1 1 0 0 0 0 0 0 0 0 0 0 0 0 0 0 0 0 0 0 0 0 0 0 0 0 0 0 0 0 0 0 0 0 0 0 0 0 0 0 0 0 0 0
0 0 0 0 0 0 0 0 0 0 0 0 0 0 0 0 0 0 0 0 0 43 20 9 20 27 51 133 44 3 23 35 28 43 13 10 4 2 2 2 1 1 1 1 1 1 1 1 1 1 1 0 0 0 0 0 0 0 0 0 0 0 0 0 0 0 0 0 0 0 0 0 0 0 0 0 0 0 0 0 0 0 0 0 0 0 0 0 0 0 0 0 0 0 0 0
0 0 0 0 0 0 0 0 0 0 0 0 0 0 0 0 0 0 0 0 0 36 9 8 25 105 132 43 16 10 4 14 16 26 18 5 3 2 2 2 2 2 1 1 1 1 1 1 1 1 0 0 0 1 1 1 1 0 0 0 0 0 0 0 0 0 0 0 0 0 0 0 0 0 0 0 0 0 0 0 0 0 0 0 0 0 0 0 0 0 0 0 0 0 0 0
0 0 0 0 0 0 0 0 0 0 0 0 0 0 0 0 0 0 0 0 0 11 18 6 30 128 131 118 20 15 3 14 19 13 12 3 3 2 2 2 2 1 1 1 1 0 1 1 1 1 0 0 1 1 1 1 1 0 0 0 0 0 0 0 0 0 0 0 0 0 0 0 0 0 0 0 0 0 0 0 0 0 0 0 0 0 0 0 0 0 0 0 0 0 0 0
0 0 0 0 0 0 0 0 0 0 0 0 0 0 0 0 0 0 0 0 0 10 51 32 46 72 54 112 16 17 7 5 9 9 2 1 3 3 2 2 1 0 0 0 0 0 0 1 1 0 0 0 1 1 1 1 0 0 0 0 0 0 0 0 0 0 0 0 0 0 0 0 0 0 0 0 0 0 0 0 0 0 0 0 0 0 0 0 0 0 0 0 0 0 0 0
0 0 0 0 0 0 0 0 0 0 0 0 0 0 0 0 30 36 46 10 7 8 30 52 52 26 42 44 14 11 11 10 6 5 2 0 1 3 3 3 2 1 0 0 0 0 0 0 0 0 0 0 1 1 1 1 0 0 0 0 0 0 0 0 0 0 0 0 0 0 0 0 0 0 0 0 0 0 0 0 0 0 0 0 0 0 0 0 0 0 0 0 0 0 0 0
0 0 0 0 0 0 0 0 0 0 0 0 0 0 0 0 19 20 20 19 14 25 39 114 39 2 22 37 42 27 11 9 7 2 2 1 0 0 0 1 0 0 0 0 0 0 0 0 0 0 0 0 0 0 1 1 0 0 0 0 0 0 0 0 0 0 0 0 0 0 0 0 0 0 0 0 0 0 0 0 0 0 0 0 0 0 0 0 0 0 0 0 0 0 1 1
0 0 0 0 0 0 0 0 0 0 0 0 0 0 0 0 16 30 28 14 182 319 251 71 17 2 3 6 7 7 4 1 2 2 2 2 1 0 0 0 0 0 0 0 0 0 0 0 0 0 0 0 0 0 0 0 0 0 0 0 0 0 0 0 0 0 0 0 0 0 0 0 0 0 0 0 0 0 0 0 0 0 0 0 0 0 0 0 0 0 0 0 0 0 0 0
0 0 0 0 0 0 0 0 0 0 0 0 0 0 40 28 28 44 59 47 82 299 317 75 7 2 2 7 10 8 6 5 3 2 2 3 2 1 1 0 0 0 0 0 0 0 0 0 0 0 0 0 0 0 0 0 0 0 0 0 0 0 0 0 0 0 0 0 0 0 0 0 0 0 0 0 0 0 0 0 0 0 0 0 0 0 0 0 0 0 0 0 0 0 0 0
0 0 0 0 0 0 0 0 0 0 0 0 0 0 40 40 21 42 58 62 38 152 343 43 2 2 2 4 12 9 9 8 7 6 4 3 3 2 2 1 0 0 0 0 0 0 0 0 0 0 0 0 0 0 0 0 0 0 0 0 0 0 0 0 0 0 0 0 0 0 0 0 0 0 0 0 0 0 0 0 0 0 0 0 0 0 0 0 0 0 0 0 0 0 0 0
0 0 0 0 0 0 0 0 0 0 0 0 0 0 47 43 37 45 73 62 22 59 82 4 4 4 4 5 4 4 3 3 1 1 3 3 3 3 2 0 0 0 0 0 0 0 0 0 0 0 0 0 0 0 0 0 0 0 0 0 0 0 0 0 0 0 0 0 0 0 0 0 0 0 0 0 0 0 0 0 0 0 0 0 0 0 0 0 0 0 0 0 0 0 0 0
0 0 0 0 0 0 0 0 0 0 0 0 0 179 105 72 48 75 84 38 38 74 40 7 6 6 6 8 4 3 0 0 0 0 0 3 3 3 3 0 0 0 0 0 0 0 0 0 0 0 0 0 0 0 0 0 0 0 0 0 0 0 0 0 0 0 0 0 0 0 0 0 0 0 0 0 0 0 0 0 0 0 0 0 0 0 0 0 0 0 0 0 0 0 0 0
0 0 0 0 0 0 0 0 0 0 0 0 0 75 150 93 44 79 73 29 83 133 50 9 8 5 3 2 1 1 0 0 0 0 2 3 3 3 3 2 1 0 0 0 0 0 0 0 0 0 0 0 0 0 0 0 0 0 0 0 0 0 0 0 0 0 0 0 0 0 0 0 0 0 0 0 0 0 0 0 0 0 0 0 0 0 0 0 0 0 0 0 0 0 0 0
0 0 0 0 0 0 0 0 0 0 0 0 0 47 60 40 43 62 72 36 141 163 31 12 3 1 1 1 1 1 1 1 1 0 3 3 3 3 3 3 3 2 0 0 0 0 0 0 0 0 0 0 0 0 0 0 0 0 0 0 0 0 0 0 0 0 0 0 0 0 0 0 0 0 0 0 0 0 0 0 0 0 0 0 0 0 0 0 0 0 0 0 0 0 0 0
0 0 0 0 0 0 0 0 0 0 0 0 0 41 41 47 74 71 74 48 79 103 22 4 2 1 1 1 1 1 1 1 1 2 3 3 3 3 3 3 3 3 0 0 0 0 0 0 0 0 0 0 0 0 0 0 0 0 0 0 0 0 0 0 0 0 0 0 0 0 0 0 1 1 0 0 0 0 0 0 0 0 0 0 0 0 0 0 0 0 0 0 0 0 0 0
0 0 0 0 0 0 0 0 0 0 0 0 0 27 37 62 138 93 80 44 50 86 35 2 2 1 1 1 1 1 1 1 2 3 3 3 3 3 3 3 3 3 2 1 0 0 0 0 0 0 0 0 0 0 0 0 0 0 0 0 0 0 0 0 0 0 0 0 0 0 0 0 1 1 1 0 0 0 0 0 0 0 0 0 0 0 0 0 0 0 0 0 0 0 9 0
0 0 0 0 0 0 0 0 0 0 0 0 0 24 26 332 274 163 89 76 26 24 6 3 3 3 2 1 1 1 1 1 1 1 3 3 3 3 3 3 3 3 3 2 0 0 0 0 0 1 0 0 0 0 0 0 0 0 0 0 0 0 0 0 0 0 0 0 0 1 1 1 1 1 1 1 1 0 0 0 0 0 0 0 0 0 0 0 0 0 0 0 0 60 87 68
0 0 0 0 0 0 0 0 0 0 0 0 0 25 201 416 289 37 66 35 38 32 5 5 4 4 4 2 1 1 1 1 1 1 1 3 3 3 3 3 3 3 3 2 1 1 1 1 2 3 2 2 3 1 0 0 0 0 0 0 0 0 0 0 0 0 1 1 1 1 1 1 1 1 1 1 1 1 1 1 0 0 0 0 0 0 0 0 0 0 0 0 3 80 88 75
0 0 0 0 0 0 0 0 0 0 0 0 0 0 238 419 314 43 80 50 69 57 6 9 4 4 4 4 2 1 1 1 1 1 1 1 3 3 3 3 3 3 3 3 3 3 3 3 3 3 3 3 3 3 3 1 0 1 1 0 0 1 1 1 0 1 1 1 1 1 1 1 1 1 0 1 1 1 1 1 1 0 0 0 0 0 0 0 1 0 1 0 13 88 88 85
0 0 0 0 0 0 0 0 0 0 0 0 0 0 420 420 141 37 109 112 105 34 5 7 5 3 2 2 2 2 1 1 1 1 1 1 3 3 3 3 3 3 3 3 2 1 1 2 3 3 3 3 3 3 3 2 0 1 1 1 1 1 1 2 2 1 1 0 0 1 1 1 0 0 0 1 1 1 1 1 1 1 1 1 0 0 1 1 1 1 6 6 7 69 88 88
0 0 0 0 0 0 0 0 0 0 0 0 0 0 0 0 145 40 37 74 51 15 4 4 2 2 2 2 2 2 2 1 1 1 1 1 3 3 3 3 3 3 3 3 3 3 2 1 1 1 2 3 3 3 2 0 0 1 1 1 1 1 1 1 0 0 0 0 0 0 1 0 0 1 1 1 1 1 1 1 1 1 1 1 0 0 1 1 1 1 3 8 8 13 37 51
0 0 0 0 0 0 0 0 0 0 0 0 0 0 0 0 229 45 28 21 8 6 5 3 2 2 2 2 2 2 2 1 1 1 1 1 2 3 3 3 3 3 3 3 3 3 3 2 1 1 1 1 1 1 1 5 6 1 1 1 1 1 1 1 0 0 0 0 0 0 0 0 0 1 1 1 2 2 1 1 1 1 1 1 0 0 1 1 2 1 1 4 8 7 4 6
0 0 0 0 0 0 0 0 0 0 0 0 0 0 58 25 44 33 40 18 6 8 5 2 2 2 2 2 2 2 2 1 1 1 1 1 1 2 3 3 3 3 3 3 3 3 3 2 1 1 1 1 1 1 3 6 6 2 1 1 1 1 1 1 0 0 0 0 0 0 0 0 1 1 1 1 2 2 2 1 1 1 1 1 1 1 0 1 2 2 3 7 8 4 4 5
0 0 0 0 0 0 0 0 0 0 0 0 0 16 62 25 31 31 57 40 12 13 4 2 2 2 2 2 2 2 2 1 1 1 1 1 1 1 2 3 3 3 3 3 3 3 2 1 1 1 1 1 1 1 2 6 7 8 3 1 1 0 0 0 0 0 0 0 0 0 0 0 1 1 1 2 2 2 2 1 1 1 1 1 1 1 1 1 1 1 1 2 3 3 5 5
0 0 0 0 0 0 0 0 0 0 0 0 0 27 22 27 27 28 33 42 10 2 2 2 2 2 2 2 2 2 2 1 1 1 1 1 1 1 1 2 3 3 3 3 3 3 1 1 1 1 1 1 1 1 1 2 8 8 2 1 0 0 0 0 0 0 0 0 0 0 0 0 1 2 2 2 2 1 1 1 1 1 1 1 1 1 1 1 1 1 0 1 2 3 4 3
0 0 0 0 0 0 0 0 0 0 0 43 46 48 27 25 29 33 40 40 3 2 2 2 2 2 2 2 2 2 2 2 1 1 1 1 1 1 1 1 3 2 3 3 3 3 1 1 1 1 1 0 0 0 0 1 4 4 1 1 0 0 0 0 0 0 0 0 0 1 1 1 2 2 2 2 1 1 1 1 1 1 1 1 1 1 1 1 0 0 0 0 0 0 0 1
0 0 0 0 0 0 0 0 0 0 0 43 46 48 47 33 26 26 21 4 7 9 5 3 2 2 2 2 2 2 2 2 1 1 1 1 1 1 1 1 1 1 2 2 1 1 1 1 0 0 0 0 0 0 0 2 2 1 1 1 0 0 0 0 0 1 1 1 1 1 1 2 2 2 2 1 1 1 1 1 1 1 1 1 1 1 1 0 0 0 0 0 0 0 0 0
0 0 0 0 0 0 0 0 0 0 0 40 44 47 45 37 27 26 20 7 22 17 12 2 2 2 2 2 2 2 2 2 2 1 1 1 1 1 1 1 1 1 1 1 1 1 0 0 0 0 0 0 0 0 0 1 1 1 1 0 0 0 0 0 1 1 1 1 1 1 2 2 2 2 1 1 1 1 1 1 1 1 1 0 0 0 0 0 0 0 1 1 0 0 0 0
0 0 0 0 0 0 0 0 0 0 0 39 41 45 43 41 40 31 29 26 26 15 12 5 2 2 2 2 2 2 2 2 2 2 1 1 1 1 1 1 1 1 1 1 1 0 0 0 0 0 0 0 0 0 0 1 1 1 0 0 0 0 0 0 1 1 1 1 1 2 2 2 2 1 1 1 1 1 1 1 1 0 0 0 0 0 0 0 0 1 1 1 1 0 0 0
0 0 0 0 0 0 0 0 0 0 0 39 44 45 44 41 41 32 29 30 29 22 13 12 7 4 2 2 2 2 2 2 2 1 1 1 1 1 1 1 1 1 1 1 0 0 0 0 0 0 0 0 0 0 1 1 1 0 0 0 0 0 0 1 1 1 1 1 2 2 1 1 1 1 1 1 1 1 1 1 0 0 0 0 0 0 0 0 1 1 1 1 0 0 0 0
0 0 0 0 0 0 0 0 0 0 0 0 0 45 45 44 30 31 34 36 36 24 22 22 11 19 10 6 2 2 2 2 2 1 1 1 1 1 0 0 1 1 1 1 0 0 0 0 0 0 0 0 0 0 2 1 0 0 0 0 0 0 0 1 1 1 1 0 0 0 0 0 0 0 1 1 1 1 0 0 0 0 0 0 0 0 0 1 1 1 1 1 1 1 0 0
0 0 0 0 0 0 0 0 0 0 0 0 0 45 41 32 23 27 36 36 40 27 26 14 9 29 26 17 9 2 4 2 2 1 1 1 1 1 0 0 1 1 1 1 0 0 0 0 0 0 0 0 0 1 2 1 0 0 0 0 0 0 0 1 1 1 0 0 0 0 0 0 0 0 0 0 0 0 0 0 0 0 0 0 0 0 1 1 1 1 1 1 1 1 0 0
0 0 0 0 0 0 0 0 0 0 0 0 0 44 26 23 23 23 42 48 49 41 19 15 14 16 21 20 16 15 15 8 9 3 1 1 1 1 1 1 1 1 1 0 0 0 0 0 0 0 0 0 0 1 1 0 0 0 0 0 0 0 0 0 0 0 0 0 0 0 0 0 0 0 0 0 0 0 0 0 0 0 0 0 0 0 1 1 1 1 1 1 1 1 0 0
0 0 0 0 0 0 0 0 0 0 0 0 0 0 0 0 24 33 48 47 49 48 33 16 14 10 8 12 13 17 19 19 21 15 1 1 1 1 1 1 1 1 1 0 0 0 0 0 0 0 0 0 0 2 1 0 0 0 1 0 0 0 0 0 0 0 0 0 0 0 0 0 0 0 0 0 0 0 0 0 0 0 0 0 0 1 1 1 1 1 1 1 1 1 0 0
0 0 0 0 0 0 0 0 0 0 0 0 0 0 0 0 43 91 151 52 35 64 54 25 15 5 3 3 8 12 16 19 20 12 1 1 1 1 1 1 1 1 0 0 0 0 0 0 0 0 0 1 2 1 1 1 1 1 1 0 0 0 0 0 0 0 0 0 0 0 0 0 0 0 0 0 0 0 0 0 0 0 0 0 1 1 1 1 1 1 1 1 1 1 0 0
0 0 0 0 0 0 0 0 0 0 0 0 0 0 0 0 0 0 175 51 28 57 47 32 13 3 3 3 3 6 10 4 6 4 1 1 1 1 1 1 1 1 0 0 0 0 0 0 0 0 1 1 1 1 1 1 1 1 1 0 0 0 0 0 0 0 0 0 0 0 0 0 0 0 0 0 0 0 0 0 0 0 0 1 0 0 1 1 1 1 1 1 1 1 0 0
0 0 0 0 0 0 0 0 0 0 0 0 0 0 0 0 0 0 54 24 30 71 80 42 15 4 3 4 4 4 5 6 1 1 1 1 1 1 1 1 1 1 1 1 1 1 0 1 1 1 1 1 1 1 1 1 1 1 0 0 0 0 0 0 0 0 0 0 0 0 0 0 0 0 0 0 0 0 0 0 0 0 1 1 0 0 1 1 1 1 1 0 0 0 0 0
0 0 0 0 0 0 0 0 0 0 0 0 0 0 0 0 0 0 62 19 12 46 70 39 28 6 4 4 4 4 4 3 1 1 1 1 1 1 1 2 1 1 1 1 1 1 1 1 1 1 1 1 1 1 1 1 1 1 0 0 0 0 0 0 0 0 0 0 0 0 0 0 0 0 0 0 0 0 0 0 0 0 1 1 1 1 1 1 1 1 1 0 0 0 0 0
0 0 0 0 0 0 0 0 0 0 0 0 0 0 0 0 0 0 54 39 30 43 39 37 41 15 4 4 4 4 4 4 1 1 1 1 1 1 2 6 4 1 1 1 2 2 2 1 1 1 1 1 1 1 1 1 1 1 0 0 0 0 0 0 0 0 0 0 0 0 0 0 0 0 0 0 0 0 0 0 0 0 1 1 1 1 1 1 1 1 1 0 0 0 0 0
0 0 0 0 0 0 0 0 0 0 0 0 0 0 0 0 0 0 0 53 92 47 38 36 41 25 6 4 5 7 5 4 2 1 1 1 1 2 5 7 6 2 1 2 3 3 3 2 1 1 1 1 1 1 1 1 1 0 0 0 0 0 0 0 0 0 0 0 0 0 0 0 0 0 0 0 0 0 0 0 0 1 2 2 1 1 1 1 1 1 1 0 0 0 0 0
0 0 0 0 0 0 0 0 0 0 0 0 0 0 0 0 0 0 0 133 133 74 28 15 14 14 13 12 10 10 9 4 3 1 3 4 6 7 7 7 7 5 3 3 3 3 3 1 1 1 1 1 1 1 1 1 1 0 0 0 1 1 1 1 0 0 0 0 0 0 0 0 0 0 0 0 0 0 0 0 0 4 5 5 5 2 1 1 1 1 1 1 0 0 0 0
0 0 0 0 0 0 0 0 0 0 0 0 0 0 0 0 0 0 0 0 133 119 32 14 13 19 17 16 12 10 9 8 3 2 4 5 7 7 7 7 7 6 4 3 3 3 3 1 1 1 1 1 1 1 1 1 1 0 0 0 1 1 1 1 1 0 0 0 0 0 0 0 0 0 0 0 0 0 0 0 3 5 5 5 5 5 2 1 1 1 0 0 0 0 0 0
0 0 0 0 0 0 0 0 0 0 0 0 0 0 0 0 0 0 0 0 0 133 102 33 14 20 21 7 8 7 6 11 4 4 4 4 6 4 6 7 7 7 6 3 3 3 3 1 1 1 1 1 1 1 1 1 1 1 1 1 1 1 1 1 1 1 1 1 0 0 0 0 0 0 0 0 0 0 0 1 5 0 5 5 5 5 4 1 1 1 0 0 0 0 0 0
0 0 0 0 0 0 0 0 0 0 0 0 0 0 0 0 0 0 0 0 0 113 84 84 36 27 32 14 6 6 6 16 10 4 4 4 3 4 7 7 7 7 7 6 3 3 3 2 1 1 1 1 1 1 1 1 1 0 0 1 1 1 1 1 1 1 1 1 0 0 0 0 0 0 0 0 1 1 1 3 5 0 5 5 5 4 1 1 1 1 0 0 0 0 0 0
0 0 0 0 0 0 0 0 0 0 0 0 0 0 0 0 0 0 0 0 0 84 83 75 32 43 33 31 15 11 16 22 17 4 4 3 3 5 7 7 7 7 7 6 3 3 3 3 1 1 1 1 1 1 0 0 0 0 1 1 1 1 1 1 1 1 1 1 0 0 0 0 0 0 0 0 4 5 5 5 5 5 5 5 5 5 2 1 1 1 0 0 0 0 0 0
0 0 0 0 0 0 0 0 0 0 0 0 0 0 0 0 0 0 0 0 0 0 0 21 42 52 37 24 22 19 24 21 22 14 6 3 3 6 7 7 7 7 7 4 2 2 3 2 1 1 1 1 1 0 0 0 0 1 1 1 1 2 9 11 7 3 1 0 0 0 1 2 1 1 3 3 5 5 5 5 5 5 5 5 5 6 3 1 1 1 0 0 0 0 0 0
0 0 0 0 0 0 0 0 0 0 0 0 0 0 0 0 0 0 0 0 0 0 0 14 47 53 40 23 20 21 45 42 45 26 4 3 3 4 6 5 3 6 7 2 1 1 1 1 1 1 1 1 0 0 0 0 1 1 1 1 1 8 12 12 12 12 8 3 1 2 5 5 5 5 5 5 5 5 5 5 5 5 6 6 6 5 2 1 1 3 0 0 0 0 0 0
0 0 0 0 0 0 0 0 0 0 0 0 0 0 0 0 0 0 0 0 0 0 0 7 22 10 8 16 22 22 44 43 20 6 3 4 4 4 3 1 1 1 4 3 1 1 1 1 1 1 1 0 0 0 0 0 1 1 1 1 1 9 12 12 12 12 10 7 5 4 2 1 1 1 1 5 5 5 5 5 5 5 6 6 6 6 4 1 6 12 0 0 0 0 0 0
