meteoriteanalysis/data/pop/popdens/gpw_pop_density_qd_1990a.asc
ncols 1440 
nrows 720
xllcorner -180
yllcorner -90
cellsize .25
NODATA_value -99
[rows 240 to 319 of 720, columns 864 to 959 of 1440]
4 4 4 3 3 2 2 2 2 2 2 2 2 2 2 2 2 2 2 2 2 3 3 3 3 3 3 3 3 3 13 9 6 6 6 6 6 6 6 6 6 6 24 91 112 124 124 124 124 0 0 0 0 0 0 0 0 28 28 28 28 28 28 28 28 28 28 28 28 28 28 28 28 21 11 11 11 11 11 11 11 11 11 11 11 11 11 11 11 11 11 11 11 9 8 8
4 4 3 2 2 2 2 2 2 2 2 2 2 2 2 2 2 2 2 3 3 3 3 3 3 3 3 3 3 3 6 6 6 6 6 6 6 6 6 6 6 6 28 97 124 124 124 0 0 0 0 0 0 0 0 0 0 0 0 28 28 28 28 28 28 28 28 28 28 28 28 28 28 28 16 11 11 11 11 11 11 11 11 11 11 11 11 11 11 11 11 11 11 9 8 8
4 3 2 2 2 2 2 2 2 2 2 2 2 2 2 2 2 2 2 3 3 3 3 3 3 3 3 3 3 3 3 3 4 5 6 5 3 1 2 4 5 6 65 116 124 124 124 0 0 0 0 0 0 0 0 0 0 0 0 28 28 28 28 28 28 28 28 28 28 28 28 28 28 28 28 26 13 11 11 11 11 11 11 11 11 11 11 11 11 11 11 11 11 10 8 8
2 2 2 2 2 2 2 2 2 2 2 2 2 2 2 2 2 2 3 3 3 3 3 3 3 3 3 3 3 3 3 3 3 3 3 2 0 0 0 0 0 2 62 103 105 119 124 124 124 0 0 0 0 0 0 0 0 0 0 28 28 28 28 28 28 28 28 28 28 28 28 28 28 28 28 28 19 11 11 11 11 11 11 11 11 11 11 11 11 11 11 11 11 9 8 8
3 2 2 2 2 2 3 2 2 2 2 2 2 2 2 2 2 3 3 3 4 4 3 4 3 3 3 3 3 3 3 3 3 3 3 3 3 1 1 1 2 2 2 2 2 3 97 124 124 0 0 0 0 0 0 0 0 0 0 28 28 28 28 28 28 28 28 28 28 28 28 28 28 28 28 28 26 13 11 12 12 11 11 11 11 11 11 11 11 11 11 11 11 9 8 8
4 3 3 3 3 3 4 2 2 2 2 2 2 2 2 3 4 5 5 5 5 5 5 5 5 5 3 4 3 3 3 3 3 3 3 3 3 3 2 2 2 2 2 2 2 2 51 111 109 102 0 0 0 0 0 0 0 0 0 0 0 28 28 28 28 28 28 28 28 28 28 28 28 28 28 28 28 20 13 13 12 11 11 11 11 11 11 11 11 11 11 11 10 9 8 8
4 4 4 4 4 4 4 3 2 2 2 2 3 4 5 5 5 5 5 5 5 5 5 5 5 5 5 5 4 4 4 3 3 3 3 3 3 3 2 2 2 2 2 2 2 2 2 2 2 2 0 0 0 0 0 0 0 0 0 0 0 28 28 28 28 28 28 28 28 28 28 28 28 28 28 28 28 28 16 13 12 11 11 12 11 11 11 11 11 11 11 10 9 8 8 8
4 4 4 4 4 4 4 4 4 4 4 4 4 5 5 5 5 5 5 5 5 5 5 5 5 5 5 5 5 5 5 4 3 3 3 3 3 2 2 2 2 2 2 2 2 2 2 2 2 2 0 0 0 0 0 0 0 0 0 0 0 28 28 28 28 28 28 28 28 28 28 28 28 28 28 28 28 28 14 13 13 13 13 13 11 11 11 11 11 11 11 10 8 8 8 8
4 4 4 4 4 4 4 4 4 4 4 4 4 4 4 5 5 5 5 5 5 5 5 5 5 5 5 5 5 5 5 5 4 3 3 3 2 2 2 2 2 2 2 2 2 2 2 2 2 2 0 0 0 0 0 0 0 0 0 0 0 0 0 0 28 28 28 28 28 28 28 28 28 28 28 28 28 24 17 13 13 13 13 13 13 11 11 11 11 11 11 10 8 8 8 8
4 4 4 4 4 4 4 4 4 4 4 4 4 4 4 5 5 5 5 5 5 5 5 5 5 5 5 5 5 5 5 5 5 5 4 3 2 2 2 2 2 2 2 2 2 2 2 2 2 2 2 0 0 0 0 0 0 0 0 0 0 0 0 0 28 28 28 28 28 28 28 28 28 27 27 27 23 13 13 13 13 13 13 13 13 12 11 11 11 11 11 10 8 8 8 8
4 4 4 4 6 6 6 5 4 4 4 4 4 4 4 4 5 5 5 5 5 5 5 5 5 5 5 5 5 5 5 4 5 5 7 9 6 2 2 2 2 2 2 2 2 2 2 2 2 2 2 2 2 2 0 0 0 0 0 0 0 0 0 0 0 0 25 21 26 28 28 28 15 13 13 13 13 13 13 13 13 13 13 13 13 12 11 11 11 11 11 8 8 8 8 8
4 4 4 6 9 9 9 7 5 4 4 4 4 4 4 4 5 5 5 5 5 5 5 5 5 5 5 5 5 4 4 4 4 4 4 8 9 7 4 2 2 2 2 2 2 2 2 2 2 2 2 2 2 2 2 0 0 0 0 0 0 0 0 0 0 0 0 0 0 0 17 18 13 13 13 13 13 13 13 13 13 0 0 0 13 13 11 11 11 11 11 9 8 8 8 8
4 4 4 5 9 9 9 9 8 6 6 6 4 4 4 4 5 5 5 5 5 5 5 5 5 5 5 5 4 4 4 4 4 4 6 9 9 9 9 6 5 2 2 2 2 2 2 2 2 2 2 2 2 2 2 0 0 0 0 0 0 0 0 0 0 0 0 0 0 0 0 13 13 13 13 13 13 13 13 13 13 0 0 0 13 13 13 13 12 11 11 10 8 8 8 8
0 4 4 4 6 8 9 9 9 9 9 9 8 7 8 6 5 5 5 5 5 5 5 5 5 5 4 4 4 4 4 4 4 6 9 9 9 9 9 9 9 9 5 4 2 2 2 2 2 2 2 2 2 2 2 0 0 0 0 0 0 0 0 0 0 0 0 0 0 0 0 0 0 0 13 13 0 0 0 0 0 0 0 0 13 13 13 13 12 11 11 10 8 8 8 8
0 4 4 4 5 9 9 9 9 9 9 9 9 9 9 6 5 5 5 5 5 5 5 5 5 4 4 4 4 4 4 4 4 6 9 9 9 9 9 9 9 9 9 9 6 3 2 2 2 2 2 2 2 2 2 0 0 0 0 0 0 0 0 0 0 0 0 0 0 0 0 0 0 0 13 13 0 0 0 0 0 0 0 0 13 13 13 13 12 11 11 10 8 8 8 8
0 0 0 4 4 7 8 9 9 9 9 9 9 9 9 8 5 5 5 5 5 5 5 5 4 4 4 4 4 4 4 4 4 4 8 9 9 9 9 9 9 9 9 9 9 8 2 2 2 2 2 2 2 2 2 0 0 786 786 0 0 44 0 0 0 0 0 0 0 0 0 0 0 0 0 0 0 0 0 0 0 0 0 0 13 13 13 13 13 13 12 10 8 8 8 8
0 0 0 4 4 4 6 9 9 9 9 9 9 9 9 7 5 5 5 5 5 5 5 4 4 4 4 4 4 4 4 4 4 4 5 9 9 9 9 9 9 9 9 9 9 9 2 2 2 2 2 2 2 2 2 2 2 0 0 44 44 44 0 0 0 0 0 0 0 0 0 0 0 0 0 0 0 0 0 0 33 0 0 0 0 0 0 13 13 13 13 12 8 8 8 8
0 0 0 4 4 4 4 7 9 9 9 9 9 9 9 8 5 5 5 6 6 5 4 4 4 4 4 4 4 4 4 4 6 5 6 9 9 9 9 9 9 9 9 9 9 9 2 2 2 2 2 2 2 2 2 2 2 0 0 44 44 44 0 0 0 0 0 0 0 0 0 0 0 0 0 0 0 0 0 46 35 0 0 0 0 0 0 0 13 13 13 13 11 8 8 8
0 0 0 0 4 4 4 4 8 9 9 9 9 9 9 8 6 7 8 9 9 9 7 4 4 4 4 4 4 4 4 7 9 9 9 9 9 9 9 9 9 9 9 9 9 9 2 2 2 2 2 2 2 2 2 2 2 2 2 44 44 44 0 0 0 0 0 0 0 0 0 0 0 0 0 0 0 0 156 72 47 0 0 0 0 0 0 0 0 0 0 0 0 0 0 0
0 0 0 0 0 4 4 5 9 9 9 9 9 9 9 9 9 9 9 9 9 9 7 4 4 4 4 4 4 8 9 9 9 9 9 9 9 9 9 9 9 9 9 9 9 9 2 2 2 2 2 2 2 2 2 2 2 2 2 44 44 44 0 0 0 0 0 0 0 0 0 0 0 0 0 0 0 130 128 114 49 0 0 0 0 0 0 0 0 0 0 0 0 0 0 0
0 0 0 0 0 4 4 5 9 9 9 9 9 9 9 9 9 9 9 9 9 9 9 7 4 4 4 4 7 9 9 9 9 9 9 9 9 9 9 9 9 9 9 9 9 9 2 2 2 2 2 2 2 2 2 2 2 2 2 44 44 44 0 0 0 0 0 0 0 0 0 0 0 0 13 13 108 130 128 56 47 0 0 0 0 0 0 0 0 0 0 0 0 0 0 0
0 0 0 0 0 0 8 9 9 9 9 9 9 9 9 9 9 9 9 9 9 9 9 8 8 9 8 8 9 9 9 9 9 9 9 9 9 9 9 9 9 9 9 9 9 9 7 3 2 2 2 2 2 2 2 2 2 2 2 18 36 0 0 0 0 0 0 0 0 0 0 0 0 0 13 13 49 82 45 12 17 0 0 0 0 0 0 0 0 0 0 0 0 0 0 0
0 0 0 0 0 0 9 9 9 9 9 9 9 9 9 9 9 9 9 9 9 9 9 9 9 9 9 9 9 9 9 9 9 9 9 9 9 9 9 9 9 9 9 9 9 9 9 9 3 2 2 2 2 2 2 2 2 2 2 2 8 0 0 0 0 0 0 0 0 0 0 0 0 0 13 13 13 13 13 7 3 28 65 0 0 0 0 0 0 0 0 0 0 0 0 0
0 0 0 0 0 0 0 0 9 9 9 9 9 9 9 9 9 9 9 9 9 9 9 9 9 9 9 9 9 9 9 9 9 9 9 9 9 9 9 9 9 9 9 9 9 9 9 9 9 2 2 2 2 2 2 2 2 2 2 2 3 8 13 13 0 0 13 13 13 13 13 13 13 13 13 13 13 13 13 15 9 35 48 41 0 0 0 0 0 0 0 0 0 0 0 0
0 0 0 0 0 0 0 0 9 9 9 9 9 9 9 9 9 9 9 9 9 9 9 20 9 9 9 9 9 9 9 9 9 9 9 9 9 9 9 9 9 9 9 9 9 9 9 9 9 4 2 2 2 2 2 2 2 2 2 2 2 2 5 13 0 0 13 13 13 13 13 13 13 13 13 13 13 13 21 15 4 4 13 20 0 0 0 0 0 0 0 0 0 0 0 0
0 0 0 0 0 0 0 0 0 0 9 9 9 9 9 9 9 9 9 9 9 9 14 23 16 9 9 9 9 9 9 9 9 9 9 9 9 9 9 9 9 9 9 9 9 9 9 9 9 3 2 2 2 2 2 2 2 2 2 2 2 2 2 11 13 13 13 13 13 13 13 13 13 13 13 13 13 12 7 2 2 3 4 10 14 56 76 79 177 584 652 0 0 0 0 0
0 0 0 0 0 0 0 0 0 0 18 19 10 9 9 9 9 9 9 9 9 18 23 23 21 9 9 9 9 9 9 9 9 9 9 9 9 9 9 9 9 9 9 9 9 9 9 9 9 2 2 2 2 2 2 2 2 2 2 2 2 2 2 7 13 13 13 13 13 13 13 13 13 13 13 13 13 8 2 2 3 4 4 4 5 25 22 13 32 58 103 0 0 0 0 0
0 0 0 0 0 0 0 0 0 0 0 23 21 18 14 16 9 9 9 9 10 19 23 23 23 12 9 9 9 9 9 9 9 9 9 9 9 9 9 9 9 9 9 9 9 9 9 9 9 2 2 2 2 2 2 2 2 2 2 2 2 2 2 3 13 13 13 13 13 13 13 13 13 13 13 13 12 3 3 4 4 4 4 3 3 18 31 15 18 12 11 11 11 0 0 0
0 0 0 0 0 0 0 0 0 0 0 23 23 23 23 19 9 9 9 13 22 23 23 23 23 22 19 18 10 9 9 9 9 9 9 9 9 9 9 9 9 9 9 9 9 9 9 9 8 2 2 2 2 2 2 2 2 2 2 2 2 2 2 2 3 5 6 8 10 12 13 13 13 13 13 13 12 4 4 4 4 4 4 5 10 24 21 13 13 8 7 8 13 0 0 0
0 0 0 0 0 0 0 0 0 0 0 23 23 23 23 23 13 14 15 23 23 23 23 23 23 23 23 23 11 12 9 9 9 9 9 9 9 9 9 9 9 9 9 9 9 9 9 9 7 2 2 2 2 2 2 2 2 2 2 2 2 2 2 2 2 2 2 2 2 2 3 5 6 8 10 12 8 4 4 4 4 4 7 11 10 5 4 6 8 7 5 1 6 0 0 0
1 1 1 0 0 0 0 0 0 0 0 0 0 23 23 23 23 23 23 23 23 23 23 23 23 23 23 23 23 21 9 9 9 9 9 9 9 9 9 9 9 9 9 9 9 9 9 9 6 2 2 2 2 2 2 2 2 2 2 2 2 2 2 2 2 2 2 2 2 2 2 2 2 2 2 2 2 3 4 4 4 4 7 4 1 1 1 4 8 7 2 1 3 7 0 0
1 1 1 0 0 0 0 0 0 0 0 0 0 23 23 23 23 23 23 23 23 23 23 23 23 23 23 23 23 22 9 9 9 9 9 9 9 9 9 9 9 9 9 9 9 9 9 9 5 2 2 2 2 2 2 2 2 2 2 2 2 2 2 2 2 2 2 2 2 2 2 2 2 2 2 2 2 2 3 4 4 3 1 1 1 1 1 2 8 6 1 1 6 17 0 0
1 1 1 0 0 0 0 0 0 0 0 23 23 23 23 23 23 23 23 23 23 23 23 23 23 23 23 23 23 21 10 9 9 9 9 9 9 9 9 9 9 9 9 9 9 9 9 9 4 2 2 2 2 2 2 2 2 2 2 2 2 2 2 2 2 2 2 2 2 2 2 2 2 2 2 2 2 2 2 2 1 0 0 1 1 1 1 1 7 5 1 1 10 12 0 0
1 1 1 1 0 0 0 0 0 0 0 0 0 23 23 23 23 23 23 23 23 23 23 23 23 23 23 23 23 19 9 9 9 9 9 9 9 9 9 9 9 9 9 9 9 9 9 9 3 2 2 2 2 2 2 2 2 2 2 2 2 2 2 2 2 2 2 2 2 2 2 2 2 2 2 2 2 2 1 0 0 0 0 0 0 1 1 1 6 4 1 2 12 0 0 0
1 1 1 1 1 0 0 0 0 0 0 0 0 23 23 23 23 23 23 23 23 23 23 23 23 23 23 23 23 18 9 9 9 9 9 9 9 9 9 9 9 9 9 9 9 9 9 9 2 2 2 2 2 2 2 2 2 2 2 2 2 2 2 2 2 2 2 2 2 2 2 2 2 2 2 2 2 2 0 0 0 0 0 0 0 0 0 1 2 3 1 1 7 0 0 0
1 1 1 1 1 0 0 0 0 0 0 0 0 23 23 23 23 23 23 23 23 23 23 23 23 23 23 23 23 23 13 9 9 9 9 9 9 9 9 9 9 9 9 9 9 9 9 8 2 2 2 2 2 2 2 2 2 2 2 2 2 2 2 2 2 2 2 2 2 2 2 2 2 2 2 2 2 1 0 0 0 0 0 0 0 0 0 0 0 2 1 0 0 0 0 0
1 1 1 1 1 0 0 0 0 0 0 0 0 23 23 23 23 23 23 23 23 27 23 23 23 23 23 23 23 23 21 12 9 9 9 9 9 9 9 9 9 9 9 9 9 9 9 7 2 2 2 2 2 2 2 2 2 2 2 2 2 2 2 2 2 2 2 2 2 2 2 2 2 2 2 2 2 0 0 0 0 0 0 0 0 0 0 0 0 0 0 0 0 0 0 0
1 1 1 1 1 0 0 0 0 0 0 0 0 0 0 23 23 23 23 23 31 169 92 129 29 23 23 22 22 22 22 21 11 9 9 9 9 9 9 9 9 9 9 9 9 9 9 6 2 2 2 2 2 2 2 2 2 2 2 2 2 2 2 2 2 2 2 2 2 2 2 2 2 2 2 2 2 0 0 0 0 0 0 0 0 0 0 0 0 0 0 0 0 0 0 0
1 1 1 1 1 0 0 0 0 0 0 0 0 0 0 0 23 23 23 23 61 199 200 191 32 23 22 22 22 22 22 21 10 9 9 9 9 9 9 9 9 9 9 9 9 9 9 5 2 2 2 2 2 2 2 2 2 2 2 2 2 2 2 2 2 2 2 2 2 2 2 2 2 2 2 2 1 0 0 0 0 0 0 0 0 0 0 0 0 0 0 0 0 0 0 0
1 1 1 1 1 0 0 0 0 0 0 0 0 0 0 0 23 23 23 116 192 200 200 85 22 22 22 22 22 22 22 20 10 9 9 9 9 9 9 9 9 9 9 9 9 9 9 4 2 2 2 2 2 2 2 2 2 2 2 2 2 2 2 2 2 2 2 2 2 2 2 2 2 2 2 2 0 0 0 0 0 0 0 0 0 0 0 0 0 0 0 0 0 0 0 0
1 1 1 1 1 0 0 0 0 0 0 0 0 0 0 0 0 0 0 0 200 199 168 29 22 22 22 22 22 22 22 22 15 9 9 9 9 9 9 9 9 9 9 9 9 9 9 3 2 2 2 2 2 2 2 2 2 2 2 2 2 2 2 2 2 2 2 2 2 2 2 2 2 2 1 0 0 0 0 0 0 0 0 0 0 0 0 0 0 0 0 0 0 0 0 0
1 1 1 1 10 0 0 0 0 0 0 0 0 0 0 0 0 0 0 0 195 146 23 23 22 22 22 22 22 22 22 22 22 16 9 9 9 9 9 9 9 9 9 9 9 9 9 2 2 2 2 2 2 2 2 2 2 2 2 2 2 2 2 2 2 2 2 2 2 2 2 1 0 0 0 0 0 0 0 0 0 0 0 0 0 0 0 0 0 0 0 0 0 0 0 0
1 1 1 1 71 0 0 0 0 0 0 0 0 0 0 0 0 0 0 0 65 65 23 23 22 22 22 22 22 22 22 22 22 21 5 8 9 9 9 8 8 7 6 6 5 4 3 2 2 2 2 2 2 2 2 2 2 2 2 2 2 2 2 2 2 2 2 2 1 0 0 0 0 0 0 0 0 0 0 0 0 0 0 0 0 0 0 0 0 0 0 0 0 0 0 0
3 7 10 10 107 0 0 0 0 0 0 0 0 0 0 0 0 0 0 0 23 23 22 22 22 22 22 22 22 22 22 22 22 12 3 3 3 3 3 3 3 3 3 3 3 3 2 2 2 2 2 2 2 2 2 2 2 2 2 2 2 2 2 2 2 1 0 0 0 0 0 0 0 0 0 0 0 0 0 0 0 0 0 0 0 0 0 0 0 0 0 0 0 0 0 0
16 18 18 18 65 80 0 0 0 0 0 0 0 0 0 0 0 0 0 0 0 0 22 22 22 22 22 22 22 22 22 22 22 11 3 3 3 3 3 3 3 3 3 3 3 3 2 2 2 2 2 2 2 2 2 2 2 2 2 2 2 1 1 0 0 0 0 0 0 0 0 0 0 0 0 0 0 0 0 0 0 0 0 0 0 0 0 0 0 0 0 0 0 0 0 0
9 16 17 18 12 10 10 10 0 0 0 0 0 0 0 0 0 0 0 0 0 0 23 22 22 22 22 22 22 22 22 21 5 3 3 3 3 3 3 3 3 3 3 3 3 3 2 2 2 2 2 2 2 2 2 2 1 1 1 0 0 0 0 0 0 0 0 0 0 0 0 0 0 0 0 0 0 0 0 0 0 0 0 0 0 0 0 0 0 0 0 0 0 0 0 0
2 2 2 13 11 10 10 11 0 0 0 0 0 0 0 0 0 0 0 0 0 0 23 32 22 22 22 22 22 22 21 6 3 3 3 3 3 3 3 3 3 3 3 3 3 3 2 2 2 2 2 2 1 1 0 0 0 0 0 0 0 0 0 0 0 0 0 0 0 0 0 0 0 0 0 0 0 0 0 0 0 0 0 0 0 0 0 0 0 0 0 0 0 0 0 0
2 2 2 2 9 10 12 12 12 12 0 0 0 0 0 0 0 0 0 0 0 0 0 56 26 22 22 22 22 22 15 3 3 3 3 3 3 3 3 3 3 3 3 3 3 3 2 2 2 2 1 0 0 0 0 0 0 0 0 0 0 0 0 0 0 0 0 0 0 0 0 0 0 0 0 0 0 0 0 0 0 0 0 0 0 0 0 0 0 0 0 0 0 0 0 0
3 2 2 3 9 10 12 12 12 14 0 0 0 0 0 0 0 0 0 0 0 0 0 68 60 46 25 57 25 22 15 3 3 3 3 3 3 3 3 3 3 3 3 3 3 3 2 2 2 1 0 0 0 0 0 0 0 0 0 0 0 0 0 0 0 0 0 0 0 0 0 0 0 0 0 0 0 0 0 0 0 0 0 0 0 0 0 0 0 0 0 0 0 0 0 0
3 3 3 4 10 10 12 13 14 17 18 0 0 0 0 0 0 0 0 0 0 0 0 0 0 68 59 68 58 22 15 3 3 3 3 3 3 3 3 3 3 3 3 3 3 3 2 2 1 0 0 0 0 0 0 0 0 0 0 0 0 0 0 0 0 0 0 0 0 0 0 0 0 1 3 1 0 0 0 0 0 0 0 0 0 0 0 0 0 0 0 0 0 0 0 0
3 3 3 4 10 10 9 9 18 18 18 0 0 0 0 0 0 0 0 0 0 0 0 0 0 68 68 68 66 51 15 6 5 4 3 3 3 3 3 3 3 3 3 3 3 2 2 1 0 0 0 0 0 0 0 0 0 0 0 0 0 0 0 0 0 0 0 1 2 3 4 6 6 5 5 2 0 0 0 0 0 0 0 0 0 0 0 0 0 0 0 0 0 0 0 0
16 12 9 6 9 8 5 7 18 18 18 0 0 0 0 0 0 0 0 0 0 0 0 0 0 68 68 68 62 32 39 20 6 7 8 7 3 3 3 3 3 3 3 3 3 2 2 0 0 0 0 0 0 0 0 0 0 0 0 0 0 0 0 0 0 0 2 14 14 14 14 14 11 5 5 4 1 0 0 0 0 0 0 0 0 0 0 0 0 0 0 0 0 0 0 0
24 24 24 24 6 5 5 6 9 18 18 18 18 0 0 0 0 0 0 0 0 0 0 0 0 0 0 68 73 73 75 40 9 17 18 10 5 4 3 3 3 3 3 3 3 2 0 0 0 0 0 0 0 0 0 0 0 0 0 0 0 0 0 0 0 0 1 7 14 14 14 0 0 0 0 0 0 0 0 0 0 0 0 0 0 0 0 0 0 0 0 0 0 0 0 0
24 24 24 18 5 5 5 5 13 18 18 18 18 0 0 0 0 0 0 0 0 0 0 0 0 0 0 68 61 43 50 19 29 51 55 6 5 5 5 4 3 3 3 3 2 0 0 0 0 0 0 0 0 0 0 1 5 1 0 0 0 0 0 0 1 1 1 1 11 14 0 0 0 0 0 0 0 0 0 0 0 0 0 0 0 0 0 0 0 0 0 0 0 0 0 0
24 24 24 20 5 6 8 19 52 18 18 18 19 0 0 29 0 0 0 0 0 0 0 0 0 0 0 41 48 71 36 35 16 39 34 5 5 5 5 5 5 3 3 2 0 0 0 0 1 3 2 1 4 8 9 9 9 4 0 0 0 0 0 0 0 1 0 0 0 0 0 0 0 0 0 0 0 0 0 0 0 0 0 0 0 0 0 0 0 0 0 0 0 0 0 0
24 24 24 13 4 6 9 20 55 32 22 24 29 0 0 13 0 0 0 0 0 0 0 0 0 0 0 27 44 219 135 112 60 30 27 21 4 4 5 5 5 3 2 1 0 0 0 0 3 8 9 9 9 9 9 9 9 2 1 1 1 1 0 0 0 0 0 0 0 0 0 0 0 0 0 0 0 0 0 0 0 0 0 0 0 0 0 0 0 0 0 0 0 0 0 0
24 24 24 6 4 5 9 9 14 50 49 41 29 0 0 13 0 0 0 0 0 0 0 0 0 0 0 51 69 179 160 116 97 37 12 6 5 4 4 5 5 3 1 0 0 0 0 1 7 8 8 9 9 9 9 9 9 2 1 2 2 2 1 1 0 0 0 0 0 0 0 0 0 0 0 0 0 0 0 0 0 0 0 0 0 0 0 0 0 0 0 0 0 0 0 0
24 24 20 6 4 4 9 9 9 38 53 119 29 29 13 13 0 0 0 0 0 0 0 0 0 0 0 49 78 66 237 163 118 58 16 8 6 5 5 5 5 3 1 1 2 2 2 6 8 8 8 9 9 8 9 9 9 2 1 1 1 2 2 2 0 0 0 0 0 0 0 0 0 0 0 0 0 0 0 0 0 0 0 0 0 0 0 0 0 0 0 0 0 0 0 0
24 24 15 9 5 9 12 9 22 37 209 239 96 20 23 5 0 0 0 0 0 0 0 0 0 0 0 55 97 134 103 132 80 1114 44 57 17 7 6 6 10 8 2 2 2 2 3 8 8 8 8 8 8 8 8 8 8 5 4 1 1 1 2 2 0 0 0 0 0 0 0 0 0 0 0 0 0 0 0 0 0 0 0 0 0 0 0 0 0 0 0 0 0 0 0 0
24 22 10 9 9 22 26 23 28 56 209 223 141 73 41 12 0 0 0 0 0 0 0 0 0 0 0 0 60 58 81 67 56 57 38 37 28 11 12 12 12 12 5 2 2 2 3 8 8 8 8 8 8 8 8 8 8 8 8 0 0 0 0 0 0 0 0 0 0 0 0 0 0 0 0 0 0 0 0 0 0 0 0 0 0 0 0 0 0 0 0 0 0 0 0 0
26 23 10 10 9 21 23 27 48 46 45 76 31 47 44 29 5 0 0 0 0 0 0 0 0 0 0 0 224 95 67 68 73 74 46 40 11 12 15 12 12 12 12 8 2 2 2 8 8 8 12 25 23 25 9 8 8 8 0 0 0 0 0 0 0 0 0 0 0 0 0 0 0 0 0 0 0 0 0 0 0 0 0 0 0 0 0 0 0 0 0 0 0 0 0 0
18 24 10 10 10 11 18 41 40 43 44 54 61 27 31 27 13 5 5 6 0 0 0 0 0 0 0 0 49 82 132 130 121 101 88 56 30 23 32 11 11 11 11 16 10 4 4 5 6 7 14 26 26 26 0 0 0 0 0 0 0 0 0 0 0 0 0 0 0 0 0 0 0 0 0 0 0 0 0 0 0 0 0 0 0 0 0 0 0 0 0 0 0 0 0 0
10 12 9 9 9 13 24 43 38 45 88 159 152 66 70 74 77 17 5 6 6 0 0 0 0 0 0 0 70 81 84 158 130 135 119 49 45 41 23 15 12 11 11 16 15 8 5 5 5 6 11 25 0 0 0 0 0 0 0 0 0 0 0 0 0 0 0 0 0 0 0 0 0 0 0 0 0 0 0 0 0 0 0 0 0 0 0 0 0 0 0 0 0 0 0 0
10 10 8 8 8 10 35 44 39 40 101 137 171 92 70 73 52 21 17 11 6 5 0 0 0 0 0 0 95 95 78 84 274 244 149 48 28 29 72 32 15 10 11 12 12 8 5 5 5 5 5 7 0 0 0 0 0 0 0 0 0 0 0 0 0 0 0 0 0 0 0 0 0 0 0 0 0 0 0 0 0 0 0 0 0 0 0 0 0 0 0 0 0 0 0 0
10 9 8 9 14 14 21 40 39 67 105 128 122 42 22 20 21 21 21 21 9 5 5 5 5 0 0 0 86 72 141 291 416 175 78 61 66 93 38 29 17 11 11 12 10 5 5 0 0 0 0 0 0 0 0 0 0 0 0 0 0 0 0 0 0 0 0 0 0 0 0 0 0 0 0 0 0 0 0 0 0 0 0 0 0 0 0 0 0 0 0 0 0 0 0 0
10 11 14 15 15 14 15 39 78 81 70 74 67 23 21 21 21 21 21 21 18 6 5 5 5 0 0 0 0 28 90 421 304 84 57 58 69 45 27 27 18 13 13 13 12 5 5 0 0 0 0 0 0 0 0 0 0 0 0 0 0 0 0 0 0 0 0 0 0 0 0 0 0 0 0 0 0 0 0 0 0 0 0 0 0 0 0 0 0 0 0 0 0 0 0 0
10 13 17 18 18 18 29 20 22 25 35 73 61 22 22 23 23 22 22 22 22 22 11 5 5 0 0 0 26 26 44 267 293 126 21 37 42 22 0 0 0 0 0 0 0 0 0 0 0 0 0 0 0 0 0 0 0 0 0 0 0 0 0 0 0 0 0 0 0 0 0 0 0 0 0 0 0 0 0 0 0 0 0 0 0 0 0 0 0 0 0 0 0 0 0 0
10 14 16 28 27 29 49 28 24 31 38 70 43 21 18 22 23 23 23 23 23 23 23 10 5 5 0 0 0 0 21 100 122 43 20 20 21 0 0 0 0 0 0 0 0 0 0 0 0 0 0 0 0 0 0 0 0 0 0 0 0 0 0 0 0 0 0 0 0 0 0 0 0 0 0 0 0 0 0 0 0 0 0 0 0 0 0 0 0 0 0 0 0 0 0 0
9 11 17 39 40 30 68 68 34 31 26 26 18 17 16 18 19 19 20 22 23 19 11 5 5 5 5 0 0 0 12 12 12 14 103 195 611 0 0 0 0 0 0 0 0 0 0 0 0 0 0 0 0 0 0 0 0 0 0 0 0 0 0 0 0 0 0 0 0 0 0 0 0 0 0 0 0 0 0 0 0 0 0 0 0 0 0 0 0 0 0 0 0 0 0 0
6 5 17 65 71 89 100 70 51 36 25 23 35 53 20 16 16 17 17 17 8 4 4 4 4 5 5 5 0 0 0 0 0 0 0 0 0 0 0 0 0 0 0 0 0 0 0 0 0 0 0 0 0 0 0 0 0 0 0 0 0 0 0 0 0 0 0 0 0 8 8 8 8 8 0 0 0 0 0 0 0 0 0 0 0 0 0 0 0 0 0 0 0 0 0 0
6 6 5 38 121 159 118 78 56 53 26 24 33 76 22 18 22 23 24 26 4 4 4 4 4 5 5 3 0 0 0 0 0 0 0 0 0 0 0 0 0 0 0 0 0 0 0 0 0 0 0 0 0 0 0 0 0 0 0 0 0 0 0 0 0 0 0 0 0 8 8 8 8 8 0 0 0 0 0 0 0 0 0 0 0 0 0 0 0 0 0 0 0 0 0 0
6 6 15 25 76 0 131 114 70 75 55 47 58 131 31 30 32 32 28 14 4 4 4 4 5 5 5 4 3 3 0 0 0 0 0 0 0 0 0 0 0 0 0 0 0 0 0 0 0 0 0 0 0 0 0 0 0 0 0 0 0 0 0 0 0 0 0 0 0 0 0 0 0 0 0 0 0 0 0 0 0 0 0 0 0 0 0 0 0 0 0 0 0 0 0 0
6 23 36 45 106 0 130 165 196 125 86 65 77 141 104 50 34 34 29 14 4 12 11 4 5 0 0 0 0 0 0 0 0 0 0 0 0 0 0 0 0 0 0 0 0 0 0 0 0 0 0 0 0 0 0 0 0 0 8 8 0 0 0 0 0 0 0 0 0 0 0 0 0 0 0 0 0 0 0 0 0 0 0 0 0 0 0 0 0 0 0 0 0 0 0 0
14 36 53 73 116 0 101 127 126 100 91 115 130 102 58 57 50 25 11 4 4 10 21 9 4 0 0 0 0 0 0 0 0 0 0 0 0 0 0 0 0 0 0 0 0 0 0 0 0 0 0 0 0 0 0 0 0 7 8 8 8 0 0 0 0 0 0 0 0 0 0 0 0 0 0 0 0 0 0 0 0 0 0 0 0 0 0 0 0 0 0 0 0 0 0 0
4 39 72 76 120 145 131 114 108 92 94 111 121 152 180 141 46 3 3 3 4 5 22 9 4 4 6 108 141 9 0 0 0 0 0 0 0 0 0 0 0 0 0 0 0 0 0 0 0 7 7 7 7 7 5 3 3 5 7 7 7 0 0 0 0 0 0 0 0 0 0 0 0 0 0 0 0 0 0 0 0 0 0 0 0 0 0 0 0 0 0 0 0 0 0 0
5 39 70 97 121 144 147 118 102 94 95 87 95 199 248 158 56 3 6 5 3 4 15 5 4 4 9 18 11 9 0 0 0 0 0 0 0 0 0 0 0 0 0 0 0 0 0 0 0 7 7 7 7 7 7 3 3 4 6 6 6 0 0 0 0 0 0 0 0 0 0 0 0 0 0 0 0 0 0 0 0 0 0 0 0 0 0 0 0 0 0 0 0 0 0 0
15 34 79 145 144 134 150 113 102 107 103 118 126 154 181 136 42 15 11 11 11 12 10 9 9 10 10 10 9 10 12 14 0 0 0 0 0 0 0 11 0 0 0 0 5 5 5 5 6 7 7 7 7 7 7 5 3 3 6 6 6 0 0 0 0 0 0 0 0 0 0 0 0 0 0 0 0 0 0 0 0 0 0 0 0 0 0 0 0 0 0 0 0 0 0 0
18 45 91 87 137 122 109 136 148 134 118 95 91 109 102 154 31 20 11 11 12 12 5 9 10 10 10 9 10 14 14 15 0 0 0 0 0 0 11 11 8 0 0 6 5 5 5 5 5 6 7 7 7 7 7 4 4 4 6 6 6 0 0 0 0 0 0 0 0 0 0 0 0 0 0 0 0 0 0 0 0 0 0 0 0 0 0 0 0 0 0 0 0 0 0 0
20 27 49 73 124 82 110 115 137 98 111 83 94 86 104 110 65 8 11 11 12 10 5 6 7 8 10 23 43 38 21 24 21 0 0 11 11 11 11 11 7 7 7 7 6 5 5 5 5 5 7 7 5 4 5 6 6 6 6 6 6 6 0 0 0 0 0 0 0 0 0 0 0 0 0 0 0 0 0 0 0 0 0 0 0 0 0 0 0 0 0 0 0 0 0 0
21 17 28 24 41 88 90 97 137 99 103 81 98 75 75 123 63 11 11 11 12 10 5 5 5 5 8 20 55 38 28 33 29 21 12 11 13 13 13 14 8 7 7 7 7 6 5 5 5 5 7 7 5 4 5 6 6 6 6 0 0 0 0 0 0 0 0 0 0 0 0 0 0 0 0 0 0 0 0 0 0 0 0 0 0 0 0 0 0 0 0 0 0 0 0 0
