meteoriteanalysis/data/pop/popdens/gpw_pop_density_1d_1995a.asc
ncols 360
nrows 180
xllcorner -180
yllcorner -90
cellsize 1
NODATA_value -99
[rows 0 to 77 of 180, columns 192 to 287 of 360]
-99 -99 -99 -99 -99 -99 -99 -99 -99 -99 -99 -99 -99 -99 -99 -99 -99 -99 -99 -99 -99 -99 -99 -99 -99 -99 -99 -99 -99 -99 -99 -99 -99 -99 -99 -99 -99 -99 -99 -99 -99 -99 -99 -99 -99 -99 -99 -99 -99 -99 -99 -99 -99 -99 -99 -99 -99 -99 -99 -99 -99 -99 -99 -99 -99 -99 -99 -99 -99 -99 -99 -99 -99 -99 -99 -99 -99 -99 -99 -99 -99 -99 -99 -99 -99 -99 -99 -99 -99 -99 -99 -99 -99 -99 -99 -99
-99 -99 -99 -99 -99 -99 -99 -99 -99 -99 -99 -99 -99 -99 -99 -99 -99 -99 -99 -99 -99 -99 -99 -99 -99 -99 -99 -99 -99 -99 -99 -99 -99 -99 -99 -99 -99 -99 -99 -99 -99 -99 -99 -99 -99 -99 -99 -99 -99 -99 -99 -99 -99 -99 -99 -99 -99 -99 -99 -99 -99 -99 -99 -99 -99 -99 -99 -99 -99 -99 -99 -99 -99 -99 -99 -99 -99 -99 -99 -99 -99 -99 -99 -99 -99 -99 -99 -99 -99 -99 -99 -99 -99 -99 -99 -99
-99 -99 -99 -99 -99 -99 -99 -99 -99 -99 -99 -99 -99 -99 -99 -99 -99 -99 -99 -99 -99 -99 -99 -99 -99 -99 -99 -99 -99 -99 -99 -99 -99 -99 -99 -99 -99 -99 -99 -99 -99 -99 -99 -99 -99 -99 -99 -99 -99 -99 -99 -99 -99 -99 -99 -99 -99 -99 -99 -99 -99 -99 -99 -99 -99 -99 -99 -99 -99 -99 -99 -99 -99 -99 -99 -99 -99 -99 -99 -99 -99 -99 -99 -99 -99 -99 -99 -99 -99 -99 -99 -99 -99 -99 -99 -99
-99 -99 -99 -99 -99 -99 -99 -99 -99 -99 -99 -99 -99 -99 -99 -99 -99 -99 -99 -99 -99 -99 -99 -99 -99 -99 -99 -99 -99 -99 -99 -99 -99 -99 -99 -99 -99 -99 -99 -99 -99 -99 -99 -99 -99 -99 -99 -99 -99 -99 -99 -99 -99 -99 -99 -99 -99 -99 -99 -99 -99 -99 -99 -99 -99 -99 -99 -99 -99 -99 -99 -99 -99 -99 -99 -99 -99 -99 -99 -99 -99 -99 -99 -99 -99 -99 -99 -99 -99 -99 -99 -99 -99 -99 -99 -99
-99 -99 -99 -99 -99 -99 -99 -99 -99 -99 -99 -99 -99 -99 -99 -99 -99 -99 -99 -99 -99 -99 -99 -99 -99 -99 -99 -99 -99 -99 -99 -99 -99 -99 -99 -99 -99 -99 -99 -99 -99 -99 -99 -99 -99 -99 -99 -99 -99 -99 -99 -99 -99 -99 -99 -99 -99 -99 -99 -99 -99 -99 -99 -99 -99 -99 -99 -99 -99 -99 -99 -99 -99 -99 -99 -99 -99 -99 -99 -99 -99 -99 -99 -99 -99 -99 -99 -99 -99 -99 -99 -99 -99 -99 -99 -99
0 0 0 0 0 0 0 0 0 0 0 0 0 0 0 0 0 0 0 0 0 0 0 0 0 0 0 0 0 0 0 0 0 0 0 0 0 0 0 0 0 0 0 0 0 0 0 0 0 0 0 0 0 0 0 0 0 0 0 0 0 0 0 0 0 0 0 0 0 0 0 0 0 0 0 0 0 0 0 0 0 0 0 0 0 0 0 0 0 0 0 0 0 0 0 0
0 0 0 0 0 0 0 0 0 0 0 0 0 0 0 0 0 0 0 0 0 0 0 0 0 0 0 0 0 0 0 0 0 0 0 0 0 0 0 0 0 0 0 0 0 0 0 0 0 0 0 0 0 0 0 0 0 0 0 0 0 0 0 0 0 0 0 0 0 0 0 0 0 0 0 0 0 0 0 0 0 0 0 0 0 0 0 0 0 0 0 0 0 0 0 0
0 0 0 0 0 0 0 0 0 0 0 0 0 0 0 0 0 0 0 0 0 0 0 0 0 0 0 0 0 0 0 0 0 0 0 0 0 0 0 0 0 0 0 0 0 0 0 0 0 0 0 0 0 0 0 0 0 0 0 0 0 0 0 0 0 0 0 0 0 0 0 0 0 0 0 0 0 0 0 0 0 0 0 0 0 0 0 0 0 0 0 0 0 0 0 0
0 0 0 0 0 0 0 0 0 0 0 0 0 0 0 0 0 0 0 0 0 0 0 0 0 0 0 0 0 0 0 0 0 0 0 0 0 0 0 0 0 0 0 0 0 0 0 0 0 0 0 0 0 0 0 0 0 0 0 0 0 0 0 0 0 0 0 0 0 0 0 0 0 0 0 0 0 0 0 0 0 0 0 0 0 0 0 0 0 0 0 0 0 0 0 0
0 0 0 0 0 0 0 0 0 0 0 0 0 0 0 0 0 0 0 0 0 0 0 0 0 0 0 0 0 0 0 0 0 0 0 0 0 0 0 0 0 0 0 0 0 0 0 0 0 0 0 0 0 0 0 0 0 0 0 0 0 0 0 0 0 0 0 0 0 0 0 0 0 0 0 0 0 0 0 0 0 0 0 0 0 0 0 0 0 0 0 0 0 0 0 0
0 0 0 0 0 0 0 0 0 0 0 0 0 0 0 0 0 0 0 0 0 0 0 0 0 0 0 0 0 0 0 0 0 0 0 0 0 0 0 0 0 0 0 0 0 0 0 0 0 0 0 0 0 0 0 0 0 0 0 0 0 0 0 0 0 0 0 0 0 0 0 0 0 0 0 0 0 0 0 0 0 0 0 0 0 0 0 0 0 0 0 0 0 0 0 0
0 0 0 0 0 0 0 0 0 0 0 0 0 0 0 0 0 0 0 0 0 0 0 0 0 0 0 0 0 0 0 0 0 0 0 0 0 0 0 0 0 0 0 0 0 0 0 0 0 0 0 0 0 0 0 0 0 0 0 0 0 0 0 0 0 0 0 0 0 0 0 0 0 0 0 0 0 0 0 0 0 0 0 0 0 0 0 0 0 0 0 0 0 0 0 0
0 0 0 0 0 0 0 0 0 0 0 0 0 0 0 0 0 0 0 0 0 0 0 0 0 0 0 0 0 0 0 0 0 0 0 0 0 0 0 0 0 0 0 0 0 0 0 0 0 0 0 0 0 0 0 0 0 0 0 0 0 0 0 0 0 0 0 0 0 0 0 0 0 0 0 0 0 0 0 0 0 0 0 0 0 0 0 0 0 0 0 0 0 0 0 0
0 0 0 0 0 0 0 0 0 0 0 0 0 0 0 0 0 0 0 0 0 0 0 0 0 0 0 0 0 0 0 0 0 0 0 0 0 0 0 0 0 0 0 0 0 0 0 0 0 0 0 0 0 0 0 0 0 0 0 0 0 0 0 0 0 0 0 0 0 0 0 0 0 0 0 0 0 0 0 0 0 0 0 0 0 0 0 0 0 0 0 0 0 0 0 0
0 0 0 0 0 0 0 0 0 0 0 0 0 0 0 0 0 0 0 0 0 0 0 0 0 0 0 0 0 0 0 0 0 0 0 0 0 0 0 0 0 0 0 0 0 0 0 0 0 0 0 0 0 0 0 0 0 0 0 0 0 0 0 0 0 0 0 0 0 0 0 0 0 0 0 0 0 0 0 0 0 0 0 0 0 0 0 0 0 0 0 0 0 0 0 0
0 0 0 0 0 0 0 0 0 0 0 0 0 0 0 0 0 0 0 0 0 0 0 0 0 0 0 0 0 0 0 0 0 0 0 0 0 0 0 0 0 0 0 0 0 0 0 0 0 0 0 0 0 0 0 0 0 0 0 0 0 0 0 0 0 0 0 0 0 0 0 0 0 0 0 0 0 0 0 0 0 0 0 0 0 0 0 0 0 0 0 0 0 0 0 0
0 0 0 0 0 0 0 0 0 0 0 0 0 0 0 0 0 0 0 0 0 0 0 0 0 0 0 0 0 0 0 0 0 0 0 0 0 0 0 0 0 0 0 0 0 0 0 0 0 0 0 0 0 0 0 0 0 0 0 0 0 0 0 0 0 0 0 0 0 0 0 0 0 0 0 0 0 0 0 0 0 0 0 0 0 0 0 0 0 0 0 0 0 0 0 0
0 0 0 0 0 0 0 0 0 0 0 0 0 0 0 0 0 0 0 0 0 0 0 0 0 0 0 0 0 0 0 0 0 0 0 0 0 0 0 0 0 0 0 0 0 0 0 0 0 0 0 0 0 0 0 0 0 0 0 0 0 0 0 0 0 0 0 0 0 0 0 0 0 0 0 0 0 0 0 0 0 0 0 0 0 0 0 0 0 0 0 0 0 0 0 0
0 0 0 0 0 0 0 0 0 0 0 0 0 0 0 0 0 0 0 0 0 0 0 0 0 0 0 0 0 0 0 0 0 0 0 0 0 0 0 0 0 0 0 0 0 0 0 0 0 0 0 0 0 0 0 0 0 0 0 0 0 0 0 0 0 0 0 0 0 0 0 0 0 0 0 0 0 0 0 0 0 0 0 0 0 0 0 0 0 0 0 0 0 0 0 0
0 0 0 0 0 0 0 0 0 0 0 5 0 1 1 1 1 3 0 0 0 0 0 0 0 0 0 0 0 0 0 0 0 0 0 0 0 0 0 0 0 0 0 0 0 0 0 0 0 0 0 0 0 0 0 0 0 0 0 0 0 0 0 0 0 0 0 0 0 0 0 0 0 0 0 0 0 0 0 0 0 0 0 0 0 0 0 0 0 0 0 0 0 0 0 0
0 0 0 0 0 0 12 11 2 1 1 1 1 1 0 0 1 3 4 4 18 0 0 0 0 0 0 0 0 0 0 0 0 0 0 0 0 0 0 0 0 0 0 0 0 0 0 0 0 0 0 0 0 0 0 0 0 0 0 0 0 0 0 0 0 0 0 0 0 0 0 0 0 0 0 0 66 0 0 0 0 0 0 0 0 0 0 0 0 0 0 0 0 0 0 0
0 0 0 9 12 7 2 2 1 1 1 0 0 1 1 1 2 4 3 3 18 35 1 1 4 5 0 0 0 0 0 0 0 0 0 0 0 0 0 0 0 0 0 0 0 0 0 0 0 0 0 0 2 1 0 0 0 0 0 0 0 0 0 0 0 0 0 0 0 0 0 0 0 0 0 0 0 0 0 0 0 0 0 0 0 0 0 0 0 0 0 0 0 0 0 0
0 0 0 5 2 1 1 1 1 1 1 1 1 1 1 1 0 2 6 9 24 20 6 0 0 0 0 0 0 0 0 0 0 0 0 0 0 0 0 0 0 0 6 0 0 0 0 0 0 0 3 7 10 7 0 0 0 0 0 0 0 0 0 0 0 0 0 0 0 0 0 0 0 1 1 1 0 0 0 0 0 0 0 0 0 0 0 0 0 0 0 0 0 0 0 0
0 6 4 2 0 0 0 0 2 3 5 3 5 10 3 3 2 3 3 3 3 1 0 1 0 0 0 0 0 0 0 0 0 0 0 0 0 0 0 0 0 1 1 1 1 11 1 2 2 2 6 5 2 0 13 0 0 0 0 0 0 0 0 0 21 0 0 0 0 0 0 0 0 0 1 0 0 0 0 0 0 0 0 0 0 0 0 0 0 0 0 0 0 0 0 0
7 3 1 1 1 1 1 3 9 13 0 0 0 21 2 2 2 2 1 1 1 1 0 0 0 0 0 0 1 1 1 1 1 1 1 0 1 0 0 0 0 1 1 1 1 13 1 2 2 2 1 0 0 0 0 0 0 0 0 0 10 0 0 0 0 0 0 0 0 0 0 0 0 0 0 0 0 0 0 0 0 0 0 0 0 0 0 0 0 0 0 0 0 0 0 0
2 1 1 1 1 1 2 4 14 0 0 0 17 20 5 8 3 2 8 1 1 2 6 0 0 0 1 76 102 2 2 1 1 1 1 1 1 1 1 1 4 3 1 1 1 1 1 0 0 0 0 0 0 0 0 0 0 0 0 0 0 0 0 0 0 0 0 0 0 0 0 0 0 0 0 0 0 0 0 0 0 0 0 0 0 0 0 0 0 0 0 0 0 0 0 0
3 2 8 5 3 6 8 0 0 0 22 16 7 7 7 14 5 5 3 1 2 3 11 2 2 1 6 2 3 2 2 2 1 1 1 1 1 1 1 1 5 14 3 2 1 4 0 0 0 0 0 0 0 1 4 0 0 0 0 0 0 0 6 18 0 0 0 0 0 0 0 0 0 0 0 0 0 0 0 0 0 0 0 0 0 0 0 0 0 0 0 0 0 0 0 0
1 1 2 3 14 21 0 0 0 12 18 11 9 32 8 27 12 22 7 2 2 2 11 3 2 2 3 3 4 3 2 2 2 1 2 1 2 4 3 1 1 3 4 1 1 1 1 0 0 0 1 1 1 12 1 1 0 0 0 1 1 1 9 1 1 9 0 0 0 0 0 0 0 0 0 0 0 0 0 0 0 0 0 0 0 0 0 0 0 0 0 0 0 0 0 0
2 2 4 5 13 0 0 0 0 53 17 54 25 17 10 14 24 12 15 9 5 5 64 0 3 3 3 3 5 6 5 4 3 3 17 10 2 4 28 17 1 1 1 1 1 1 1 1 1 2 2 2 2 2 1 1 0 6 0 1 17 47 1 8 2 0 0 0 0 0 0 0 0 0 0 0 0 0 0 0 0 0 0 0 0 0 0 0 0 0 0 0 0 0 0 0
7 4 10 23 25 33 0 0 0 0 64 23 149 131 45 19 0 107 144 0 8 8 6 3 3 4 4 5 5 4 4 3 3 3 11 6 4 2 2 1 2 2 2 2 2 2 2 9 3 1 1 2 8 1 1 0 0 0 1 1 7 1 1 0 48 0 8 0 0 0 0 0 0 0 0 0 0 0 0 0 0 0 0 0 0 0 0 0 0 0 0 0 0 0 0 0
13 33 21 37 55 174 229 0 0 0 0 0 0 0 0 0 32 236 511 18 23 18 7 4 4 57 9 60 13 4 4 3 3 4 4 3 5 4 2 4 5 4 10 5 52 10 12 7 32 3 1 1 1 1 1 1 1 0 0 1 1 1 1 1 0 0 0 0 0 0 0 1 1 1 1 1 0 0 0 0 0 0 1 1 1 1 1 1 1 1 0 0 0 0 0 0
42 38 0 42 36 0 0 0 0 0 13 0 17 19 30 0 6 13 8 56 7 10 14 8 7 9 0 10 11 12 8 6 7 11 6 5 14 90 33 9 28 8 13 27 134 38 8 29 23 4 4 4 2 8 1 2 19 1 1 1 0 1 1 1 0 0 0 0 0 1 6 2 1 1 1 1 0 0 0 0 17 1 1 1 1 1 1 1 1 1 19 1 0 0 0 0
95 27 31 13 19 0 18 0 0 0 20 0 113 22 17 16 45 10 7 11 6 17 22 18 12 13 55 126 89 53 31 8 8 12 13 10 13 12 8 8 14 16 28 21 87 10 7 51 56 44 9 17 8 90 5 4 2 2 2 2 2 3 2 2 1 1 1 1 1 1 2 4 5 10 2 1 1 1 1 1 3 3 2 2 2 1 1 2 2 1 1 3 2 0 1 1
0 32 32 28 0 0 0 0 0 37 30 59 81 24 26 21 11 9 26 8 9 6 21 70 65 67 75 27 113 70 28 295 69 13 16 146 21 25 22 22 25 131 47 17 15 18 13 29 241 52 30 24 10 10 17 6 6 15 6 4 2 4 9 4 3 2 1 1 1 1 2 6 84 12 21 9 5 7 32 4 106 17 6 23 6 4 5 2 2 49 3 3 3 9 1 1
591 123 0 0 0 0 0 0 0 80 33 55 50 27 34 21 40 15 67 9 12 15 16 21 93 1627 217 51 29 24 54 50 22 21 32 50 72 195 28 46 111 16 24 21 14 11 11 43 42 203 11 11 12 63 7 6 6 8 6 7 11 95 13 7 6 4 15 2 3 5 105 46 24 14 93 4 4 15 7 4 41 6 11 3 4 1 7 1 2 3 3 1 1 1 1 1
0 121 0 0 60 90 196 0 121 37 34 93 50 111 47 28 50 23 45 61 25 11 14 20 75 148 63 101 18 24 16 20 24 73 27 23 150 33 19 15 55 51 26 56 139 13 23 28 24 46 8 7 9 8 7 8 10 42 9 12 11 102 11 6 5 7 6 6 5 7 26 103 8 10 80 3 1 5 6 5 3 3 3 2 1 1 5 4 10 4 5 1 1 1 1 1
50 65 87 83 60 90 134 93 65 58 54 94 38 59 46 276 27 49 76 24 28 26 99 16 26 37 78 30 22 24 18 24 49 72 33 19 48 150 198 23 21 13 12 35 53 4 37 46 13 9 8 52 6 6 6 9 9 28 9 5 4 5 6 5 6 7 17 8 7 13 10 107 22 7 42 107 17 6 6 63 3 2 2 1 1 0 1 1 2 6 13 20 4 3 1 0
76 546 87 66 124 130 99 112 229 188 68 87 34 29 46 35 18 43 67 67 37 27 20 33 66 25 38 100 37 78 20 21 19 16 15 41 12 23 12 9 21 12 8 26 9 5 16 6 6 11 11 14 6 4 6 6 6 8 13 4 3 3 2 3 29 37 7 9 9 9 12 8 11 43 5 5 2 2 3 4 2 1 1 0 0 0 0 0 0 2 4 58 98 4 5 4
221 174 134 99 130 134 97 215 117 121 122 54 38 33 36 22 21 18 21 78 33 61 32 38 85 57 26 164 26 22 29 24 10 105 89 21 13 7 6 36 8 8 10 84 8 14 62 6 4 3 3 3 2 4 5 4 9 6 7 44 4 4 1 20 2 2 4 5 6 32 9 5 5 6 10 1 1 2 4 2 3 3 14 1 1 1 1 1 1 1 2 5 6 6 10 56
241 149 272 132 146 116 304 332 165 130 108 76 75 82 90 52 85 46 455 45 49 44 79 38 178 28 32 37 26 20 12 18 12 31 9 7 7 3 3 3 4 4 5 4 6 39 7 7 2 1 1 1 1 2 10 2 2 2 2 3 19 21 3 2 2 1 2 3 48 10 23 17 3 2 1 1 1 1 2 2 2 2 2 1 1 1 1 1 1 1 2 2 3 4 5 6
90 81 92 78 149 140 263 173 137 105 86 155 146 93 73 67 119 44 80 70 87 87 75 41 181 44 34 20 16 10 8 12 9 9 4 2 2 2 1 2 2 2 2 3 4 5 3 1 1 1 1 1 1 1 1 1 1 1 1 2 59 55 3 2 2 1 1 1 3 4 34 7 12 3 2 1 2 3 3 2 2 2 2 2 1 1 1 1 1 2 2 2 2 3 3 3
127 104 118 68 290 173 110 77 84 126 112 76 97 118 103 78 64 56 62 38 67 74 137 156 37 231 298 161 50 13 10 12 182 8 10 2 1 1 2 2 2 1 1 1 1 2 1 1 1 0 0 1 1 0 0 1 0 1 3 1 1 1 1 1 1 1 1 1 3 3 3 4 3 3 6 9 7 4 4 2 2 1 1 1 1 1 1 2 2 2 2 2 6 7 7 6
81 76 45 95 88 97 145 318 87 89 85 87 71 80 102 132 157 60 27 39 29 102 84 146 27 207 112 200 89 21 38 8 4 3 4 5 4 2 2 20 6 2 2 1 0 1 1 1 1 1 1 0 0 0 0 24 0 1 1 1 1 1 1 1 0 1 1 2 4 5 3 7 4 5 6 10 8 3 4 2 1 1 1 1 1 1 1 1 2 2 2 2 8 8 8 8
72 65 114 115 97 69 78 70 85 66 73 92 89 68 100 104 122 101 252 0 132 47 25 0 0 0 44 34 25 25 11 6 15 2 2 42 46 3 0 0 2 3 2 1 1 1 1 1 0 1 2 1 1 1 1 0 0 1 1 1 1 1 19 4 2 2 1 2 4 6 8 20 15 5 2 2 2 3 3 2 1 1 1 1 1 1 1 1 1 2 2 2 4 4 4 4
285 0 64 105 98 58 87 94 92 70 60 74 92 131 100 103 75 40 0 0 0 66 54 0 0 52 79 109 60 68 27 16 7 3 2 14 0 0 0 0 1 1 1 1 1 1 1 0 0 2 2 1 2 2 2 1 1 1 1 1 1 1 1 1 2 3 17 7 8 8 8 4 9 16 7 5 2 3 6 2 2 1 1 1 1 1 1 1 1 2 2 1 1 1 1 1
0 0 0 31 62 67 67 94 104 94 75 85 91 122 323 75 86 0 0 0 0 0 0 0 0 0 54 54 58 64 54 75 24 10 7 0 0 0 0 1 1 1 1 1 1 1 0 0 0 2 2 2 2 19 3 3 1 1 1 1 1 1 3 5 9 8 14 11 32 43 16 11 30 48 67 36 17 15 11 5 3 3 2 1 1 1 1 1 1 1 1 1 0 1 1 1
125 157 0 0 87 70 64 80 111 108 90 65 74 72 69 76 0 0 0 0 0 0 0 0 0 0 0 0 48 29 37 72 67 82 56 0 0 0 0 29 7 1 0 0 1 1 7 8 2 3 1 1 1 2 4 4 26 9 9 11 8 13 16 9 135 57 11 7 17 68 27 27 14 11 21 167 17 14 6 4 3 3 1 1 1 1 1 0 0 0 0 0 0 0 0 0
199 114 0 0 0 0 54 58 135 134 76 178 81 71 59 59 0 0 0 0 0 0 0 0 0 0 0 0 0 0 81 44 57 23 27 66 0 0 0 0 0 1 1 0 1 3 17 73 16 13 1 3 1 1 3 5 11 78 22 50 14 21 121 26 24 0 20 8 12 14 14 15 5 8 11 5 9 12 4 4 4 4 4 4 1 0 0 0 0 0 0 0 0 0 1 2
0 203 149 104 0 0 0 184 93 79 70 48 64 63 58 56 0 0 0 0 114 29 38 94 0 0 0 0 0 88 40 38 203 72 43 35 65 0 0 0 0 1 1 1 2 10 12 27 120 22 5 1 9 1 3 6 36 390 35 97 49 26 6 8 7 5 9 16 14 17 17 22 6 23 15 4 4 7 3 3 3 4 4 3 0 0 0 0 0 0 0 0 1 2 2 35
0 0 0 143 138 0 0 150 72 40 94 130 0 0 57 0 0 331 119 77 93 63 47 59 77 93 65 73 73 36 33 57 264 58 90 81 45 265 0 0 0 3 1 1 2 8 10 7 4 3 19 13 35 50 38 53 117 159 134 256 264 44 8 3 8 8 5 12 19 23 6 6 2 1 1 1 1 1 0 0 0 3 5 4 5 12 7 7 1 0 0 0 1 2 24 55
0 0 0 0 118 0 0 0 47 38 54 0 0 0 62 105 92 72 48 55 129 105 45 46 34 26 28 22 31 40 45 42 65 46 46 68 80 0 0 0 0 16 12 2 3 5 8 5 6 8 8 37 71 54 171 106 37 34 17 17 12 7 3 47 62 32 15 15 16 17 4 2 0 0 0 0 0 0 0 0 1 2 2 0 2 6 39 27 38 1 3 6 2 2 84 5
0 0 0 0 0 0 0 0 0 49 43 296 0 0 0 182 113 66 54 52 50 67 52 59 68 59 67 62 63 65 45 41 62 74 73 76 102 0 0 0 0 0 2 7 13 7 12 6 7 13 8 10 11 63 43 70 162 55 13 9 2 1 3 8 47 50 13 11 15 7 3 0 0 0 0 0 0 0 0 1 1 1 1 1 1 1 2 2 52 30 58 20 2 32 114 6
0 197 189 0 0 0 0 0 0 67 39 0 0 0 0 91 77 59 50 56 47 39 66 106 95 99 74 65 68 65 44 39 50 74 76 74 94 0 0 0 0 0 43 81 29 22 18 10 10 26 16 8 10 23 42 77 98 85 20 14 7 6 4 2 23 11 6 27 14 5 3 1 0 0 0 0 0 0 0 1 1 1 1 1 2 2 2 3 6 46 87 53 29 60 69 31
0 0 0 0 0 0 0 0 0 0 0 0 0 0 0 0 0 56 63 0 57 88 0 0 183 153 87 41 46 45 44 50 72 72 63 55 53 85 136 148 93 88 46 18 14 23 23 23 18 14 7 10 15 40 62 35 67 53 23 18 20 17 16 12 6 10 7 16 9 5 3 1 0 0 0 0 0 0 0 1 1 1 1 1 1 1 3 9 11 171 128 188 99 77 70 48
0 0 0 0 0 0 0 0 0 0 0 0 0 0 0 0 0 0 0 0 0 0 0 0 190 134 46 26 27 39 44 68 85 75 53 51 76 57 157 377 195 40 6 6 9 22 23 23 23 21 8 10 17 30 53 24 50 60 42 49 168 77 41 16 13 12 12 14 6 4 2 0 0 0 0 0 0 0 0 0 0 1 1 1 1 1 1 4 8 14 68 213 143 163 160 170
0 0 0 0 0 0 0 0 0 0 0 0 0 0 0 0 0 0 0 0 0 0 0 0 104 30 27 26 20 10 11 31 38 62 74 73 85 48 162 211 20 18 19 14 22 23 23 23 25 33 28 22 16 15 18 25 113 307 102 372 437 281 217 75 28 13 13 10 1 0 0 0 0 0 0 0 0 0 1 1 0 0 0 0 1 1 1 3 4 5 11 39 121 221 133 272
0 0 0 0 0 0 0 0 0 0 0 0 0 0 0 0 0 0 0 0 0 0 0 343 152 125 32 14 9 9 9 39 563 43 31 50 56 52 39 38 38 38 37 24 23 23 23 23 22 21 18 11 12 18 19 25 35 48 167 302 305 468 166 133 30 14 13 1 0 0 0 0 0 0 0 0 0 0 1 1 1 1 1 1 3 3 2 2 2 3 5 9 58 111 100 148
49 190 72 0 0 0 0 0 0 15 7 0 0 0 0 0 0 0 0 0 0 0 0 356 92 39 9 8 9 8 8 9 119 44 30 32 57 54 49 39 37 20 15 13 19 23 23 23 20 6 6 7 11 17 16 20 30 71 153 196 286 466 583 386 90 19 6 4 0 0 0 0 0 0 0 0 0 0 1 1 2 2 2 3 5 4 4 5 4 6 7 13 46 153 169 148
6 2 3 1 0 0 0 0 49 20 6 2 2 1 0 0 0 0 0 0 0 0 330 221 188 57 4 3 4 6 8 18 36 37 49 46 57 57 52 42 32 17 12 12 12 14 18 23 21 6 3 9 13 18 20 23 23 27 114 229 458 694 1025 529 305 106 14 2 1 0 0 0 0 0 0 0 0 0 0 3 4 4 4 5 5 4 9 5 7 10 12 126 436 400 485 355
2 2 2 1 3 3 3 0 1 1 1 1 2 1 1 1 1 343 534 1465 139 10 31 24 6 4 3 3 3 3 4 17 10 10 45 101 65 57 44 35 31 29 13 12 12 12 12 13 15 6 3 12 14 18 70 44 27 31 132 381 582 476 355 448 539 356 174 81 16 4 1 0 0 0 1 1 1 2 3 7 3 2 3 3 3 5 7 5 4 8 28 494 891 628 671 479
2 2 1 1 1 3 2 1 1 1 1 1 2 1 1 1 1 58 243 487 40 3 9 5 4 3 3 3 3 3 3 5 5 4 36 97 0 0 0 31 31 31 26 13 12 12 12 11 10 5 4 8 9 9 30 30 20 48 154 307 215 171 189 274 394 757 450 196 105 53 15 2 1 1 2 4 9 12 13 29 5 2 3 2 2 3 6 5 4 9 86 325 616 691 774 270
1 1 1 0 0 0 1 1 1 1 1 1 1 1 1 25 94 157 215 9 1 2 3 5 4 4 3 4 5 5 5 4 3 2 2 21 36 0 0 31 31 31 31 22 13 12 12 10 10 9 6 4 4 5 20 47 161 141 222 89 80 54 88 213 638 1661 712 610 228 171 89 110 71 29 5 5 5 8 6 5 5 3 10 9 4 1 5 9 7 22 77 99 348 364 268 183
1 1 2 4 1 0 0 1 1 1 1 1 1 1 1 23 45 60 143 132 1 1 0 0 5 6 5 5 5 5 5 5 5 4 2 2 2 0 0 0 30 28 23 18 16 13 12 10 10 10 9 7 7 7 11 161 211 114 36 25 36 79 153 292 327 549 652 561 535 463 391 427 268 330 96 79 119 36 30 44 12 26 150 216 12 7 10 23 30 41 99 177 214 266 287 211
1 1 3 1 0 0 0 0 0 0 0 0 0 0 0 0 0 0 0 286 197 1 0 0 5 9 9 8 5 5 5 4 7 11 8 4 2 2 0 0 0 0 0 0 0 16 13 10 10 11 18 20 15 12 14 105 245 94 18 23 93 138 190 324 221 259 347 450 812 652 730 914 872 887 595 464 548 481 320 394 391 173 190 23 2 2 13 57 80 110 107 161 214 288 369 184
0 0 0 0 0 0 0 0 0 0 0 0 0 0 0 0 0 0 0 0 149 1 1 0 0 6 10 10 7 7 4 6 9 11 11 6 2 2 49 50 0 0 0 0 0 0 15 10 10 12 19 22 15 14 38 543 340 101 68 67 106 137 180 167 134 116 239 230 317 550 941 760 827 1103 783 644 688 843 204 174 96 73 62 8 18 22 76 84 171 102 223 187 211 184 107 93
0 0 0 0 0 0 0 0 0 0 0 0 0 0 0 0 0 0 0 0 9 6 1 0 0 8 10 10 10 10 9 11 11 11 11 9 3 2 5 0 0 0 14 54 37 0 0 0 0 0 0 0 0 0 0 315 141 86 81 140 187 181 185 169 158 130 163 137 164 232 191 237 420 402 350 456 868 966 1055 632 383 135 56 24 33 42 95 112 103 69 212 151 116 75 67 117
0 0 0 0 0 0 0 0 0 0 0 0 0 0 0 0 0 0 0 0 20 15 1 1 0 0 14 12 10 18 13 11 11 11 11 11 5 2 2 4 14 14 14 10 7 37 116 0 0 0 0 0 0 0 0 0 0 48 76 126 602 278 244 234 182 256 165 186 185 131 107 108 163 363 642 629 959 908 1994 683 66 20 29 53 22 33 34 67 54 63 114 139 116 85 136 167
0 0 0 0 0 0 0 0 0 0 0 0 0 0 0 0 0 0 0 20 25 6 1 1 0 0 0 26 21 26 26 15 11 11 11 11 3 2 2 2 3 5 7 5 5 8 7 0 0 0 0 0 0 0 0 0 0 131 216 155 442 459 221 245 193 130 136 151 98 151 171 131 183 173 345 846 2055 577 997 0 162 15 58 160 107 31 20 38 54 35 36 62 87 65 100 139
0 0 0 0 0 0 0 0 0 0 0 0 0 0 0 0 0 0 0 0 3 2 1 1 1 0 0 27 27 27 27 18 11 11 11 11 2 2 2 2 2 2 2 2 0 1 3 0 0 0 0 0 0 0 0 0 0 0 227 223 0 240 201 221 160 155 237 299 187 340 240 246 121 144 296 0 0 0 0 0 153 10 88 207 111 23 17 20 30 21 13 58 90 591 266 91
0 0 0 0 0 0 0 0 0 0 0 0 0 0 0 0 0 0 0 0 3 2 1 1 1 0 0 0 34 131 27 24 11 11 11 10 2 2 2 2 2 2 2 0 0 0 0 0 0 0 0 0 0 0 0 0 0 0 0 0 0 287 256 253 223 225 184 176 98 159 132 163 127 392 541 0 0 0 0 0 0 56 91 144 85 47 10 37 29 16 17 17 35 450 1127 0
0 0 0 0 0 0 0 0 0 0 0 0 2 2 2 2 2 2 2 2 3 3 1 1 3 0 0 0 0 90 25 25 14 9 8 6 2 2 2 2 2 1 0 0 0 0 0 0 0 0 0 0 0 0 0 0 0 0 0 0 0 404 238 237 199 231 136 125 39 69 157 107 258 0 0 0 0 0 0 0 0 0 35 90 65 24 19 86 64 18 21 13 25 365 0 0
0 0 0 0 0 0 0 0 0 0 0 0 2 2 2 2 3 3 3 3 3 3 2 2 12 21 0 0 0 33 25 22 5 3 3 3 2 1 1 1 0 0 0 0 0 0 0 0 0 0 0 0 0 0 0 0 0 0 0 0 0 474 208 175 240 233 291 288 40 65 113 325 0 0 0 0 0 0 0 0 0 0 47 149 79 11 78 99 53 18 46 47 17 262 0 0
0 0 0 0 0 0 0 0 0 0 0 0 2 2 1 2 3 3 3 3 8 8 8 6 6 11 18 0 0 0 69 34 5 3 3 2 1 0 0 0 2 5 4 0 0 0 0 0 0 0 0 0 0 0 0 0 0 0 0 0 0 205 261 228 197 259 604 289 197 123 307 0 0 0 0 0 0 0 0 0 0 0 99 213 151 52 20 62 59 50 149 109 88 20 94 0
0 0 0 2 1 0 0 0 0 0 0 0 2 2 1 2 2 2 2 35 50 15 10 21 27 8 25 0 0 0 0 91 35 6 3 1 3 6 3 1 2 0 0 0 0 0 0 0 0 0 0 0 0 0 0 0 0 0 0 0 0 172 446 210 151 213 156 197 514 667 0 0 0 0 0 0 0 0 0 0 0 0 119 248 0 0 30 78 114 67 144 159 100 38 38 166
0 0 2 2 2 2 2 4 3 3 3 1 2 2 1 2 2 2 2 7 228 31 10 30 21 12 97 52 0 0 0 146 150 11 6 3 11 11 6 2 0 0 0 0 0 0 0 0 0 0 0 0 0 0 0 0 0 0 0 0 0 0 249 210 221 199 157 143 0 0 0 0 0 0 0 0 0 0 0 0 0 0 0 0 0 0 12 63 120 84 149 149 159 76 19 24
0 4 4 2 2 3 5 5 4 4 14 11 4 2 1 2 2 3 6 12 67 81 15 18 14 25 74 76 19 0 0 130 142 35 16 8 14 0 0 0 0 0 0 0 0 0 0 0 0 0 0 0 0 0 0 0 0 0 0 0 0 0 140 252 189 168 175 177 0 0 0 0 0 0 0 0 0 0 0 0 0 0 0 0 0 0 21 76 240 90 110 106 79 46 11 23
12 0 0 8 4 4 5 5 5 6 29 19 21 22 10 10 10 16 25 25 51 63 11 10 14 28 70 41 25 15 0 171 155 51 0 0 0 0 0 0 0 0 0 0 0 0 0 0 0 0 0 0 0 0 0 0 0 0 0 0 0 0 0 180 211 441 228 314 0 0 0 0 0 0 0 0 0 0 0 0 0 0 0 0 0 0 48 126 1254 114 55 87 24 9 5 16
18 27 33 15 15 7 4 4 5 7 19 17 26 26 10 11 11 15 20 19 32 11 22 8 20 96 47 42 25 7 5 0 0 0 0 0 0 0 0 0 0 0 0 0 0 0 0 0 0 0 0 0 0 0 0 0 0 0 0 0 0 0 0 325 361 494 350 499 0 0 0 0 0 0 0 0 0 0 0 0 0 0 0 0 0 0 47 37 0 0 48 30 58 80 14 34
