meteoriteanalysis/data/pop/popdens/gpw_pop_density_1d_1995.asc
ncols 360
nrows 180
xllcorner -180
yllcorner -90
cellsize 1
NODATA_value -99
[rows 0 to 77 of 180, columns 192 to 287 of 360]
-99 -99 -99 -99 -99 -99 -99 -99 -99 -99 -99 -99 -99 -99 -99 -99 -99 -99 -99 -99 -99 -99 -99 -99 -99 -99 -99 -99 -99 -99 -99 -99 -99 -99 -99 -99 -99 -99 -99 -99 -99 -99 -99 -99 -99 -99 -99 -99 -99 -99 -99 -99 -99 -99 -99 -99 -99 -99 -99 -99 -99 -99 -99 -99 -99 -99 -99 -99 -99 -99 -99 -99 -99 -99 -99 -99 -99 -99 -99 -99 -99 -99 -99 -99 -99 -99 -99 -99 -99 -99 -99 -99 -99 -99 -99 -99
-99 -99 -99 -99 -99 -99 -99 -99 -99 -99 -99 -99 -99 -99 -99 -99 -99 -99 -99 -99 -99 -99 -99 -99 -99 -99 -99 -99 -99 -99 -99 -99 -99 -99 -99 -99 -99 -99 -99 -99 -99 -99 -99 -99 -99 -99 -99 -99 -99 -99 -99 -99 -99 -99 -99 -99 -99 -99 -99 -99 -99 -99 -99 -99 -99 -99 -99 -99 -99 -99 -99 -99 -99 -99 -99 -99 -99 -99 -99 -99 -99 -99 -99 -99 -99 -99 -99 -99 -99 -99 -99 -99 -99 -99 -99 -99
-99 -99 -99 -99 -99 -99 -99 -99 -99 -99 -99 -99 -99 -99 -99 -99 -99 -99 -99 -99 -99 -99 -99 -99 -99 -99 -99 -99 -99 -99 -99 -99 -99 -99 -99 -99 -99 -99 -99 -99 -99 -99 -99 -99 -99 -99 -99 -99 -99 -99 -99 -99 -99 -99 -99 -99 -99 -99 -99 -99 -99 -99 -99 -99 -99 -99 -99 -99 -99 -99 -99 -99 -99 -99 -99 -99 -99 -99 -99 -99 -99 -99 -99 -99 -99 -99 -99 -99 -99 -99 -99 -99 -99 -99 -99 -99
-99 -99 -99 -99 -99 -99 -99 -99 -99 -99 -99 -99 -99 -99 -99 -99 -99 -99 -99 -99 -99 -99 -99 -99 -99 -99 -99 -99 -99 -99 -99 -99 -99 -99 -99 -99 -99 -99 -99 -99 -99 -99 -99 -99 -99 -99 -99 -99 -99 -99 -99 -99 -99 -99 -99 -99 -99 -99 -99 -99 -99 -99 -99 -99 -99 -99 -99 -99 -99 -99 -99 -99 -99 -99 -99 -99 -99 -99 -99 -99 -99 -99 -99 -99 -99 -99 -99 -99 -99 -99 -99 -99 -99 -99 -99 -99
-99 -99 -99 -99 -99 -99 -99 -99 -99 -99 -99 -99 -99 -99 -99 -99 -99 -99 -99 -99 -99 -99 -99 -99 -99 -99 -99 -99 -99 -99 -99 -99 -99 -99 -99 -99 -99 -99 -99 -99 -99 -99 -99 -99 -99 -99 -99 -99 -99 -99 -99 -99 -99 -99 -99 -99 -99 -99 -99 -99 -99 -99 -99 -99 -99 -99 -99 -99 -99 -99 -99 -99 -99 -99 -99 -99 -99 -99 -99 -99 -99 -99 -99 -99 -99 -99 -99 -99 -99 -99 -99 -99 -99 -99 -99 -99
0 0 0 0 0 0 0 0 0 0 0 0 0 0 0 0 0 0 0 0 0 0 0 0 0 0 0 0 0 0 0 0 0 0 0 0 0 0 0 0 0 0 0 0 0 0 0 0 0 0 0 0 0 0 0 0 0 0 0 0 0 0 0 0 0 0 0 0 0 0 0 0 0 0 0 0 0 0 0 0 0 0 0 0 0 0 0 0 0 0 0 0 0 0 0 0
0 0 0 0 0 0 0 0 0 0 0 0 0 0 0 0 0 0 0 0 0 0 0 0 0 0 0 0 0 0 0 0 0 0 0 0 0 0 0 0 0 0 0 0 0 0 0 0 0 0 0 0 0 0 0 0 0 0 0 0 0 0 0 0 0 0 0 0 0 0 0 0 0 0 0 0 0 0 0 0 0 0 0 0 0 0 0 0 0 0 0 0 0 0 0 0
0 0 0 0 0 0 0 0 0 0 0 0 0 0 0 0 0 0 0 0 0 0 0 0 0 0 0 0 0 0 0 0 0 0 0 0 0 0 0 0 0 0 0 0 0 0 0 0 0 0 0 0 0 0 0 0 0 0 0 0 0 0 0 0 0 0 0 0 0 0 0 0 0 0 0 0 0 0 0 0 0 0 0 0 0 0 0 0 0 0 0 0 0 0 0 0
0 0 0 0 0 0 0 0 0 0 0 0 0 0 0 0 0 0 0 0 0 0 0 0 0 0 0 0 0 0 0 0 0 0 0 0 0 0 0 0 0 0 0 0 0 0 0 0 0 0 0 0 0 0 0 0 0 0 0 0 0 0 0 0 0 0 0 0 0 0 0 0 0 0 0 0 0 0 0 0 0 0 0 0 0 0 0 0 0 0 0 0 0 0 0 0
0 0 0 0 0 0 0 0 0 0 0 0 0 0 0 0 0 0 0 0 0 0 0 0 0 0 0 0 0 0 0 0 0 0 0 0 0 0 0 0 0 0 0 0 0 0 0 0 0 0 0 0 0 0 0 0 0 0 0 0 0 0 0 0 0 0 0 0 0 0 0 0 0 0 0 0 0 0 0 0 0 0 0 0 0 0 0 0 0 0 0 0 0 0 0 0
0 0 0 0 0 0 0 0 0 0 0 0 0 0 0 0 0 0 0 0 0 0 0 0 0 0 0 0 0 0 0 0 0 0 0 0 0 0 0 0 0 0 0 0 0 0 0 0 0 0 0 0 0 0 0 0 0 0 0 0 0 0 0 0 0 0 0 0 0 0 0 0 0 0 0 0 0 0 0 0 0 0 0 0 0 0 0 0 0 0 0 0 0 0 0 0
0 0 0 0 0 0 0 0 0 0 0 0 0 0 0 0 0 0 0 0 0 0 0 0 0 0 0 0 0 0 0 0 0 0 0 0 0 0 0 0 0 0 0 0 0 0 0 0 0 0 0 0 0 0 0 0 0 0 0 0 0 0 0 0 0 0 0 0 0 0 0 0 0 0 0 0 0 0 0 0 0 0 0 0 0 0 0 0 0 0 0 0 0 0 0 0
0 0 0 0 0 0 0 0 0 0 0 0 0 0 0 0 0 0 0 0 0 0 0 0 0 0 0 0 0 0 0 0 0 0 0 0 0 0 0 0 0 0 0 0 0 0 0 0 0 0 0 0 0 0 0 0 0 0 0 0 0 0 0 0 0 0 0 0 0 0 0 0 0 0 0 0 0 0 0 0 0 0 0 0 0 0 0 0 0 0 0 0 0 0 0 0
0 0 0 0 0 0 0 0 0 0 0 0 0 0 0 0 0 0 0 0 0 0 0 0 0 0 0 0 0 0 0 0 0 0 0 0 0 0 0 0 0 0 0 0 0 0 0 0 0 0 0 0 0 0 0 0 0 0 0 0 0 0 0 0 0 0 0 0 0 0 0 0 0 0 0 0 0 0 0 0 0 0 0 0 0 0 0 0 0 0 0 0 0 0 0 0
0 0 0 0 0 0 0 0 0 0 0 0 0 0 0 0 0 0 0 0 0 0 0 0 0 0 0 0 0 0 0 0 0 0 0 0 0 0 0 0 0 0 0 0 0 0 0 0 0 0 0 0 0 0 0 0 0 0 0 0 0 0 0 0 0 0 0 0 0 0 0 0 0 0 0 0 0 0 0 0 0 0 0 0 0 0 0 0 0 0 0 0 0 0 0 0
0 0 0 0 0 0 0 0 0 0 0 0 0 0 0 0 0 0 0 0 0 0 0 0 0 0 0 0 0 0 0 0 0 0 0 0 0 0 0 0 0 0 0 0 0 0 0 0 0 0 0 0 0 0 0 0 0 0 0 0 0 0 0 0 0 0 0 0 0 0 0 0 0 0 0 0 0 0 0 0 0 0 0 0 0 0 0 0 0 0 0 0 0 0 0 0
0 0 0 0 0 0 0 0 0 0 0 0 0 0 0 0 0 0 0 0 0 0 0 0 0 0 0 0 0 0 0 0 0 0 0 0 0 0 0 0 0 0 0 0 0 0 0 0 0 0 0 0 0 0 0 0 0 0 0 0 0 0 0 0 0 0 0 0 0 0 0 0 0 0 0 0 0 0 0 0 0 0 0 0 0 0 0 0 0 0 0 0 0 0 0 0
0 0 0 0 0 0 0 0 0 0 0 0 0 0 0 0 0 0 0 0 0 0 0 0 0 0 0 0 0 0 0 0 0 0 0 0 0 0 0 0 0 0 0 0 0 0 0 0 0 0 0 0 0 0 0 0 0 0 0 0 0 0 0 0 0 0 0 0 0 0 0 0 0 0 0 0 0 0 0 0 0 0 0 0 0 0 0 0 0 0 0 0 0 0 0 0
0 0 0 0 0 0 0 0 0 0 0 0 0 0 0 0 0 0 0 0 0 0 0 0 0 0 0 0 0 0 0 0 0 0 0 0 0 0 0 0 0 0 0 0 0 0 0 0 0 0 0 0 0 0 0 0 0 0 0 0 0 0 0 0 0 0 0 0 0 0 0 0 0 0 0 0 0 0 0 0 0 0 0 0 0 0 0 0 0 0 0 0 0 0 0 0
0 0 0 0 0 0 0 0 0 0 0 5 0 1 1 1 1 3 0 0 0 0 0 0 0 0 0 0 0 0 0 0 0 0 0 0 0 0 0 0 0 0 0 0 0 0 0 0 0 0 0 0 0 0 0 0 0 0 0 0 0 0 0 0 0 0 0 0 0 0 0 0 0 0 0 0 0 0 0 0 0 0 0 0 0 0 0 0 0 0 0 0 0 0 0 0
0 0 0 0 0 0 12 11 2 1 1 1 1 1 0 0 1 3 4 4 18 0 0 0 0 0 0 0 0 0 0 0 0 0 0 0 0 0 0 0 0 0 0 0 0 0 0 0 0 0 0 0 0 0 0 0 0 0 0 0 0 0 0 0 0 0 0 0 0 0 0 0 0 0 0 0 66 0 0 0 0 0 0 0 0 0 0 0 0 0 0 0 0 0 0 0
0 0 0 9 12 7 2 2 1 1 1 0 0 1 1 1 2 4 3 3 18 35 1 1 4 5 0 0 0 0 0 0 0 0 0 0 0 0 0 0 0 0 0 0 0 0 0 0 0 0 0 0 2 1 0 0 0 0 0 0 0 0 0 0 0 0 0 0 0 0 0 0 0 0 0 0 0 0 0 0 0 0 0 0 0 0 0 0 0 0 0 0 0 0 0 0
0 0 0 5 2 1 1 1 1 1 1 1 1 1 1 1 0 2 6 9 24 20 6 0 0 0 0 0 0 0 0 0 0 0 0 0 0 0 0 0 0 0 6 0 0 0 0 0 0 0 3 7 10 7 0 0 0 0 0 0 0 0 0 0 0 0 0 0 0 0 0 0 0 1 1 1 0 0 0 0 0 0 0 0 0 0 0 0 0 0 0 0 0 0 0 0
0 6 4 2 0 0 0 0 2 3 5 3 5 10 3 3 2 3 3 3 3 1 0 1 0 0 0 0 0 0 0 0 0 0 0 0 0 0 0 0 0 1 1 1 1 11 1 2 2 2 6 5 2 0 13 0 0 0 0 0 0 0 0 0 21 0 0 0 0 0 0 0 0 0 1 0 0 0 0 0 0 0 0 0 0 0 0 0 0 0 0 0 0 0 0 0
7 3 1 1 1 1 1 3 9 13 0 0 0 21 2 2 2 2 1 1 1 1 0 0 0 0 0 0 1 1 1 1 1 1 1 0 1 0 0 0 0 1 1 1 1 13 1 2 2 2 1 0 0 0 0 0 0 0 0 0 10 0 0 0 0 0 0 0 0 0 0 0 0 0 0 0 0 0 0 0 0 0 0 0 0 0 0 0 0 0 0 0 0 0 0 0
2 1 1 1 1 1 2 4 14 0 0 0 17 20 5 8 3 2 8 1 1 2 6 0 0 0 1 76 102 2 2 1 1 1 1 1 1 1 1 1 4 3 1 1 1 1 1 0 0 0 0 0 0 0 0 0 0 0 0 0 0 0 0 0 0 0 0 0 0 0 0 0 0 0 0 0 0 0 0 0 0 0 0 0 0 0 0 0 0 0 0 0 0 0 0 0
3 2 8 5 3 6 8 0 0 0 22 16 7 7 7 14 5 5 3 1 2 3 11 2 2 1 6 2 3 2 2 2 1 1 1 1 1 1 1 1 5 14 3 2 1 4 0 0 0 0 0 0 0 1 4 0 0 0 0 0 0 0 6 18 0 0 0 0 0 0 0 0 0 0 0 0 0 0 0 0 0 0 0 0 0 0 0 0 0 0 0 0 0 0 0 0
1 1 2 3 14 21 0 0 0 12 18 11 9 32 8 27 12 22 7 2 2 2 11 3 2 2 3 3 4 3 2 2 2 1 2 1 2 4 3 1 1 3 4 1 1 1 1 0 0 0 1 1 1 12 1 1 0 0 0 1 1 1 9 1 1 9 0 0 0 0 0 0 0 0 0 0 0 0 0 0 0 0 0 0 0 0 0 0 0 0 0 0 0 0 0 0
2 2 4 5 13 0 0 0 0 53 17 54 25 17 10 14 24 12 15 9 5 5 64 0 3 3 3 3 5 6 5 4 3 3 17 10 2 4 28 17 1 1 1 1 1 1 1 1 1 2 2 2 2 2 1 1 0 6 0 1 17 47 1 8 2 0 0 0 0 0 0 0 0 0 0 0 0 0 0 0 0 0 0 0 0 0 0 0 0 0 0 0 0 0 0 0
7 4 10 23 25 33 0 0 0 0 64 23 149 131 45 19 0 107 144 0 8 8 6 3 3 4 4 5 5 4 4 3 3 3 11 6 4 2 2 1 2 2 2 2 2 2 2 9 3 1 1 2 8 1 1 0 0 0 1 1 7 1 1 0 48 0 8 0 0 0 0 0 0 0 0 0 0 0 0 0 0 0 0 0 0 0 0 0 0 0 0 0 0 0 0 0
13 33 21 37 55 175 230 0 0 0 0 0 0 0 0 0 32 236 511 18 23 18 7 4 4 57 9 60 13 4 4 3 3 4 4 3 5 4 2 4 5 4 10 5 52 10 12 7 32 3 1 1 1 1 1 1 1 0 0 1 1 1 1 1 0 0 0 0 0 0 0 1 1 1 1 1 0 0 0 0 0 0 1 1 1 1 1 1 1 1 0 0 0 0 0 0
42 38 0 42 36 0 0 0 0 0 13 0 17 19 31 0 6 13 8 56 7 10 14 8 7 9 0 10 11 12 8 6 7 11 6 5 14 90 33 9 28 8 13 27 134 38 8 29 23 4 4 4 2 8 1 2 19 1 1 1 0 1 1 1 0 0 0 0 0 1 6 2 1 1 1 1 0 0 0 0 16 1 1 1 1 1 1 1 1 1 19 1 0 0 0 0
96 28 31 13 19 0 18 0 0 0 20 0 115 22 17 16 45 10 7 11 6 17 22 18 12 13 55 126 89 53 31 8 8 12 13 10 13 12 8 8 14 16 28 21 87 10 7 51 56 44 9 17 8 90 5 4 2 2 2 2 2 3 2 2 1 1 1 1 1 1 2 4 5 10 2 1 1 1 1 1 3 3 2 2 2 1 1 2 2 1 1 3 2 0 1 1
0 32 33 28 0 0 0 0 0 37 30 60 83 24 26 21 11 9 26 8 9 6 21 70 65 67 75 27 113 70 28 295 69 13 16 146 21 25 22 22 25 131 47 17 15 18 13 29 241 52 30 24 9 10 17 6 6 15 6 4 2 4 9 4 3 2 1 1 1 1 2 6 84 12 21 9 5 7 32 4 106 17 6 23 6 4 5 2 2 49 3 3 3 9 1 1
592 123 0 0 0 0 0 0 0 80 33 54 50 27 34 21 40 15 66 9 12 15 16 21 93 1626 217 51 29 24 54 50 22 21 32 50 72 195 28 46 111 16 24 21 14 11 11 43 42 203 11 11 12 63 7 6 6 8 6 7 11 95 13 7 6 4 15 2 3 5 105 46 24 14 93 4 4 15 7 4 41 6 11 3 4 1 7 1 2 3 3 1 1 1 1 1
0 121 0 0 60 90 196 0 121 37 34 92 50 111 47 28 49 23 45 61 25 11 14 20 75 148 63 101 18 24 16 20 24 73 27 23 150 33 19 15 55 51 26 56 139 13 23 28 24 46 8 7 8 7 6 8 9 41 8 12 11 102 11 6 5 7 6 6 5 7 26 103 8 10 80 3 1 5 6 5 3 3 3 2 1 1 5 4 10 4 5 1 1 1 1 1
50 65 87 83 60 90 135 93 65 58 54 93 38 58 45 274 27 49 75 24 28 26 99 16 26 37 78 30 22 24 18 24 49 72 33 19 48 150 198 23 21 13 12 35 53 4 37 46 13 9 8 51 6 6 6 8 8 27 9 5 4 5 6 5 6 7 17 8 7 13 10 107 22 7 42 107 17 6 6 63 3 2 2 1 1 0 1 1 2 6 13 20 4 3 1 0
76 547 87 66 124 130 99 112 229 188 68 87 34 29 45 35 18 43 66 67 37 27 20 33 66 25 38 100 37 78 20 21 19 16 15 41 12 23 12 9 21 12 8 26 9 5 16 6 6 11 11 13 6 4 6 6 6 8 13 4 3 3 2 3 28 36 7 9 9 9 12 8 11 43 5 5 2 2 3 4 2 1 1 0 0 0 0 0 0 2 4 58 98 4 5 4
221 174 134 99 130 134 98 216 117 121 123 54 38 32 36 22 21 18 21 78 33 61 32 38 85 57 26 164 26 22 29 24 10 105 89 21 13 7 6 35 8 8 10 84 8 14 62 6 4 3 3 3 2 4 5 4 8 6 7 43 4 4 1 19 2 2 3 5 6 32 9 5 5 6 10 1 1 2 4 2 3 3 14 1 1 1 1 1 1 1 2 5 6 6 10 56
241 149 273 132 146 116 305 333 165 130 109 76 75 81 90 52 84 46 453 45 48 44 79 38 178 28 32 37 26 20 12 18 12 31 9 7 7 3 3 3 3 4 4 4 6 38 7 7 2 1 1 1 1 2 10 2 2 2 2 3 19 20 3 2 2 1 2 3 47 10 23 17 3 2 1 1 1 1 2 2 2 2 2 1 1 1 1 1 1 1 2 2 3 4 5 6
90 81 92 79 149 140 263 173 137 105 86 154 145 93 73 67 118 44 80 70 86 87 75 40 180 44 34 20 16 10 8 12 9 9 4 2 2 2 1 2 2 2 2 3 4 5 3 1 1 1 1 1 1 1 1 1 1 1 1 2 58 54 3 2 2 1 1 1 3 4 33 6 12 2 2 1 2 3 3 2 2 2 2 2 1 1 1 1 1 2 2 2 2 3 3 3
127 104 117 68 287 172 110 77 84 126 111 76 96 117 102 78 63 56 62 38 66 73 136 155 37 230 296 160 50 13 10 12 182 8 10 1 1 1 2 2 2 1 1 1 1 2 1 1 1 0 0 1 1 0 0 1 0 1 3 1 1 1 1 1 1 1 1 1 3 3 3 4 3 3 6 9 7 4 4 2 2 1 1 1 1 1 1 2 2 2 2 2 6 7 7 6
81 75 44 94 87 97 145 318 87 89 85 87 71 79 102 131 155 59 27 39 29 102 83 145 27 206 112 200 89 21 38 8 4 3 4 5 4 2 2 19 6 2 2 1 0 1 1 1 1 1 1 0 0 0 0 23 0 1 1 1 1 1 1 1 0 1 1 2 4 5 3 7 4 5 6 10 8 3 4 2 1 1 1 1 1 1 1 1 2 2 2 2 8 8 8 8
72 65 113 114 97 69 78 71 85 66 73 91 89 68 100 103 120 100 251 0 132 47 25 0 0 0 44 34 25 25 11 6 15 2 2 42 46 3 0 0 2 2 2 1 1 1 1 1 0 1 2 1 1 1 0 0 0 1 1 1 1 1 19 4 2 2 1 2 4 6 8 20 15 5 2 2 2 3 3 2 1 1 1 1 1 1 1 1 1 2 2 2 4 4 4 4
285 0 64 105 98 58 87 96 93 70 59 74 92 131 100 102 75 39 0 0 0 66 54 0 0 52 79 109 60 68 27 16 7 3 2 14 0 0 0 0 1 1 1 1 1 1 1 0 0 2 2 1 2 2 2 1 1 1 1 1 1 1 1 1 2 3 17 7 8 8 8 4 9 16 7 5 2 3 6 2 2 1 1 1 1 1 1 1 1 2 2 1 1 1 1 1
0 0 0 31 62 67 67 95 106 95 76 85 91 122 322 75 86 0 0 0 0 0 0 0 0 0 54 54 58 64 54 75 24 10 7 0 0 0 0 1 1 1 1 1 1 1 0 0 0 2 2 1 2 19 3 3 1 1 1 1 1 1 3 5 8 8 13 10 32 44 16 11 30 48 67 36 17 15 11 5 3 3 2 1 1 1 1 1 1 1 1 1 0 1 1 1
125 157 0 0 87 70 64 81 113 109 90 64 73 71 68 75 0 0 0 0 0 0 0 0 0 0 0 0 48 29 37 72 67 82 56 0 0 0 0 28 7 0 0 0 1 1 7 8 2 3 1 1 1 2 3 4 25 9 8 11 8 12 16 9 132 56 11 7 17 68 28 27 14 11 22 167 17 14 6 4 3 3 1 1 1 1 1 0 0 0 0 0 0 0 0 0
199 114 0 0 0 0 55 59 137 136 77 176 80 71 58 58 0 0 0 0 0 0 0 0 0 0 0 0 0 0 80 44 57 23 27 66 0 0 0 0 0 0 0 0 1 2 15 71 16 13 1 3 1 1 3 4 10 76 22 48 14 21 119 25 23 0 20 8 12 14 14 15 5 8 11 5 9 12 4 4 4 4 4 4 1 0 0 0 0 0 0 0 0 0 1 2
0 203 149 104 0 0 0 182 93 79 70 48 64 62 58 56 0 0 0 0 113 29 37 93 0 0 0 0 0 87 39 38 200 71 42 34 65 0 0 0 0 1 1 1 1 8 11 24 119 22 5 1 9 1 3 6 35 385 35 96 48 25 6 8 7 5 9 16 15 17 17 22 6 23 15 4 4 7 3 3 3 4 4 3 0 0 0 0 0 0 0 0 1 2 2 35
0 0 0 143 138 0 0 148 71 40 94 130 0 0 57 0 0 329 118 77 93 63 47 59 77 92 64 72 72 36 33 54 245 56 89 80 45 263 0 0 0 2 1 1 2 7 9 6 3 3 19 13 35 50 38 52 115 157 132 253 261 43 8 3 8 8 5 12 19 23 6 6 2 1 1 1 1 1 0 0 0 3 5 4 5 12 7 7 1 0 0 0 1 2 24 55
0 0 0 0 118 0 0 0 46 38 54 0 0 0 62 104 91 72 47 55 128 104 44 45 34 26 28 22 30 40 45 42 64 45 45 67 80 0 0 0 0 14 10 2 2 4 7 5 5 7 7 34 70 54 169 105 36 34 17 16 11 7 3 47 62 32 16 15 16 17 4 2 0 0 0 0 0 0 0 0 1 2 2 0 2 6 39 27 38 1 3 6 2 2 84 5
0 0 0 0 0 0 0 0 0 49 43 296 0 0 0 181 112 65 53 52 49 66 52 58 67 59 66 62 62 64 45 41 62 73 72 75 101 0 0 0 0 0 2 7 12 7 11 5 7 11 7 9 10 62 42 69 159 54 13 9 2 1 3 8 48 50 13 11 15 7 3 0 0 0 0 0 0 0 0 1 1 1 1 1 1 1 2 2 53 30 58 20 2 32 115 6
0 197 190 0 0 0 0 0 0 67 39 0 0 0 0 91 76 58 50 56 47 38 65 105 95 98 74 65 68 64 44 39 50 73 75 73 93 0 0 0 0 0 42 80 29 22 17 10 9 23 14 7 9 22 41 76 96 84 20 14 7 6 4 2 23 11 6 27 14 5 3 1 0 0 0 0 0 0 0 1 1 1 1 1 2 2 2 3 6 47 88 53 29 61 69 31
0 0 0 0 0 0 0 0 0 0 0 0 0 0 0 0 0 56 63 0 57 87 0 0 182 153 87 41 46 45 44 50 72 71 62 54 52 84 135 147 92 87 46 18 14 23 23 23 17 12 6 9 14 40 62 35 67 53 23 18 20 17 15 12 6 10 7 16 9 5 3 1 0 0 0 0 0 0 0 1 1 1 1 1 1 1 3 9 11 172 128 188 100 77 70 49
0 0 0 0 0 0 0 0 0 0 0 0 0 0 0 0 0 0 0 0 0 0 0 0 190 135 46 26 27 39 44 68 85 75 53 51 75 57 155 372 193 40 6 6 9 22 23 23 23 20 7 10 17 30 53 24 50 60 42 49 168 77 41 15 13 12 12 14 6 4 2 0 0 0 0 0 0 0 0 0 0 1 1 1 1 1 1 4 8 15 68 214 144 164 161 170
0 0 0 0 0 0 0 0 0 0 0 0 0 0 0 0 0 0 0 0 0 0 0 0 104 30 27 26 20 10 11 31 38 62 73 72 84 47 161 209 20 18 19 14 21 23 23 23 24 33 28 22 16 15 18 25 113 307 102 372 437 280 216 75 28 13 13 10 1 0 0 0 0 0 0 0 0 0 1 1 0 0 0 0 1 1 1 3 4 5 11 40 122 221 133 273
0 0 0 0 0 0 0 0 0 0 0 0 0 0 0 0 0 0 0 0 0 0 0 343 153 126 32 14 9 9 9 40 565 43 31 49 55 51 39 37 37 37 37 24 23 23 23 23 22 21 18 11 12 18 19 25 35 48 167 302 305 467 164 133 29 14 13 1 0 0 0 0 0 0 0 0 0 0 1 1 1 1 1 1 3 3 2 2 2 3 5 9 58 111 100 149
55 212 81 0 0 0 0 0 0 16 7 0 0 0 0 0 0 0 0 0 0 0 0 322 83 37 7 8 9 8 8 9 120 45 30 32 56 53 48 39 36 20 15 12 19 23 23 23 20 6 6 7 11 17 16 20 30 71 153 196 286 466 583 384 90 19 6 4 0 0 0 0 0 0 0 0 0 0 1 1 2 2 2 3 5 4 4 5 4 6 7 13 46 153 169 148
6 2 3 1 0 0 0 0 55 22 7 2 2 1 0 0 0 0 0 0 0 0 328 200 145 44 4 3 4 6 8 18 36 37 49 46 56 56 51 41 32 17 12 12 12 14 18 22 21 6 3 9 13 18 20 23 23 27 114 229 458 694 1024 525 303 105 14 2 1 0 0 0 0 0 0 0 0 0 0 3 4 4 4 5 5 4 9 5 7 10 12 126 437 401 486 356
2 2 2 1 3 4 3 0 1 1 1 2 2 1 1 1 1 335 522 1431 136 10 30 21 4 3 3 3 3 3 4 17 10 10 45 101 64 56 44 34 30 28 13 12 12 12 12 13 14 6 3 12 14 18 70 44 27 31 132 381 582 476 353 445 536 353 173 80 16 4 1 0 0 0 1 1 1 2 3 7 3 2 3 3 3 5 7 5 4 8 28 496 894 630 673 481
2 2 1 1 2 3 3 1 1 1 1 2 2 1 1 1 1 56 238 476 39 3 9 4 3 3 3 3 3 3 3 5 5 4 36 97 0 0 0 31 30 30 25 13 12 12 12 10 10 5 4 8 9 9 30 30 20 48 154 307 215 170 187 272 392 751 446 195 106 55 15 2 1 1 2 4 9 12 13 29 5 2 3 2 2 3 6 5 4 9 86 326 618 694 777 271
1 1 1 0 0 0 1 1 1 1 1 2 2 1 1 25 92 153 210 8 1 2 3 5 4 4 3 4 5 5 5 4 3 2 2 21 36 0 0 31 31 30 30 21 13 12 12 10 10 9 6 4 4 5 20 47 161 141 222 89 79 54 87 211 633 1649 707 606 229 175 91 113 73 30 5 5 5 8 6 5 5 3 10 9 4 1 5 9 7 22 77 100 349 365 268 184
1 1 2 4 1 0 0 1 1 1 1 1 1 1 1 23 44 59 139 129 1 1 0 0 5 6 5 5 5 5 5 5 5 4 2 2 2 0 0 0 29 27 23 18 15 13 12 10 10 10 9 7 7 7 11 161 211 114 36 25 36 78 152 290 324 545 647 557 531 460 390 430 272 340 99 82 119 36 30 44 12 26 149 215 12 7 10 23 30 42 100 177 215 267 288 212
1 1 3 1 0 0 0 0 0 0 0 0 0 0 0 0 0 0 0 280 193 1 0 0 5 9 9 8 5 5 5 4 7 11 8 4 2 2 0 0 0 0 0 0 0 15 13 10 10 10 18 20 15 12 14 105 245 94 18 23 92 137 189 322 220 257 345 447 806 647 725 907 866 885 597 468 547 478 318 391 388 171 189 23 2 2 13 57 80 110 107 161 214 289 370 184
0 0 0 0 0 0 0 0 0 0 0 0 0 0 0 0 0 0 0 0 146 1 1 0 0 6 10 10 7 7 4 6 9 11 11 6 2 2 49 50 0 0 0 0 0 0 15 10 10 12 19 22 15 14 38 543 340 101 68 66 106 137 179 166 133 115 238 229 315 546 934 755 821 1096 777 640 686 846 204 174 96 72 62 8 18 22 77 84 171 102 224 188 211 185 107 93
0 0 0 0 0 0 0 0 0 0 0 0 0 0 0 0 0 0 0 0 9 6 1 0 0 8 10 10 10 10 9 11 11 11 11 9 3 2 5 0 0 0 15 58 38 0 0 0 0 0 0 0 0 0 0 315 141 86 81 139 186 180 184 167 157 129 162 136 163 230 190 236 417 399 347 453 867 969 1058 634 382 134 56 24 33 42 95 113 103 69 213 152 116 75 67 117
0 0 0 0 0 0 0 0 0 0 0 0 0 0 0 0 0 0 0 0 19 14 1 1 0 0 14 12 10 18 13 11 11 11 11 11 5 2 2 4 15 15 15 11 7 37 117 0 0 0 0 0 0 0 0 0 0 48 76 126 598 276 242 232 180 254 163 184 183 130 106 108 162 360 638 625 954 911 2001 683 66 20 29 53 23 33 34 67 54 63 114 139 117 85 136 168
0 0 0 0 0 0 0 0 0 0 0 0 0 0 0 0 0 0 0 19 25 5 1 1 0 0 0 26 21 26 26 15 11 11 11 11 3 2 2 2 3 5 7 5 6 8 7 0 0 0 0 0 0 0 0 0 0 130 214 154 439 456 220 244 192 129 135 150 98 150 170 130 182 172 343 840 2041 579 1000 0 163 15 58 161 108 31 20 38 54 35 36 62 87 65 100 140
0 0 0 0 0 0 0 0 0 0 0 0 0 0 0 0 0 0 0 0 3 2 1 1 1 0 0 27 27 27 27 18 11 11 11 11 2 2 2 2 2 2 2 2 0 1 3 0 0 0 0 0 0 0 0 0 0 0 226 221 0 238 200 219 159 154 236 297 186 338 239 244 120 143 294 0 0 0 0 0 154 10 88 208 112 23 17 20 30 21 13 57 89 586 264 91
0 0 0 0 0 0 0 0 0 0 0 0 0 0 0 0 0 0 0 0 3 2 1 1 1 0 0 0 34 131 27 24 11 11 11 10 2 2 2 2 2 2 2 0 0 0 0 0 0 0 0 0 0 0 0 0 0 0 0 0 0 285 254 251 222 223 182 175 97 158 131 162 126 389 538 0 0 0 0 0 0 56 92 145 86 47 10 38 28 15 17 16 35 446 1117 0
0 0 0 0 0 0 0 0 0 0 0 0 2 2 2 2 2 2 2 2 3 3 1 1 3 0 0 0 0 91 25 25 14 9 8 6 2 2 2 2 2 1 0 0 0 0 0 0 0 0 0 0 0 0 0 0 0 0 0 0 0 402 236 235 198 229 135 124 39 69 156 106 256 0 0 0 0 0 0 0 0 0 35 90 66 24 19 87 65 18 20 12 24 362 0 0
0 0 0 0 0 0 0 0 0 0 0 0 2 2 2 2 3 3 3 3 4 3 2 2 13 22 0 0 0 33 26 22 5 3 3 3 2 1 1 1 0 0 0 0 0 0 0 0 0 0 0 0 0 0 0 0 0 0 0 0 0 471 207 174 239 231 289 286 40 65 112 322 0 0 0 0 0 0 0 0 0 0 47 150 80 11 79 100 54 17 45 47 17 259 0 0
0 0 0 0 0 0 0 0 0 0 0 0 2 2 2 2 3 3 3 3 8 8 8 7 6 12 20 0 0 0 69 34 5 3 3 2 1 0 0 0 2 5 4 0 0 0 0 0 0 0 0 0 0 0 0 0 0 0 0 0 0 203 259 226 196 257 600 287 196 122 305 0 0 0 0 0 0 0 0 0 0 0 99 214 152 52 20 63 60 51 150 110 89 19 93 0
0 0 0 2 1 0 0 0 0 0 0 0 2 2 2 2 2 2 2 36 52 16 10 22 28 9 28 0 0 0 0 92 35 6 3 1 3 6 3 1 2 0 0 0 0 0 0 0 0 0 0 0 0 0 0 0 0 0 0 0 0 171 443 208 150 212 155 196 511 662 0 0 0 0 0 0 0 0 0 0 0 0 119 250 0 0 30 79 115 68 146 162 101 36 38 164
0 0 2 2 2 2 2 3 2 3 3 2 2 2 1 2 2 2 2 7 239 33 11 31 22 13 106 57 0 0 0 147 151 11 6 3 11 11 6 2 0 0 0 0 0 0 0 0 0 0 0 0 0 0 0 0 0 0 0 0 0 0 247 209 219 197 156 142 0 0 0 0 0 0 0 0 0 0 0 0 0 0 0 0 0 0 12 64 122 85 151 151 162 76 19 23
0 3 4 2 2 3 4 4 4 4 14 12 4 2 1 2 2 3 7 12 70 85 15 18 15 25 76 76 20 0 0 131 143 35 16 8 15 0 0 0 0 0 0 0 0 0 0 0 0 0 0 0 0 0 0 0 0 0 0 0 0 0 139 251 187 167 174 176 0 0 0 0 0 0 0 0 0 0 0 0 0 0 0 0 0 0 21 77 244 91 111 107 81 46 10 22
12 0 0 7 3 4 4 4 5 5 30 20 22 23 10 10 10 16 26 26 54 66 11 11 14 27 68 40 25 15 0 173 156 51 0 0 0 0 0 0 0 0 0 0 0 0 0 0 0 0 0 0 0 0 0 0 0 0 0 0 0 0 0 179 209 438 226 312 0 0 0 0 0 0 0 0 0 0 0 0 0 0 0 0 0 0 48 128 1271 116 56 86 23 9 5 16
19 29 33 13 13 7 4 4 5 6 20 17 27 28 11 12 12 16 21 20 33 12 24 8 19 94 46 41 25 7 6 0 0 0 0 0 0 0 0 0 0 0 0 0 0 0 0 0 0 0 0 0 0 0 0 0 0 0 0 0 0 0 0 323 358 490 348 495 0 0 0 0 0 0 0 0 0 0 0 0 0 0 0 0 0 0 47 38 0 0 48 29 57 79 14 34
