meteoriteanalysis/data/pop/popdens/gpw_pop_density_hd_1995.asc
ncols 720 
nrows 360
xllcorner -180
yllcorner -90
cellsize .5
NODATA_value -99
[rows 158 to 236 of 360, columns 192 to 287 of 720]
15 0 0 0 0 0 0 0 0 0 0 0 0 0 0 0 0 275 526 68 64 43 38 30 696 36 10 7 16 30 26 57 0 0 0 0 0 0 0 0 0 0 0 0 0 309 0 0 0 0 0 0 0 0 0 0 0 0 0 0 0 0 0 0 0 0 0 0 0 0 0 0 0 0 0 0 0 0 0 0 0 0 0 0 0 0 0 0 0 0 0 0 0 0 0 0
56 42 0 0 0 0 0 0 0 0 0 0 0 0 0 0 0 171 56 33 51 39 18 21 31 165 33 23 81 217 81 249 549 457 739 56 0 0 0 171 44 41 17 0 0 0 0 0 0 0 0 0 0 0 0 0 0 0 0 0 0 0 0 0 0 0 0 0 0 0 0 0 0 0 0 0 0 0 0 0 0 0 0 0 0 0 0 0 0 0 0 0 0 0 0 0
144 34 19 0 0 0 0 0 0 0 0 0 0 0 0 0 0 73 34 23 32 23 11 11 0 0 38 33 53 133 45 77 118 37 17 15 16 16 50 20 21 23 19 5 4 5 0 0 0 0 0 0 0 0 0 0 0 0 0 0 0 0 0 0 0 0 0 0 0 0 0 0 0 0 0 0 0 0 0 0 0 0 0 0 0 0 0 0 0 0 0 0 0 0 0 0
45 17 14 10 0 0 0 32 0 217 0 0 0 0 0 0 105 146 73 44 0 18 8 7 0 0 100 55 55 28 32 11 4 8 9 6 12 12 14 24 14 19 17 6 5 5 0 0 0 0 0 0 0 0 0 0 0 0 0 0 0 0 0 0 0 0 0 0 0 0 0 0 0 0 0 0 0 0 0 0 0 0 0 0 0 0 0 0 0 0 0 0 0 0 0 0
16 21 56 20 11 10 12 37 182 0 0 4 5 0 0 65 104 0 35 45 35 18 11 14 54 60 28 35 20 7 8 4 7 7 6 6 7 6 6 42 20 10 9 7 5 2 1 0 0 0 0 0 0 0 0 0 0 0 0 0 0 0 0 0 0 0 0 0 0 0 0 0 0 0 0 0 0 0 0 0 0 0 0 0 0 0 0 0 0 0 0 0 0 0 0 0
0 0 0 68 29 26 44 0 0 0 0 4 3 9 0 37 52 29 26 18 37 59 80 137 47 46 28 23 37 5 5 3 5 6 5 6 8 2 1 4 10 0 224 8 4 1 1 1 1 0 0 0 0 0 0 0 0 0 0 0 0 0 0 0 0 0 0 0 0 0 0 0 0 0 0 0 0 0 0 0 0 0 0 0 0 0 0 0 0 0 0 0 0 0 0 0
0 0 0 0 0 24 34 0 0 0 0 0 3 6 60 16 17 19 28 15 20 26 101 216 24 8 8 7 7 3 4 4 19 14 12 6 5 0 1 13 42 11 5 4 4 2 2 1 1 1 4 0 0 0 0 0 0 0 0 0 0 0 0 0 0 0 0 0 0 0 0 0 0 0 0 0 0 0 0 0 0 0 0 0 0 0 0 0 0 0 0 0 0 0 0 0
0 0 0 0 0 0 0 10 0 0 0 0 0 4 7 13 19 19 20 21 56 287 41 17 11 8 7 6 4 3 4 4 1 8 11 1 1 1 0 0 3 0 2 4 3 2 2 1 1 3 7 0 0 0 0 0 0 0 0 0 0 0 0 0 0 0 0 0 0 0 0 0 0 0 0 0 0 0 0 0 0 0 0 0 0 0 0 0 0 0 0 0 0 0 0 0
0 0 0 0 0 0 0 0 0 0 0 0 0 4 5 22 39 36 19 11 32 64 41 9 17 6 7 7 3 2 3 4 2 1 1 1 1 1 1 0 0 0 2 4 4 2 1 0 0 1 15 75 0 0 0 0 0 0 0 0 0 0 0 0 0 0 0 0 0 0 0 0 0 0 0 0 0 0 0 0 0 0 0 0 0 0 0 0 0 0 0 0 0 0 0 0
0 0 0 0 0 0 0 0 0 0 0 0 0 10 14 18 957 145 31 13 29 42 42 13 5 3 1 1 1 1 0 1 1 1 1 1 1 1 1 0 0 0 1 3 2 1 0 0 0 0 1 54 14 4 0 0 0 0 0 0 0 0 0 0 0 0 0 0 0 0 0 0 0 0 0 0 0 0 0 0 0 0 0 0 0 0 0 0 0 0 0 0 0 0 0 0
0 0 0 0 0 0 0 0 0 0 0 0 0 11 19 28 94 62 40 34 75 106 78 8 3 2 2 1 0 0 0 1 1 1 1 1 1 1 0 0 0 0 1 1 1 1 0 0 0 0 1 2 4 5 6 1 3 92 6 5 2 0 0 0 0 0 0 0 0 0 0 0 0 0 0 0 0 0 0 0 0 0 0 0 0 0 0 0 0 0 0 0 0 0 0 0
0 0 0 0 0 0 0 0 0 0 0 0 0 7 35 26 201 111 58 71 78 69 12 16 2 2 1 0 0 0 0 0 1 1 1 1 1 1 0 0 0 0 1 1 1 1 1 1 0 0 2 2 3 4 3 1 2 3 2 3 2 1 0 0 0 0 0 0 0 0 0 0 0 0 0 0 0 0 0 0 0 0 0 0 0 0 0 0 0 0 0 0 0 0 0 0
0 0 0 0 0 0 0 0 0 0 0 0 0 6 11 61 377 103 49 885 52 21 7 4 1 1 0 0 0 0 0 0 1 1 1 1 0 0 0 0 0 0 0 1 1 1 3 2 0 0 1 3 1 0 0 0 0 2 1 2 2 0 4 0 0 0 0 0 0 0 0 0 0 0 0 0 0 0 0 0 0 0 0 0 0 0 0 0 0 0 0 0 0 0 0 0
0 0 0 0 0 0 0 0 0 0 0 0 0 15 7 94 134 127 111 917 72 45 7 3 1 1 0 0 0 0 0 0 1 1 1 0 0 0 1 2 0 0 1 2 3 5 5 2 1 0 0 3 1 0 0 0 0 2 1 1 1 0 0 0 0 0 0 0 0 0 0 0 0 0 0 0 0 0 0 0 0 0 0 0 0 0 0 0 0 0 0 0 0 0 0 0
0 0 0 0 0 0 0 0 0 0 0 0 0 0 103 150 44 38 28 424 20 18 4 2 1 1 0 0 0 0 0 0 0 0 0 0 0 0 0 2 4 3 3 5 5 5 5 2 1 0 0 2 2 0 0 0 0 0 0 0 0 0 0 0 0 0 0 0 0 0 0 0 0 0 0 0 0 0 0 0 0 0 0 0 0 0 0 0 0 0 0 0 0 0 0 0
0 0 0 0 0 0 0 0 0 0 0 0 0 30 642 132 42 44 7 5 18 5 2 1 1 1 0 0 0 0 0 0 0 0 0 0 0 0 0 0 1 1 3 3 2 1 5 2 0 0 0 1 4 2 0 0 0 0 0 0 0 0 0 0 0 0 0 0 0 0 0 0 0 0 0 0 0 0 0 0 0 0 0 0 0 0 0 0 0 0 0 0 0 0 0 0
0 0 0 0 0 0 0 0 0 0 0 0 14 13 83 43 19 65 6 3 4 4 5 1 1 1 1 0 0 0 0 0 0 0 0 0 0 0 0 0 1 1 1 1 1 1 3 1 0 0 0 0 4 3 0 0 0 0 0 0 0 0 0 0 0 0 0 0 0 0 0 0 0 0 0 0 0 0 0 0 0 0 0 0 0 0 0 0 0 0 0 0 0 0 0 0
0 0 0 0 0 0 0 0 0 0 0 18 11 30 84 33 43 15 2 1 1 2 1 1 1 1 1 1 0 0 0 0 0 0 0 0 0 0 0 0 0 0 1 1 1 1 1 1 1 0 0 1 4 4 2 0 1 1 1 0 1 0 1 3 0 0 1 0 0 0 0 0 0 0 0 0 0 0 0 0 0 0 0 0 0 0 0 0 0 0 0 0 0 0 0 0
0 0 0 0 0 0 0 0 0 0 0 12 17 74 31 43 48 17 4 2 1 1 1 1 1 1 0 0 0 0 0 0 0 0 0 0 0 0 0 0 0 0 0 0 0 0 0 0 0 0 0 3 3 1 1 0 1 1 1 1 1 1 6 6 1 1 1 0 0 0 0 0 0 0 0 0 0 0 0 0 0 0 0 0 0 0 0 0 0 0 0 0 0 0 0 0
0 0 0 0 0 0 0 0 0 0 0 12 86 126 17 11 23 11 3 2 2 1 1 1 1 0 0 1 0 0 0 0 0 0 0 0 0 0 0 0 0 0 0 0 0 0 0 0 1 1 0 0 0 0 0 0 1 1 1 1 1 1 6 7 1 1 1 3 0 0 0 0 0 0 0 0 0 0 0 0 0 0 0 0 0 0 0 0 0 0 0 0 0 0 0 0
0 0 0 0 0 0 0 0 46 35 9 46 56 75 16 9 8 1 3 3 1 0 0 0 0 0 1 1 0 0 0 0 0 0 0 0 0 0 0 0 0 0 0 0 0 0 0 0 1 1 0 0 0 0 0 0 1 2 1 1 1 1 2 7 6 2 6 5 0 0 0 0 0 0 0 0 0 0 0 0 0 0 0 0 0 0 0 0 0 0 0 0 0 0 0 0
0 0 0 0 0 0 0 0 24 23 154 131 16 21 23 7 4 2 1 0 0 0 0 0 0 0 0 0 0 0 0 0 0 0 0 0 0 0 0 0 0 0 0 0 0 0 0 1 1 1 1 0 0 0 0 1 2 2 2 1 1 1 1 1 5 17 5 2 0 0 0 0 0 0 0 0 0 0 0 0 0 0 0 0 0 0 0 0 0 0 0 0 0 0 0 0
0 0 0 0 0 0 0 40 38 68 164 224 4 5 13 9 6 3 2 1 0 0 0 0 0 0 0 0 0 0 0 0 0 0 0 0 0 0 0 0 0 0 0 0 0 0 0 0 0 0 1 0 0 0 0 1 2 2 3 1 0 1 1 1 1 6 3 2 0 2 0 0 0 0 0 0 0 0 0 0 0 0 0 0 0 0 0 0 0 0 0 0 0 0 0 0
0 0 0 0 0 0 0 73 53 72 49 37 6 7 4 2 1 3 3 1 0 0 0 0 0 0 0 0 0 0 0 0 0 0 0 0 0 0 0 0 0 0 0 0 0 0 0 0 0 0 1 1 1 0 0 1 2 2 2 2 1 1 1 1 1 4 7 3 2 5 7 25 30 0 0 0 0 0 0 0 0 0 0 0 0 0 0 0 0 0 0 0 0 0 0 0
0 0 0 0 0 0 105 92 62 57 140 27 5 2 2 1 1 3 3 3 2 0 0 0 0 0 0 0 0 0 0 0 0 0 0 0 0 0 0 0 0 0 0 0 0 0 0 0 0 0 0 1 1 1 0 1 1 2 2 3 2 1 1 1 2 3 7 8 6 6 140 409 57 37 33 11 0 0 0 0 0 0 0 0 0 0 0 0 0 0 0 0 0 0 0 0
0 0 0 0 0 0 38 49 103 66 85 17 2 1 1 1 2 3 3 3 3 1 0 0 0 0 0 0 0 0 0 0 0 0 0 0 1 0 0 0 0 0 0 0 0 0 0 3 0 0 0 1 1 1 1 1 1 2 2 3 2 1 1 1 2 2 3 5 8 0 42 20 20 24 10 6 10 17 24 0 0 0 0 0 0 0 0 0 0 0 0 0 0 0 0 0
0 0 0 0 0 0 84 272 215 74 32 6 4 3 1 1 1 3 3 3 3 3 1 1 2 1 1 0 0 0 0 0 0 1 1 1 1 1 1 1 0 0 0 0 0 0 42 92 1 1 1 0 1 3 4 3 5 6 0 3 2 2 1 1 1 1 1 4 20 24 7 10 8 17 8 7 11 15 23 0 36 0 0 0 0 0 0 0 0 0 0 0 0 0 0 0
0 0 0 0 0 0 0 405 121 97 70 7 5 4 2 1 1 1 3 3 3 3 2 3 3 3 3 2 1 1 1 2 1 1 1 1 1 1 1 1 1 1 0 1 1 4 51 101 38 5 2 2 4 6 0 4 9 9 9 7 2 2 2 1 2 1 1 2 9 7 5 9 5 5 3 5 14 28 25 304 17 9 15 21 0 0 0 0 0 0 0 0 0 0 0 0
0 0 0 0 0 0 0 0 129 43 21 4 2 2 2 1 1 1 3 3 3 3 3 2 1 2 2 2 2 1 1 1 1 0 0 0 0 1 2 1 1 1 0 1 1 5 10 29 0 14 7 6 0 3 5 4 5 5 9 7 3 3 3 1 2 2 1 2 0 4 4 5 3 3 3 11 15 32 27 30 13 13 12 18 42 22 19 33 43 47 0 0 0 0 0 0
0 0 0 0 0 0 0 46 36 42 11 4 2 2 2 1 1 1 1 3 3 3 3 2 1 1 1 4 6 2 1 1 0 0 0 0 1 2 3 2 1 1 1 1 2 4 5 6 4 2 4 2 1 1 1 1 1 3 8 7 3 2 1 1 2 2 2 2 0 4 3 4 3 3 4 7 18 50 29 23 17 18 21 28 12 26 48 47 28 36 702 0 0 0 0 0
0 0 0 0 0 0 36 26 29 42 6 2 2 2 2 2 1 1 1 1 3 3 3 1 1 1 0 1 7 1 0 0 0 0 0 1 2 3 1 1 1 1 1 1 1 1 2 2 1 0 1 2 1 1 1 1 2 3 5 4 1 1 1 1 2 2 3 9 0 5 3 4 5 6 7 9 11 30 46 28 22 24 22 19 27 15 55 17 19 24 82 55 0 0 0 0
0 0 0 0 0 42 47 41 27 14 14 6 2 2 2 2 1 1 1 1 1 1 1 1 0 0 0 1 1 1 0 0 1 1 1 2 3 1 1 1 1 1 1 1 0 1 0 0 0 0 0 1 1 1 1 1 1 1 1 1 1 1 1 1 2 2 2 7 7 6 4 11 15 12 8 8 11 17 36 27 22 21 74 20 16 8 30 16 16 22 26 26 35 0 0 0
0 0 0 0 0 40 44 43 37 29 23 11 4 2 2 2 2 1 1 1 1 1 0 0 0 0 0 1 1 0 0 0 1 1 2 2 2 1 1 1 0 0 0 0 1 1 0 0 0 0 1 1 1 1 1 1 1 1 1 1 1 1 0 0 1 1 4 6 6 0 8 28 40 24 7 7 7 9 16 24 19 28 156 13 7 5 22 13 22 19 16 29 26 67 25 18
0 0 0 0 0 0 45 41 28 36 32 22 19 17 4 2 2 1 1 0 1 1 0 0 0 0 0 1 0 0 0 1 1 1 0 0 0 1 1 0 0 0 0 1 1 1 1 0 0 0 1 1 1 1 1 1 1 1 1 1 1 0 0 0 0 2 8 8 9 9 8 8 15 25 5 4 5 7 9 20 13 9 50 9 5 4 16 13 23 21 14 20 26 15 19 14
0 0 0 0 0 0 0 25 27 47 47 21 14 18 18 18 14 1 1 1 1 1 0 0 0 0 1 1 0 0 0 0 0 0 0 0 0 0 0 0 0 0 1 1 1 1 1 0 0 0 1 1 1 1 1 1 1 1 1 1 1 0 0 0 0 3 3 3 6 8 7 7 6 8 7 4 6 6 4 10 14 6 14 12 8 3 10 11 20 44 34 47 42 24 28 37
0 0 0 0 0 0 0 0 127 112 46 40 9 4 9 14 12 1 1 1 1 0 0 0 0 1 1 1 1 1 0 0 0 0 0 0 0 0 0 0 0 0 1 1 1 1 1 0 0 0 1 1 1 1 1 1 1 1 1 1 1 0 0 0 3 9 3 3 8 10 10 7 6 7 6 5 4 3 4 7 9 10 10 11 16 12 10 12 23 34 42 50 29 35 27 25
0 0 0 0 0 0 0 0 0 41 40 58 14 4 5 5 1 1 1 1 1 1 1 1 1 1 1 1 1 0 0 0 0 0 0 0 0 0 1 0 0 1 1 1 1 1 0 0 0 0 0 1 1 1 1 1 1 1 1 1 1 0 0 0 1 1 1 6 8 10 12 10 4 4 4 4 4 3 3 3 4 8 8 8 17 22 18 21 33 118 36 33 24 45 19 92
0 0 0 0 0 0 0 0 0 0 55 39 32 5 6 5 2 1 2 6 4 2 3 2 1 1 1 1 1 0 0 0 0 0 0 1 1 1 1 0 1 2 1 1 1 1 0 0 0 0 0 0 1 1 1 1 1 1 1 1 1 0 0 0 1 1 1 10 8 5 5 5 2 3 4 4 2 1 2 2 3 5 4 6 8 9 15 27 17 29 28 35 42 26 15 37
0 0 0 0 0 0 0 0 0 0 118 23 15 15 12 9 3 4 7 7 7 4 3 2 1 1 1 1 1 0 1 1 1 0 1 1 1 1 1 0 5 7 6 2 1 0 0 0 0 0 0 0 1 1 1 1 1 1 1 1 1 1 0 0 1 1 1 7 7 5 7 4 2 2 2 3 2 1 2 2 5 3 3 4 4 6 14 16 11 20 17 17 16 25 43 98
0 0 0 0 0 0 0 0 0 0 0 76 24 18 7 10 6 4 5 7 7 6 3 3 1 1 1 1 1 1 1 1 1 1 1 1 1 1 1 2 0 7 7 3 1 0 0 0 0 0 0 0 0 1 1 1 1 1 1 1 1 1 0 0 1 1 1 1 3 3 6 6 2 2 3 2 1 1 2 3 4 4 6 5 3 7 24 15 8 8 8 14 16 26 59 88
0 0 0 0 0 0 0 0 0 0 0 54 42 30 17 22 15 4 5 7 7 6 3 3 1 1 1 0 1 1 1 6 3 1 1 1 1 2 7 7 7 7 8 3 2 0 0 0 0 0 1 3 1 1 2 1 1 1 1 1 1 0 0 0 0 1 2 2 2 2 6 4 2 1 2 1 1 2 3 3 3 6 8 8 6 6 20 24 8 4 4 34 37 50 65 76
0 0 0 0 0 0 0 0 0 0 0 11 33 21 23 46 25 4 4 4 3 4 1 1 1 1 0 0 1 1 5 13 13 8 3 5 4 6 7 7 7 8 8 3 8 0 0 0 0 0 1 2 3 2 4 4 3 3 3 2 2 2 1 1 1 1 1 1 1 2 6 4 2 1 1 1 2 3 3 3 4 6 7 9 4 4 17 20 9 7 7 27 24 41 124 94
0 0 0 0 0 0 0 0 0 0 0 0 12 9 20 36 10 4 4 2 1 1 1 0 0 0 0 1 1 4 10 10 9 4 1 0 0 1 1 3 7 8 8 11 17 0 0 0 0 0 0 3 4 3 2 3 4 6 3 2 3 3 1 1 1 1 1 1 1 2 14 9 4 1 1 1 1 4 3 3 4 3 3 4 3 5 10 27 15 13 13 24 24 35 67 69
0 0 0 0 0 0 0 0 0 0 0 0 57 20 16 25 19 11 9 2 2 1 1 0 0 0 1 1 2 4 3 2 3 0 0 0 4 3 2 1 5 8 11 18 19 1 0 1 1 1 2 1 2 2 1 2 6 6 2 1 1 1 0 1 2 1 1 1 1 1 7 6 1 1 1 1 1 3 5 4 4 4 0 6 8 8 13 42 21 21 27 41 60 192 0 0
0 0 0 0 0 0 0 0 0 0 0 0 0 35 30 20 32 26 10 5 0 2 2 2 1 1 1 0 0 2 2 2 1 1 1 3 6 3 2 2 2 5 10 14 24 22 7 3 2 2 2 1 1 3 1 1 1 2 1 1 1 0 0 1 1 0 1 1 1 2 5 4 3 2 2 1 1 2 4 4 4 6 5 17 39 11 22 37 24 36 28 29 59 181 0 0
0 0 0 0 0 0 0 0 0 0 0 0 0 0 491 15 31 43 33 5 5 5 5 2 1 1 1 1 1 1 0 0 1 1 3 5 5 4 2 2 1 2 2 13 20 7 6 4 2 2 2 1 1 1 1 1 4 7 2 1 0 0 0 0 0 0 1 1 1 7 10 2 2 3 3 5 6 6 5 4 4 8 6 10 28 11 18 26 28 52 41 34 24 0 0 0
0 0 0 0 0 0 0 0 0 0 0 0 0 0 938 10 27 71 43 14 6 5 5 7 1 1 1 1 1 1 1 0 0 0 1 1 1 1 1 1 1 1 2 4 7 5 5 4 2 1 1 1 1 1 1 1 2 3 2 1 1 0 0 0 1 1 1 1 2 6 2 2 1 2 3 7 7 7 7 9 4 0 7 9 17 16 15 21 22 122 127 71 24 0 0 0
0 0 0 0 0 0 0 0 0 0 0 0 0 0 0 24 10 29 32 23 11 5 6 9 3 1 1 1 1 1 1 0 0 1 2 1 1 1 1 1 0 1 2 4 3 8 6 3 0 0 0 0 1 1 1 2 2 1 1 1 1 1 1 1 1 1 1 2 2 4 2 3 1 2 5 5 1 1 2 7 9 8 12 14 13 10 7 15 20 95 505 641 0 0 0 0
0 0 0 0 0 0 0 0 0 0 0 0 0 0 0 51 33 6 21 47 20 10 14 28 11 7 10 4 2 3 1 0 0 1 2 1 1 1 1 0 0 0 1 1 3 4 7 3 0 0 0 0 0 1 1 1 2 2 1 1 1 1 1 1 1 1 1 3 4 6 5 6 1 2 5 4 2 2 6 18 13 13 13 16 12 9 12 18 39 60 0 0 0 0 0 0
0 0 0 0 0 0 0 0 0 0 0 0 0 0 0 0 28 6 7 11 24 27 26 44 74 16 9 3 4 4 0 0 0 1 2 1 1 1 1 0 0 0 1 1 1 1 2 1 1 0 0 0 0 1 1 1 1 2 1 1 1 1 2 1 1 0 1 3 6 7 6 7 1 2 4 3 2 2 3 6 12 11 15 18 17 12 11 41 55 0 0 0 0 0 0 0
0 0 0 0 0 0 0 0 0 0 0 0 0 0 0 0 29 20 4 4 11 11 9 14 17 24 12 11 4 4 1 1 0 2 2 1 1 1 5 4 3 1 1 2 1 1 1 1 1 2 4 3 3 6 6 2 2 3 1 1 1 2 3 2 1 0 2 3 13 9 7 4 2 2 8 9 1 2 3 7 9 9 36 19 24 14 15 25 51 47 0 0 0 0 0 0
0 0 0 0 0 0 0 0 0 0 0 0 0 0 0 0 0 13 6 4 4 5 4 9 10 13 14 25 17 7 2 1 1 2 2 1 1 1 5 5 3 1 1 2 1 1 1 1 1 3 4 4 4 5 6 3 3 2 2 2 1 2 3 4 1 1 4 4 8 11 5 4 3 6 3 4 2 4 7 9 8 10 17 17 15 25 50 30 47 167 0 0 0 0 0 0
0 0 0 0 0 0 0 0 0 0 0 0 0 0 0 0 0 0 5 4 4 4 4 5 4 5 7 22 31 25 8 7 8 6 2 1 1 1 1 1 1 1 1 1 1 1 1 1 1 3 9 10 7 4 5 70 37 2 2 3 2 2 5 6 2 4 3 7 27 19 7 5 15 10 5 3 4 7 6 8 9 14 13 10 13 32 31 23 27 43 0 0 0 0 0 0
0 0 0 0 0 0 0 0 0 0 0 0 0 0 0 0 0 0 0 0 2 3 4 5 4 6 28 48 0 0 19 23 137 13 2 1 1 3 3 1 1 1 1 2 2 1 1 1 3 3 5 16 4 3 2 65 60 16 6 4 2 2 3 6 4 5 6 10 21 14 8 154 308 96 6 4 5 8 7 12 16 18 12 11 13 13 13 13 16 22 0 0 0 0 0 0
0 0 0 0 0 0 0 0 0 0 0 0 0 0 0 0 0 0 0 0 0 6 8 15 61 68 22 30 19 51 0 151 51 9 7 4 3 10 7 8 8 1 1 2 1 1 1 1 1 1 2 3 4 3 2 2 1 4 22 12 3 3 2 5 5 12 7 18 27 82 53 50 61 17 7 5 5 6 12 20 34 9 7 13 15 11 12 12 28 13 0 0 0 0 0 0
0 0 0 0 0 0 0 0 0 0 0 0 0 0 0 0 0 0 0 0 0 0 0 35 45 22 6 8 11 21 18 75 95 9 8 9 10 10 6 5 9 10 2 2 1 1 1 1 1 0 0 3 3 2 2 1 1 2 21 7 3 3 3 3 3 5 5 13 27 421 10 19 17 6 7 5 3 3 10 22 42 5 9 16 15 11 13 14 22 17 0 0 0 0 0 0
0 0 0 0 0 0 0 0 0 0 0 0 0 0 0 0 0 0 0 0 0 0 0 0 0 13 7 4 9 3 4 9 14 12 10 217 23 12 7 5 5 22 9 2 1 1 1 1 1 0 0 2 3 2 2 1 1 1 2 1 2 3 4 3 4 3 7 8 9 10 9 11 4 7 8 5 4 4 22 13 9 7 13 19 20 25 14 18 38 0 0 0 0 0 0 0
0 0 0 0 0 0 0 0 0 0 0 0 0 0 0 0 0 0 0 0 0 0 0 0 0 29 13 19 14 3 3 3 17 33 28 42 36 8 7 5 30 159 69 1 1 1 1 1 1 0 0 0 1 2 2 1 1 2 2 2 2 3 4 5 9 11 18 10 11 13 13 6 8 8 8 4 4 4 10 4 9 9 14 20 25 30 14 19 20 0 0 0 0 0 0 0
0 0 0 0 0 0 0 0 0 0 0 0 0 0 0 0 0 0 0 0 0 0 0 0 0 0 0 30 22 1 1 1 3 0 24 19 14 9 5 5 18 41 1 1 1 1 1 1 1 1 1 1 1 1 1 1 1 2 3 3 3 3 2 2 5 8 10 11 18 19 10 14 11 9 15 5 3 7 9 8 11 15 23 19 13 16 14 23 19 0 0 0 0 0 0 0
0 0 0 0 0 0 0 0 0 0 0 0 0 0 0 0 0 0 0 0 0 0 0 0 0 0 0 0 11 0 1 1 2 0 11 20 20 42 8 6 4 1 1 1 1 1 1 1 1 1 1 1 1 1 1 1 2 2 2 2 2 3 2 3 2 4 9 8 24 22 16 66 15 18 25 26 9 7 12 14 10 15 26 55 53 30 35 33 31 0 0 0 0 0 0 0
0 0 0 0 0 0 0 0 0 0 0 0 0 0 0 0 0 0 0 0 0 0 0 0 0 0 0 0 0 0 1 1 1 1 5 23 35 34 13 10 2 1 1 1 1 1 1 1 1 1 1 1 6 2 1 2 2 2 3 2 1 1 2 5 5 4 8 7 11 11 24 69 27 11 10 12 10 12 15 60 12 16 106 38 23 17 39 31 29 0 0 0 0 0 0 0
0 0 0 0 0 0 0 0 0 0 0 0 0 0 0 0 0 0 0 0 0 0 0 0 0 0 0 0 0 0 0 1 1 1 3 7 17 14 10 9 2 1 1 1 1 0 0 0 0 0 0 1 1 2 3 3 3 2 2 2 1 1 2 4 3 6 10 11 7 8 8 20 35 15 18 8 14 26 48 432 714 71 52 45 34 24 36 42 0 0 0 0 0 0 0 0
0 0 0 0 0 0 0 0 0 0 0 0 0 0 0 0 0 0 0 0 0 0 0 0 0 0 0 0 8 0 0 1 1 1 3 3 4 8 9 7 3 1 1 1 0 0 0 0 0 0 0 0 1 1 4 4 3 3 26 6 1 1 3 6 3 14 44 51 26 20 0 0 40 37 7 10 26 36 79 117 82 33 47 51 47 36 58 693 0 0 0 0 0 0 0 0
0 0 0 0 0 0 0 0 0 0 0 0 0 0 0 0 0 0 0 0 0 0 0 0 0 0 0 0 2 0 0 1 1 1 2 4 4 7 7 6 3 1 1 1 0 0 0 0 0 0 0 0 1 1 3 4 6 4 32 55 2 1 2 6 9 38 43 31 39 138 61 42 56 85 48 22 24 35 30 21 70 32 62 47 43 86 57 0 0 0 0 0 0 0 0 0
0 0 0 0 0 0 0 0 0 0 0 0 0 0 0 0 0 0 0 0 0 0 0 0 0 0 0 0 11 1 5 1 1 1 1 6 6 6 23 10 4 5 5 2 0 0 0 0 0 0 0 0 1 1 3 5 4 4 3 36 45 1 1 2 23 27 32 67 27 49 74 110 179 35 52 35 45 57 26 40 67 43 76 57 55 48 0 0 0 0 0 0 0 0 0 0
0 0 0 0 0 0 0 0 0 0 0 0 0 0 0 0 0 0 0 0 0 0 0 0 0 0 0 0 3 1 6 3 0 0 0 3 10 9 28 8 5 5 5 0 0 0 0 0 0 0 0 0 1 1 4 7 7 10 6 7 11 5 3 0 37 60 49 36 45 22 44 94 80 59 102 37 40 69 20 14 77 107 42 39 55 77 0 0 0 0 0 0 0 0 0 0
0 0 0 0 0 0 0 0 0 0 0 0 0 0 0 0 0 0 0 0 0 0 0 0 0 0 0 0 3 2 9 9 1 0 0 1 6 6 6 9 7 6 1 0 0 0 2 2 2 1 0 0 4 2 4 5 10 20 28 28 10 5 0 16 20 56 24 39 62 112 72 37 79 131 98 45 61 71 39 117 54 150 100 69 0 0 0 0 0 0 0 0 0 0 0 0
0 0 0 0 0 0 0 0 0 0 0 0 0 0 0 0 0 0 0 0 0 0 0 0 0 0 0 2 1 2 8 2 0 0 1 1 2 3 3 8 7 6 1 1 0 0 1 2 1 1 1 0 5 6 5 11 14 8 8 7 8 15 29 28 28 33 41 45 45 23 59 45 138 539 226 61 85 130 45 97 1114 2526 322 104 0 0 0 0 0 0 0 0 0 0 0 0
0 0 0 0 0 0 0 0 0 0 0 0 0 0 0 0 0 0 0 0 0 0 0 0 0 0 0 5 0 0 1 0 0 0 0 1 4 5 9 9 8 4 1 2 1 0 0 0 1 1 1 1 2 15 16 10 7 8 6 7 15 24 25 62 112 122 52 52 52 33 27 26 102 283 1144 507 185 43 0 0 0 0 0 0 0 0 0 0 0 0 0 0 0 0 0 0
0 0 0 0 0 0 0 0 0 0 0 0 0 0 0 0 0 0 0 0 0 0 0 0 0 0 0 9 6 5 1 0 0 0 0 0 3 10 20 6 9 2 1 2 1 1 1 1 1 1 1 1 1 7 7 10 4 9 10 16 33 31 33 41 53 107 38 27 33 27 24 39 59 141 3601 1439 126 0 0 0 0 0 0 0 0 0 0 0 0 0 0 0 0 0 0 0
0 0 0 0 0 0 0 0 0 0 0 0 0 0 0 0 0 0 0 0 0 0 0 0 0 0 0 9 9 9 9 4 0 0 0 2 12 73 37 4 4 1 1 2 1 1 1 2 2 1 1 1 1 4 25 22 8 8 8 32 33 37 36 37 40 19 23 18 16 26 31 19 23 27 167 0 0 0 0 0 0 0 0 0 0 0 0 0 0 0 0 0 0 0 0 0
0 0 0 0 0 0 0 0 0 0 0 0 0 0 0 0 0 0 0 0 0 0 0 0 0 0 0 1 2 5 8 1 0 0 0 2 19 112 21 2 2 2 1 2 2 1 2 2 2 2 3 2 3 6 12 28 15 13 0 0 55 45 21 20 20 17 12 24 20 12 10 18 29 0 0 0 0 0 0 0 0 0 0 0 0 0 0 0 0 0 0 0 0 0 0 0
0 0 0 0 0 0 0 0 0 0 0 0 0 0 0 0 0 0 0 0 0 0 0 0 0 0 0 1 1 3 6 1 0 0 0 2 7 0 5 5 2 2 1 2 2 2 2 2 2 4 6 12 376 210 28 46 37 25 86 48 24 53 20 17 27 26 26 55 62 428 28 12 0 0 0 0 0 0 0 0 0 0 0 0 0 0 0 0 0 0 0 0 0 0 0 0
0 0 0 0 0 0 0 0 0 0 0 0 0 0 0 0 0 0 0 0 0 0 0 0 0 0 0 1 1 1 1 0 0 0 1 1 2 3 6 5 2 1 1 1 1 2 2 3 4 7 17 25 17 53 31 53 20 17 92 51 34 45 32 25 17 17 26 20 26 256 45 0 0 0 0 0 0 0 0 0 0 0 0 0 0 0 0 0 0 0 0 0 0 0 0 0
0 0 0 0 0 0 0 0 0 0 0 0 0 0 0 0 0 0 0 0 0 0 0 0 0 0 0 2 1 1 1 0 0 0 2 3 5 5 7 3 2 1 1 1 1 1 5 9 7 7 11 19 3 8 12 21 16 17 22 22 22 44 45 19 11 26 19 21 32 104 129 0 0 0 0 0 0 0 0 0 0 0 0 0 0 0 0 0 0 0 0 0 0 0 0 0
0 0 0 0 0 0 0 0 0 0 0 0 0 0 0 0 0 0 0 0 0 0 0 0 0 0 0 3 3 4 3 1 0 1 2 3 27 254 27 3 2 1 1 1 5 8 19 29 8 7 8 11 4 9 15 16 19 34 22 13 27 49 51 29 11 29 19 16 20 123 121 0 0 0 0 0 0 0 0 0 0 0 0 0 0 0 0 0 0 0 0 0 0 0 0 0
0 0 0 0 0 0 0 0 0 0 0 0 0 0 0 0 0 0 0 0 0 0 0 0 0 0 3 6 7 5 3 1 1 1 2 6 52 33 23 22 4 2 1 1 4 11 13 8 4 17 56 10 5 7 11 24 80 38 26 25 39 52 61 40 45 31 26 19 51 45 126 0 0 0 0 0 0 0 0 0 0 0 0 0 0 0 0 0 0 0 0 0 0 0 0 0
0 0 0 0 0 0 0 0 0 0 0 0 0 0 0 0 0 0 0 0 0 0 0 0 0 0 5 4 3 1 1 1 1 1 2 3 17 9 31 55 11 2 1 1 3 6 13 6 1 74 94 6 5 4 4 5 72 35 45 50 31 31 31 48 27 13 15 27 19 13 161 0 0 0 0 0 0 0 0 0 0 0 0 0 0 0 0 0 0 0 0 0 0 0 0 0
0 0 0 0 0 0 0 0 0 0 0 0 0 0 0 0 0 0 0 0 0 0 0 0 0 0 5 6 1 0 0 0 1 1 3 2 48 4 13 19 5 3 3 3 2 2 2 2 9 14 12 6 3 3 4 6 12 16 32 46 40 22 47 54 20 13 20 22 11 54 78 0 0 0 0 0 0 0 0 0 0 0 0 0 0 0 0 0 0 0 0 0 0 0 0 0
