meteoriteanalysis/data/pop/popdens/gpw_pop_density_qd_1990a.asc
ncols 1440 
nrows 720
xllcorner -180
yllcorner -90
cellsize .25
NODATA_value -99
[rows 160 to 239 of 720, columns 1056 to 1151 of 1440]
4 4 4 4 2 1 1 1 1 1 1 1 1 1 1 1 1 1 1 1 1 1 1 2 2 2 2 2 2 2 2 2 2 2 2 2 2 2 2 2 2 2 2 2 1 1 1 1 1 1 1 1 1 1 1 1 1 1 1 1 1 1 1 1 1 1 1 1 1 1 1 1 1 1 1 1 1 1 1 1 1 1 2 2 2 2 2 2 2 2 2 2 2 3 3 2
25 91 5 5 4 2 2 2 1 2 2 1 1 1 1 1 1 1 1 1 1 2 2 2 2 2 2 2 2 2 2 2 2 2 2 2 2 2 2 2 2 2 2 2 2 2 1 1 1 1 1 1 1 1 1 1 1 1 1 1 1 1 1 1 1 1 1 1 1 1 1 1 1 1 1 1 1 1 1 1 1 1 2 2 2 2 2 2 2 2 2 2 2 2 2 2
5 6 7 7 4 3 3 3 3 3 3 2 1 1 1 1 2 3 3 3 3 3 3 3 2 3 3 2 2 2 2 2 2 2 2 2 2 2 2 2 2 2 2 2 2 2 1 1 1 1 1 1 1 1 1 1 1 1 1 1 1 1 1 1 1 1 1 1 1 1 1 1 1 1 1 1 1 1 1 1 1 1 2 2 2 2 2 2 2 2 2 2 2 2 2 2
5 7 7 7 5 3 3 3 3 3 3 5 5 3 3 3 3 3 3 3 3 3 3 3 3 3 3 2 2 1 1 2 2 2 2 2 2 0 2 2 2 2 2 2 2 1 1 1 1 1 1 1 0 0 1 1 1 1 1 1 1 1 1 1 1 1 1 1 1 1 1 1 1 1 1 1 1 1 1 1 1 2 2 2 2 2 2 2 2 2 2 2 2 2 2 2
3 3 3 3 3 3 3 2 2 2 2 8 7 5 5 4 3 3 3 3 3 3 3 3 3 3 3 3 2 1 1 1 2 2 2 2 2 0 1 1 1 1 1 1 1 1 1 1 1 1 1 1 0 1 1 1 1 1 1 1 1 1 1 1 1 1 2 2 2 2 2 1 1 1 1 1 1 1 1 1 1 4 6 4 4 5 5 4 5 5 5 5 4 2 2 2
3 3 3 3 2 2 2 2 2 2 5 8 6 5 6 9 5 3 3 3 3 3 3 3 3 3 3 3 1 1 1 1 1 1 1 2 2 1 1 1 1 1 1 1 1 1 1 1 1 1 1 1 1 1 1 1 1 1 1 1 1 1 1 1 1 2 2 2 2 2 2 2 2 1 1 1 1 1 1 1 1 7 9 9 9 9 9 9 9 9 9 9 8 5 3 5
3 3 3 2 2 2 3 6 7 8 8 7 6 5 9 15 15 12 5 3 3 3 3 3 3 3 3 3 1 1 1 1 1 1 1 1 1 0 1 1 1 1 1 1 1 1 1 1 1 1 1 1 1 1 1 1 1 1 1 2 1 2 2 2 2 2 2 2 2 2 2 2 2 2 1 1 1 1 1 1 5 9 9 9 9 9 9 9 9 9 9 9 9 9 9 9
3 3 2 2 2 2 5 8 8 8 8 6 5 8 14 15 15 15 5 2 3 3 3 3 3 3 3 3 2 1 1 1 1 1 1 1 1 0 1 1 1 1 1 1 1 1 1 1 1 1 1 1 1 1 1 1 2 2 2 2 2 2 2 2 2 2 2 2 2 2 2 2 2 2 2 2 1 1 1 1 2 3 8 9 9 9 9 9 9 9 9 9 9 9 9 9
4 0 0 4 4 4 6 6 7 8 6 5 5 11 15 15 15 13 2 2 3 3 3 3 3 3 3 3 2 1 1 1 0 1 1 1 1 0 1 1 1 1 1 1 1 1 1 1 1 1 1 1 1 1 1 1 1 1 1 2 2 1 2 2 2 2 2 2 2 2 2 2 2 2 2 2 1 1 1 1 4 8 9 9 9 9 9 9 9 9 9 9 9 9 9 9
4 0 0 5 5 5 5 5 5 5 5 6 9 14 15 15 15 15 8 2 3 3 3 3 3 3 3 3 2 1 1 1 0 1 1 1 1 0 1 1 1 1 1 1 1 1 1 1 1 1 1 1 1 1 1 1 1 1 1 1 1 1 1 2 2 2 2 2 2 2 2 2 2 2 2 2 2 1 2 7 8 9 9 9 9 9 9 9 9 9 9 9 9 9 9 9
4 4 4 5 5 5 5 5 5 5 5 6 12 0 0 10 13 15 5 2 3 3 3 3 3 3 3 3 2 1 1 1 1 1 1 1 1 1 1 1 1 1 1 1 1 1 1 1 1 1 1 1 1 1 1 1 1 1 1 1 1 1 1 2 2 2 2 2 2 2 2 2 2 2 2 2 2 2 2 4 9 9 9 9 9 9 9 9 9 9 9 9 9 9 9 9
4 4 4 4 4 4 4 4 4 4 4 3 2 0 0 2 2 2 2 2 3 3 3 3 3 3 3 3 3 1 1 1 1 1 1 1 1 1 1 1 1 1 1 1 1 1 1 1 1 1 1 1 1 1 1 1 1 1 1 1 1 1 1 1 1 1 2 2 2 2 2 2 2 2 2 2 2 2 2 2 8 9 9 9 9 9 9 9 9 9 9 9 9 9 9 9
18 19 18 4 2 2 2 2 2 2 2 2 2 0 0 2 2 2 2 3 3 3 3 3 3 3 3 3 2 1 1 1 1 1 1 1 1 1 1 1 1 1 1 1 1 1 1 1 1 1 1 1 1 1 1 1 1 1 1 1 1 1 1 1 1 1 1 1 2 2 2 2 2 2 2 2 2 2 2 2 6 9 9 9 9 9 9 9 9 9 9 9 9 9 9 9
19 19 17 3 2 2 2 2 2 2 2 2 2 2 2 2 2 2 2 3 3 3 3 3 3 3 3 3 2 1 1 1 1 1 1 1 1 1 1 1 1 1 1 1 1 1 1 1 1 1 1 1 1 1 1 1 1 1 1 1 1 1 1 1 1 1 1 1 1 2 2 2 2 2 2 2 2 2 2 2 2 7 9 9 9 6 6 5 7 6 6 8 9 8 6 8
19 19 19 13 2 2 2 2 2 2 2 2 2 2 2 2 2 2 2 3 3 3 3 3 3 3 3 3 1 1 1 1 1 1 1 1 1 1 1 1 1 1 1 1 1 1 1 1 1 1 1 1 1 1 1 1 1 1 1 1 1 1 1 1 1 1 1 1 1 1 2 2 2 2 2 2 2 2 2 2 2 2 2 3 2 1 1 1 1 1 1 1 4 3 1 1
7 6 5 9 6 15 20 16 2 2 2 2 2 2 2 2 2 2 2 3 3 3 3 3 3 3 3 3 1 1 1 1 1 1 1 1 1 1 1 1 1 1 1 1 1 1 1 1 1 1 1 1 1 1 1 1 1 1 1 1 1 1 1 1 1 1 1 1 1 2 2 2 2 2 2 2 2 2 2 2 2 1 1 1 1 1 1 1 1 1 1 1 1 1 1 1
4 4 4 4 6 23 22 9 2 2 2 2 2 2 2 2 2 2 2 2 3 3 3 3 3 3 3 2 1 1 1 1 1 1 1 1 1 1 1 1 1 1 1 1 1 1 1 1 1 1 1 1 1 1 1 1 1 1 1 1 1 1 1 1 1 1 1 1 2 2 2 2 2 2 2 2 2 2 1 1 1 1 1 1 1 1 1 1 1 1 1 1 1 1 1 1
4 4 4 14 23 24 8 2 2 2 2 2 2 2 2 2 2 2 2 2 3 3 3 3 3 3 3 1 1 1 1 1 1 1 1 1 1 1 1 1 1 1 1 1 1 1 1 1 1 1 1 1 1 1 1 1 1 1 1 1 1 1 1 1 1 1 1 1 2 2 2 2 2 2 2 2 2 1 1 1 1 1 1 1 1 1 1 1 1 1 1 1 1 1 1 1
4 4 11 24 24 11 6 6 6 6 6 8 10 6 2 2 2 2 2 2 3 3 3 3 3 5 12 3 1 1 1 1 1 1 1 1 1 1 1 1 1 1 1 1 1 1 1 1 1 1 1 1 1 1 1 1 1 1 1 1 1 1 1 1 1 1 1 1 1 2 2 2 2 2 2 2 2 2 1 1 1 1 1 1 1 1 1 1 1 1 1 1 1 1 1 1
7 10 16 24 23 14 14 14 14 14 15 20 27 14 2 2 2 2 2 3 3 3 3 3 4 12 13 11 10 5 2 2 2 1 1 1 1 1 1 1 1 1 1 1 1 1 1 1 1 1 1 1 1 1 1 1 1 1 1 1 1 1 1 1 1 1 1 1 1 1 1 2 2 2 2 2 2 2 1 1 1 1 1 1 1 1 1 1 1 1 1 1 1 1 1 1
11 11 16 42 18 14 14 14 14 14 18 20 27 33 42 39 15 15 15 17 17 14 13 13 13 13 13 13 12 7 3 3 3 3 3 3 3 3 2 1 1 1 1 1 1 1 1 1 1 1 1 1 1 1 1 1 1 1 1 1 1 1 1 1 1 1 1 1 1 1 1 1 2 2 2 2 2 2 1 0 0 0 1 1 1 1 1 1 1 1 1 1 1 1 1 1
11 11 11 113 108 14 14 14 14 14 20 20 26 33 45 26 15 15 15 17 17 13 13 13 13 13 12 9 7 5 3 3 3 3 3 3 3 3 3 3 2 1 1 1 1 1 1 1 1 1 1 1 1 1 1 1 1 1 1 1 1 1 1 1 1 1 1 1 1 1 1 2 2 2 2 2 2 1 0 0 0 0 0 1 1 1 1 1 1 1 1 1 1 1 1 1
11 11 11 110 118 14 14 233 501 14 20 20 26 33 46 22 15 15 15 17 17 15 13 13 11 8 7 7 7 3 3 3 3 3 3 3 3 3 3 3 3 3 2 1 1 1 1 1 1 1 1 1 1 1 1 1 1 1 1 1 1 1 1 1 1 1 1 1 1 1 1 2 2 2 2 2 1 1 0 0 0 0 0 0 0 0 0 1 1 1 1 1 1 1 1 1
11 11 11 36 13 14 14 67 206 14 20 21 31 31 43 29 15 15 15 17 17 15 13 13 8 7 7 7 7 3 3 3 3 3 3 3 3 3 3 3 3 2 1 1 1 1 1 1 1 1 1 1 1 1 1 1 1 1 1 1 1 1 0 1 1 1 1 1 1 1 1 1 0 0 1 0 0 0 0 0 0 0 0 0 0 0 0 0 0 0 1 0 0 0 0 1
12 11 11 11 13 14 14 14 14 18 20 31 33 21 23 35 21 16 16 17 17 13 13 12 7 7 7 7 7 5 3 3 3 3 3 3 3 3 3 3 2 1 1 1 1 1 1 1 1 1 1 1 1 1 1 1 1 1 1 1 1 0 0 0 0 0 0 0 0 0 0 0 0 0 0 0 0 0 0 0 0 0 0 0 0 0 0 0 0 0 0 0 0 0 0 0
15 13 13 12 14 14 14 14 15 20 26 33 26 388 1241 582 19 19 19 18 16 13 13 11 6 6 6 6 6 5 3 3 3 3 3 3 3 3 3 1 1 1 1 1 1 1 1 1 1 1 1 1 1 1 1 1 1 1 1 1 1 0 0 0 0 0 0 0 0 0 0 0 0 0 0 0 0 0 0 0 0 0 0 0 0 0 0 0 0 0 0 0 0 0 0 0
36 29 7 5 7 11 10 5 8 18 33 28 19 18 16 17 17 18 17 17 16 15 14 6 4 4 4 4 4 4 4 4 4 4 4 4 4 3 3 2 2 1 1 1 1 1 1 1 1 1 1 1 1 1 1 1 1 1 1 1 1 1 0 0 0 0 0 0 0 0 0 0 0 0 0 0 0 0 0 0 0 0 0 0 0 0 0 0 0 0 0 0 0 0 0 0
17 7 4 4 4 4 4 4 4 8 20 18 15 8 7 7 7 8 13 16 16 16 16 6 4 4 4 4 4 4 4 4 4 4 4 4 4 4 4 4 4 2 1 1 1 1 1 1 1 1 1 1 1 1 1 1 1 1 1 1 1 1 0 0 0 0 0 0 0 0 0 0 0 0 0 0 0 0 0 0 0 0 0 0 0 0 0 0 0 0 0 0 0 0 0 0
4 4 4 4 4 4 4 4 4 4 4 4 4 4 5 6 7 7 8 15 16 16 11 4 4 4 4 4 4 4 4 4 4 4 4 4 4 4 4 4 4 4 4 4 3 3 3 2 2 1 1 1 1 1 1 1 1 1 1 1 1 1 0 0 0 0 0 0 0 0 0 0 0 0 0 0 0 0 0 0 0 0 0 0 0 0 0 0 0 0 0 0 0 0 0 0
4 4 4 4 4 4 4 4 4 4 4 4 4 4 4 4 6 7 7 14 16 16 9 4 4 4 4 4 4 4 4 4 4 4 4 4 4 4 4 4 4 4 4 4 4 4 4 4 2 0 0 0 0 0 0 0 0 0 0 0 0 0 0 0 0 0 0 0 0 0 0 0 0 0 0 0 0 0 0 0 0 0 0 0 0 0 0 0 0 0 0 0 0 0 0 0
5 5 5 5 5 4 4 4 4 4 4 4 4 4 4 4 6 7 8 15 16 16 8 4 4 4 4 4 4 4 4 4 4 4 4 4 4 4 4 4 4 4 4 4 4 4 4 4 1 0 0 0 0 0 0 0 0 0 0 0 0 0 0 0 0 0 0 0 0 0 0 0 0 0 0 0 0 0 0 0 0 0 0 0 0 0 0 0 0 0 0 1 1 4 4 4
5 5 5 5 5 23 22 20 24 38 36 10 6 4 4 5 7 7 7 13 16 16 5 4 4 4 4 4 4 4 4 4 4 4 4 4 4 4 4 4 4 4 4 4 4 4 4 4 1 0 0 0 0 0 0 0 0 0 0 0 0 0 0 0 0 0 0 0 0 0 0 0 0 0 0 0 0 0 0 0 0 0 0 0 0 0 0 0 1 1 2 2 2 4 6 6
5 5 5 5 7 34 34 35 51 0 0 19 16 5 4 4 4 7 7 8 14 16 9 4 4 4 4 4 4 4 4 4 4 4 4 4 4 4 4 4 4 4 4 4 4 4 3 2 0 0 0 0 0 0 0 0 0 0 0 0 0 0 0 0 0 0 0 0 0 0 0 0 0 0 0 0 0 0 0 0 0 0 0 0 0 0 1 2 2 2 2 2 2 2 5 6
5 5 5 5 10 34 34 34 28 11 0 12 11 4 4 4 4 6 7 7 12 16 8 4 4 4 4 4 4 4 4 4 4 4 4 4 4 4 4 4 4 4 4 3 3 3 2 0 0 0 0 0 0 0 0 0 0 0 0 0 0 0 0 0 0 0 0 0 0 0 0 0 0 0 0 0 0 0 0 0 0 0 1 1 1 2 2 2 2 2 2 2 2 3 6 6
7 5 5 5 5 32 34 33 12 1 1 1 1 1 1 1 2 2 2 3 4 8 6 2 4 4 4 4 4 4 4 4 4 4 4 4 4 4 4 4 4 4 5 3 3 3 3 0 0 0 0 0 0 0 0 0 0 0 0 0 0 0 0 0 0 0 0 0 0 0 0 0 0 0 0 0 0 0 0 0 0 0 2 2 2 2 2 2 2 2 2 2 2 3 13 6
9 2 2 2 3 4 5 1 1 1 1 1 1 1 1 1 1 1 1 1 1 1 1 1 0 0 0 1 0 1 1 0 0 1 2 2 3 4 4 4 5 5 5 4 3 3 3 2 1 0 0 0 0 0 0 0 0 0 0 0 0 0 0 0 0 0 0 0 0 0 0 0 0 0 0 0 0 0 0 0 0 0 2 2 2 2 2 2 2 2 2 5 68 160 165 84
8 1 1 1 1 1 1 1 1 1 1 1 1 1 1 1 1 1 1 1 1 1 1 1 0 0 0 0 0 0 0 0 0 0 0 0 0 0 1 4 5 5 5 4 3 3 3 3 3 3 2 1 1 0 1 4 10 2 0 0 2 3 4 5 2 0 0 0 0 0 0 0 0 0 0 0 0 0 0 0 0 0 1 2 2 2 2 2 3 21 38 136 168 181 144 63
2 1 1 1 1 1 1 1 1 1 1 1 1 1 1 1 1 1 1 1 1 1 1 1 0 0 0 0 0 0 0 0 0 0 0 0 0 0 3 5 5 5 5 4 3 3 3 3 0 0 3 7 14 14 14 14 12 2 2 7 8 8 8 8 7 0 0 0 0 0 0 0 0 0 0 0 0 0 0 0 0 0 0 2 2 2 2 2 2 17 32 50 121 70 12 7
2 1 1 1 1 1 1 1 1 1 1 1 1 1 1 1 1 0 0 0 0 0 0 0 0 0 0 0 0 0 0 0 0 0 0 1 4 4 5 5 5 5 5 5 4 4 3 3 3 0 3 10 14 14 14 14 11 8 8 8 8 8 8 8 1 0 0 0 0 0 0 0 0 0 0 0 0 0 0 0 0 0 0 1 2 2 2 2 2 2 20 32 20 7 7 7
1 0 0 1 1 1 1 1 1 1 1 0 0 0 0 0 0 0 0 0 0 0 0 0 0 0 0 0 0 0 0 0 0 0 0 2 5 5 5 5 5 5 5 5 5 5 3 3 3 3 4 13 14 14 14 14 11 8 8 8 8 8 7 2 0 0 0 0 0 0 0 0 0 0 0 0 0 0 0 0 0 0 0 0 1 2 2 2 2 2 2 9 6 7 7 7
0 0 0 0 0 0 0 0 0 0 0 0 0 0 0 0 0 0 0 0 0 0 0 0 0 0 0 0 0 0 0 0 0 0 0 4 5 3 4 5 5 5 5 4 2 0 1 2 2 2 10 14 14 14 14 17 71 73 73 51 14 20 16 7 0 0 0 0 0 0 0 0 0 0 0 0 0 0 0 0 1 1 1 0 1 2 2 2 2 2 2 30 5 5 6 6
0 0 0 0 0 0 0 0 0 0 0 0 0 0 0 0 0 0 0 0 0 0 0 0 0 0 0 0 0 0 0 0 0 0 0 3 3 1 1 2 2 3 1 0 0 0 0 0 0 0 1 4 1 4 6 15 28 55 88 59 19 16 35 37 40 6 0 0 0 0 0 0 0 0 0 0 0 0 0 0 1 2 2 2 2 2 2 2 2 2 31 225 5 5 5 5
0 0 0 0 0 0 0 0 0 0 0 0 0 0 0 0 0 0 0 0 0 0 0 0 0 0 0 0 0 0 0 0 0 0 0 0 1 1 1 1 1 1 1 0 0 0 0 0 0 0 0 0 0 0 1 2 2 2 24 55 81 28 35 39 51 48 65 23 0 0 0 0 0 0 0 0 0 4 10 13 4 2 2 2 2 2 2 2 2 23 177 237 5 5 5 5
0 0 0 0 0 0 0 0 0 0 0 0 0 0 0 0 0 0 0 0 0 0 0 0 0 0 0 0 0 0 0 0 0 0 0 1 1 1 1 1 1 1 1 1 1 0 0 0 0 0 0 0 1 1 2 2 2 2 2 2 13 22 4 15 57 102 122 45 0 0 0 4 10 14 11 8 11 17 17 17 8 2 2 2 2 2 2 2 41 178 203 83 5 5 5 5
0 0 0 0 0 0 0 0 0 0 0 0 0 0 0 0 0 0 0 0 0 0 0 0 0 0 0 0 0 0 0 0 1 1 1 1 1 1 0 0 1 1 1 1 1 1 1 0 0 0 0 0 2 1 1 1 2 3 3 3 3 2 2 2 55 122 112 44 31 5 0 3 31 25 17 17 17 17 17 16 5 2 2 2 2 2 2 19 119 122 104 28 5 5 5 5
0 0 0 0 0 0 0 0 0 0 0 0 0 0 0 0 0 0 0 0 0 0 0 0 0 0 0 1 1 1 1 1 1 1 1 1 1 1 1 1 1 1 1 1 1 1 1 1 0 1 0 1 2 1 1 1 1 2 3 3 3 3 2 2 8 81 74 68 39 38 26 29 89 104 18 17 17 17 16 7 2 2 2 2 2 2 2 172 288 147 59 5 5 5 5 5
0 0 0 0 0 0 0 0 0 0 0 0 0 0 0 0 0 0 0 0 0 0 0 0 0 1 1 1 1 1 1 1 1 1 1 1 1 1 1 1 1 1 1 1 1 1 1 1 1 2 1 1 2 2 1 1 1 1 1 1 3 3 3 2 2 2 42 71 40 38 37 39 90 62 27 17 17 15 3 2 2 2 2 2 2 2 2 154 258 222 28 5 5 5 5 5
0 0 0 0 0 0 0 0 0 0 0 0 0 0 0 0 0 0 0 0 0 0 0 0 0 0 1 1 1 1 1 1 1 1 1 1 1 1 1 1 1 1 1 1 1 1 1 1 1 2 2 2 2 2 2 1 1 1 1 1 1 1 2 3 3 3 31 66 40 31 27 27 49 93 111 105 96 30 2 2 2 2 2 2 2 2 2 99 145 63 56 21 15 7 5 5
0 0 0 0 0 0 0 0 0 0 0 0 0 0 0 0 0 0 0 0 0 0 0 0 0 0 1 1 1 1 1 1 1 1 1 1 1 1 1 1 1 1 1 1 1 1 1 1 1 1 2 2 2 2 2 1 1 1 1 1 1 1 3 5 4 4 3 4 14 4 2 2 76 150 150 150 133 59 9 2 2 2 2 2 2 2 9 99 194 89 61 32 21 19 17 13
0 0 0 0 0 0 0 0 0 0 0 0 0 0 0 0 0 0 0 0 0 0 0 0 0 0 0 1 1 1 1 1 1 1 1 1 1 1 1 1 1 1 1 1 1 1 1 1 1 1 2 2 2 2 2 2 1 1 1 1 1 1 3 5 5 5 4 4 14 26 14 18 97 105 114 106 65 65 64 18 2 3 8 11 32 55 91 101 206 96 44 21 21 29 38 38
0 0 0 0 0 0 0 0 0 0 0 0 0 0 0 0 0 0 0 0 0 0 0 0 0 0 0 0 0 1 1 1 1 1 1 1 1 1 1 1 1 1 1 1 1 1 1 1 1 2 2 2 2 2 2 2 1 1 1 1 1 1 5 5 5 5 7 15 84 70 36 27 30 34 59 57 53 64 65 37 29 36 48 62 62 62 81 79 43 39 28 21 21 37 38 38
0 0 0 0 0 0 0 0 0 0 0 0 0 0 0 0 0 0 0 0 0 0 0 0 0 0 0 0 0 1 1 1 1 1 1 1 1 1 1 1 1 1 1 1 1 1 1 1 1 2 2 2 2 2 2 2 2 2 4 5 2 4 6 5 0 7 9 9 40 120 127 93 53 59 34 35 38 42 46 35 35 53 65 64 62 54 52 40 39 39 33 26 26 36 37 33
0 0 0 0 0 0 0 0 0 0 0 0 0 0 0 0 0 0 0 0 0 0 0 0 0 0 0 0 1 1 1 1 1 1 1 1 1 1 1 1 1 1 1 1 1 1 1 1 1 1 1 1 1 2 1 1 4 6 7 8 8 9 9 9 0 0 0 17 34 122 141 119 111 108 65 56 74 66 50 37 49 55 80 69 65 55 52 51 40 39 35 31 31 33 34 29
0 0 0 0 0 0 0 0 0 0 0 0 0 0 0 0 0 0 0 0 0 0 0 0 0 0 0 1 1 1 1 1 1 1 1 1 1 1 1 1 1 1 1 1 1 1 1 1 1 1 1 1 1 1 1 1 1 2 3 5 8 9 9 9 0 0 0 17 83 148 612 737 112 106 82 76 83 83 76 46 232 123 70 80 89 57 55 55 63 60 31 31 31 31 30 29
1 0 0 0 0 0 0 0 0 0 0 0 0 0 0 0 0 0 0 0 0 0 0 0 0 0 0 0 1 1 1 1 1 1 1 1 1 1 1 1 1 1 1 1 1 1 1 1 1 1 1 1 1 1 1 1 1 1 1 2 9 9 9 9 9 9 9 9 39 92 154 144 122 106 135 371 310 83 73 46 63 135 68 71 78 80 55 56 109 111 35 31 31 31 36 29
1 1 0 0 0 0 0 0 0 0 0 0 0 0 0 0 0 0 0 0 0 0 0 0 0 0 0 0 0 1 1 1 1 1 1 1 1 1 1 1 1 1 1 1 1 1 1 1 1 1 1 1 1 1 1 1 1 1 1 1 7 7 8 6 8 9 9 9 19 24 30 56 73 79 139 162 282 487 542 459 85 123 93 87 87 92 105 100 114 112 85 96 65 84 109 89
1 1 1 0 0 0 0 0 0 0 0 0 0 0 0 0 0 0 0 0 0 0 0 0 0 0 0 0 0 0 0 0 0 0 1 1 1 1 1 1 1 1 1 1 1 1 1 1 1 1 1 1 1 1 1 1 1 1 1 1 3 4 4 4 4 9 9 9 9 20 26 30 0 0 97 178 118 129 299 415 123 120 112 94 87 105 122 122 118 99 85 102 126 122 164 85
1 0 0 0 0 0 0 0 0 0 0 0 0 0 0 0 0 0 0 0 0 0 0 0 0 0 0 0 0 0 0 0 0 0 0 0 0 0 0 0 1 1 1 1 1 1 1 1 1 1 1 1 1 1 1 1 1 1 1 1 1 4 4 4 5 9 9 9 9 14 22 22 23 44 78 229 467 159 166 173 145 116 114 109 87 102 180 157 168 128 187 161 128 128 245 188
0 0 0 0 0 0 0 0 0 0 0 0 0 0 0 0 0 0 0 0 0 0 0 0 0 0 0 0 0 0 0 0 0 0 0 0 0 0 0 0 0 0 1 1 1 1 1 1 1 1 1 1 1 1 1 1 1 1 0 0 1 4 4 4 5 9 9 8 8 8 7 16 20 18 18 120 220 213 228 176 157 135 145 130 124 147 185 210 222 131 176 159 157 194 198 181
0 0 0 0 0 0 0 0 0 0 0 0 0 0 0 0 0 0 0 0 0 0 0 0 0 0 0 0 0 0 0 0 0 0 0 0 0 0 0 0 0 0 0 0 0 0 1 1 1 0 0 0 0 0 0 0 0 0 0 0 1 3 4 4 5 9 9 7 7 7 7 7 17 17 16 16 25 83 145 152 147 163 177 152 135 184 228 248 221 184 126 108 107 122 142 256
0 0 0 0 0 0 0 0 0 0 0 0 0 0 0 0 0 0 0 0 0 0 0 0 1 1 1 0 0 0 0 0 0 0 0 0 0 0 0 0 0 0 0 0 0 0 0 0 0 0 0 0 0 0 0 0 0 0 0 0 2 2 3 4 3 6 9 9 6 5 5 9 16 16 16 16 17 17 62 59 97 109 160 176 257 313 286 255 164 176 111 101 112 92 60 130
0 0 0 0 0 0 0 0 0 0 0 0 0 0 0 0 0 0 0 0 0 0 0 1 1 1 1 1 1 1 1 0 0 0 0 0 0 0 0 0 0 0 0 0 0 0 0 0 0 1 1 1 2 0 0 0 0 0 0 1 1 2 2 2 2 2 3 4 4 4 4 10 13 8 10 11 24 42 67 100 97 82 117 182 251 369 278 144 130 158 158 185 175 354 320 254
0 0 0 0 0 0 0 0 0 0 0 0 0 0 0 0 0 0 0 0 0 0 0 1 1 1 1 1 1 1 0 1 1 1 0 0 0 0 0 0 0 0 0 0 0 0 0 0 0 2 3 3 3 2 0 0 0 0 0 1 2 2 3 3 2 2 2 3 3 4 4 4 5 6 6 13 16 16 21 98 104 101 107 125 112 197 241 136 110 110 142 226 539 289 439 535
0 0 0 0 0 0 0 0 0 0 0 0 0 0 0 0 0 0 0 0 0 0 0 1 1 1 1 1 1 1 0 0 1 1 1 0 0 0 0 0 0 0 0 0 0 0 0 0 0 1 2 3 3 3 2 0 0 1 1 1 2 2 3 3 3 3 3 3 3 3 3 4 5 6 6 6 9 11 11 20 79 81 89 105 115 149 109 88 89 63 36 41 243 88 185 321
0 0 0 0 0 0 0 0 0 0 0 0 0 0 0 0 0 0 0 0 0 0 0 1 1 1 1 1 1 1 1 1 1 1 1 0 0 0 0 0 0 0 0 0 0 0 0 0 0 0 2 3 3 3 3 2 2 2 1 1 2 2 3 3 3 3 2 2 3 3 3 3 3 6 6 6 7 10 10 19 47 67 80 103 136 172 140 82 70 37 35 32 23 18 47 197
0 0 0 0 0 0 0 0 0 0 0 0 0 0 0 0 0 0 0 0 0 0 0 0 1 1 1 1 1 1 1 1 1 1 1 1 1 1 1 1 1 1 1 0 0 0 0 0 1 4 3 3 3 3 3 3 3 3 2 1 1 1 1 2 2 2 2 2 2 2 3 4 3 5 6 6 6 6 10 10 28 46 80 102 120 112 121 110 72 59 61 26 92 123 104 48
0 0 0 0 0 0 0 0 0 0 0 0 0 0 0 0 0 0 0 0 0 0 0 0 0 1 1 1 1 1 1 1 1 1 1 1 1 1 1 1 1 1 1 1 1 1 0 1 5 5 5 3 3 3 3 3 3 3 3 2 1 1 1 1 1 2 2 2 2 2 2 4 4 5 6 5 6 6 9 10 12 36 53 92 101 83 67 72 73 79 169 150 254 167 135 96
0 0 0 0 0 0 0 0 0 0 0 0 0 0 0 0 0 0 0 0 0 0 0 0 0 1 1 1 1 1 1 1 1 1 1 1 1 1 1 1 1 1 1 1 1 1 1 2 5 5 5 5 4 3 3 3 3 3 3 2 2 1 1 2 3 3 3 2 3 4 4 5 5 5 4 4 4 6 9 10 11 27 41 45 100 93 70 75 91 117 170 273 492 193 134 131
0 0 0 0 0 0 0 0 0 0 0 0 0 0 0 0 0 0 0 0 0 0 0 0 0 1 1 1 1 1 1 1 1 1 1 1 1 1 1 1 1 1 1 1 1 1 1 3 4 5 5 5 5 4 3 3 3 3 3 3 4 4 2 4 3 3 3 3 3 5 5 5 5 4 4 4 6 7 8 10 24 34 41 42 66 79 92 101 104 102 169 180 192 178 124 122
0 0 0 0 0 0 0 0 0 0 0 0 0 0 0 0 0 0 0 0 0 0 0 0 0 1 1 1 1 1 1 1 2 2 2 2 2 1 1 1 1 1 2 1 1 1 2 3 4 4 5 5 5 5 3 3 3 3 3 3 5 7 5 4 4 4 3 4 4 5 5 5 5 4 4 6 8 8 8 15 20 31 42 58 58 67 150 128 118 127 159 167 176 144 94 85
0 0 0 0 0 0 0 0 0 0 0 0 0 0 0 0 0 0 0 0 0 0 0 0 0 1 1 1 1 1 1 1 2 2 2 2 2 2 3 3 3 3 3 3 1 2 4 4 4 4 4 4 5 4 4 4 4 4 4 5 5 6 7 5 4 4 4 4 4 5 7 6 5 4 6 12 12 11 8 14 29 31 31 56 121 174 218 204 172 146 150 164 163 157 124 86
0 0 0 0 0 0 0 0 0 0 0 0 0 0 0 0 0 0 0 0 0 0 0 0 0 0 1 1 1 1 1 2 2 2 2 3 3 3 3 3 3 3 3 4 4 4 4 4 4 4 4 4 4 4 4 4 5 7 5 5 5 5 7 5 4 4 4 4 4 7 9 9 9 7 9 14 14 16 21 31 38 40 35 148 306 213 186 160 241 223 162 181 172 160 152 119
0 0 0 0 0 0 0 0 0 0 0 0 0 0 0 0 0 0 0 0 0 0 0 0 0 0 0 1 1 1 1 2 2 2 3 3 3 3 4 4 4 3 4 4 4 4 4 4 4 5 4 4 4 4 4 4 6 10 5 5 5 5 7 7 7 6 5 4 4 7 11 10 9 9 9 12 19 20 24 33 50 65 168 306 268 201 195 291 337 369 369 429 257 199 149 139
0 0 0 0 0 0 0 0 0 0 0 0 0 0 0 0 0 0 0 0 0 0 0 0 0 0 0 0 1 2 3 3 4 4 4 4 3 3 4 5 5 5 5 5 4 4 4 5 5 6 5 4 4 4 4 4 10 11 8 5 5 5 7 7 7 8 8 8 5 9 13 13 11 12 10 10 10 11 24 155 323 324 356 524 287 235 329 415 446 485 456 403 335 303 253 235
0 0 0 0 0 0 0 0 0 0 0 0 0 0 0 0 0 0 0 0 0 0 0 0 0 0 0 0 0 0 4 4 4 4 4 4 3 3 3 3 4 4 4 5 4 4 4 5 5 6 6 4 4 4 4 4 10 11 10 6 4 4 4 5 5 6 8 8 6 10 13 13 13 13 12 10 13 21 174 465 405 494 613 552 482 373 496 514 512 521 520 444 379 445 358 257
0 0 0 0 0 0 0 0 0 0 0 0 0 0 0 0 0 0 0 0 0 0 0 0 0 0 0 0 0 0 4 4 4 4 3 2 2 3 3 3 3 3 3 4 3 4 4 4 4 5 6 5 4 4 4 4 7 10 8 4 4 4 4 4 5 5 7 7 6 11 13 13 13 13 13 16 25 25 388 506 545 744 630 534 530 494 425 546 541 484 508 557 569 510 554 464
0 0 0 0 0 0 0 0 1 1 0 1 1 0 0 0 0 0 0 0 0 0 0 0 0 0 0 0 3 4 4 4 4 2 2 2 2 2 2 3 3 3 3 3 3 4 4 4 4 4 3 3 4 6 6 4 6 6 6 5 4 4 4 5 5 5 5 6 6 7 10 13 13 13 14 22 145 270 504 849 977 872 637 596 536 612 607 568 803 526 539 628 558 456 433 451
0 0 0 0 0 0 0 1 1 1 0 1 1 0 0 0 0 0 0 0 0 0 0 0 0 0 0 0 4 4 4 4 3 2 2 2 2 2 2 2 3 3 3 3 2 3 4 4 4 3 3 3 3 6 7 7 7 6 6 6 4 4 4 3 4 4 5 5 6 6 9 12 11 11 17 27 234 421 519 819 3321 944 639 628 619 636 652 595 696 675 685 673 491 465 439 438
0 0 0 0 0 0 0 1 1 1 1 1 2 2 1 1 1 0 0 0 1 1 0 0 0 1 3 4 5 8 10 5 2 2 2 2 2 2 2 2 2 2 2 2 2 2 2 3 4 3 3 3 3 3 6 7 7 6 6 6 5 6 5 3 3 3 4 5 5 7 8 9 9 16 26 42 303 442 467 717 721 616 607 597 625 658 658 578 705 716 691 569 438 510 479 442
0 0 0 0 0 0 0 1 1 1 1 1 2 2 2 2 2 2 2 3 7 7 6 2 2 4 7 11 11 11 9 7 6 6 3 2 2 2 2 2 2 3 3 2 2 2 2 2 2 2 2 3 3 3 3 4 6 6 6 6 6 6 4 3 3 4 4 4 5 7 9 9 13 46 55 91 353 380 527 580 580 591 627 622 583 561 556 533 627 632 608 458 508 530 320 343
