data/pop/popdens/gpw_pop_density_qd_1990.asc
ncols 1440 
nrows 720
xllcorner -180
yllcorner -90
cellsize .25
NODATA_value -99
[rows 240 to 319 of 720, columns 864 to 959 of 1440]
3 3 3 3 2 2 2 2 2 2 2 2 2 2 2 2 2 2 2 2 2 3 3 3 3 3 3 3 3 3 13 9 6 6 6 6 6 6 6 6 6 6 24 90 112 124 124 124 124 0 0 0 0 0 0 0 0 27 27 27 27 27 27 27 27 27 27 27 27 27 27 27 27 20 10 10 10 10 10 10 10 10 10 10 10 10 10 10 10 10 10 10 10 9 8 8
3 3 3 2 2 2 2 2 2 2 2 2 2 2 2 2 2 2 2 3 3 3 3 3 3 3 3 3 3 3 6 5 6 6 6 6 6 6 6 6 6 6 28 96 124 124 124 0 0 0 0 0 0 0 0 0 0 0 0 27 27 27 27 27 27 27 27 27 27 27 27 27 27 27 15 10 10 10 10 10 10 10 10 10 10 10 10 10 10 10 10 10 10 9 8 8
3 3 2 2 2 2 2 2 2 2 2 2 2 2 2 2 2 2 2 3 3 3 3 3 3 3 3 3 3 3 3 3 4 5 6 5 3 1 2 4 5 6 64 116 124 124 124 0 0 0 0 0 0 0 0 0 0 0 0 27 27 27 27 27 27 27 27 27 27 27 27 27 27 27 27 25 12 10 10 10 10 10 10 10 10 10 10 10 10 10 10 10 10 10 8 8
2 2 2 2 2 2 2 2 2 2 2 2 2 2 2 2 2 2 3 3 3 3 3 3 3 3 3 3 3 3 3 3 3 3 3 2 0 0 0 0 0 2 62 103 105 119 124 124 124 0 0 0 0 0 0 0 0 0 0 27 27 27 27 27 27 27 27 27 27 27 27 27 27 27 27 27 19 10 10 10 10 10 10 10 10 10 10 10 10 10 10 10 10 9 8 8
3 2 2 2 2 2 3 2 2 2 2 2 2 2 2 2 2 3 3 3 4 4 3 4 3 3 3 3 3 3 3 3 3 3 3 3 3 1 1 1 2 2 2 2 2 3 97 124 124 0 0 0 0 0 0 0 0 0 0 27 27 27 27 27 27 27 27 27 27 27 27 27 27 27 27 27 25 13 11 12 11 10 10 10 10 10 10 10 10 10 10 10 10 9 8 8
4 3 3 3 3 3 4 2 2 2 2 2 2 2 3 3 4 5 5 5 5 5 5 5 5 5 3 4 3 3 3 3 3 3 3 3 3 3 2 2 2 2 2 2 2 2 51 111 109 102 0 0 0 0 0 0 0 0 0 0 0 27 27 27 27 27 27 27 27 27 27 27 27 27 27 27 27 20 13 13 11 10 10 10 10 10 10 10 10 10 10 10 10 8 8 8
4 4 4 4 4 4 4 3 2 2 2 2 3 4 5 5 5 5 5 5 5 5 5 5 5 5 5 5 4 4 4 3 3 3 3 3 3 3 2 2 2 2 2 2 2 2 2 2 2 2 0 0 0 0 0 0 0 0 0 0 0 27 27 27 27 27 27 27 27 27 27 27 27 27 27 27 27 27 15 13 12 10 10 11 10 10 10 10 10 10 10 10 8 8 8 8
4 4 4 4 4 4 4 4 4 4 4 4 4 5 5 5 5 5 5 5 5 5 5 5 5 5 5 5 5 5 5 4 3 3 3 3 3 2 2 2 2 2 2 2 2 2 2 2 2 2 0 0 0 0 0 0 0 0 0 0 0 27 27 27 27 27 27 27 27 27 27 27 27 27 27 27 27 27 14 13 13 12 12 13 11 10 10 10 10 10 10 10 8 8 8 8
4 4 4 4 4 4 4 4 4 4 4 4 4 4 4 5 5 5 5 5 5 5 5 5 5 5 5 5 5 5 5 5 4 3 3 3 2 2 2 2 2 2 2 2 2 2 2 2 2 2 0 0 0 0 0 0 0 0 0 0 0 0 0 0 27 27 27 27 27 27 27 27 27 27 27 27 27 24 17 13 13 13 13 13 13 11 10 10 10 10 10 10 8 8 8 8
4 4 4 4 4 4 4 4 4 4 4 4 4 4 4 5 5 5 5 5 5 5 5 5 5 5 5 5 5 5 5 5 5 5 4 3 2 2 2 2 2 2 2 2 2 2 2 2 2 2 2 0 0 0 0 0 0 0 0 0 0 0 0 0 27 27 27 27 27 27 27 27 27 26 26 26 22 13 13 13 13 13 13 13 13 11 10 10 10 10 10 9 8 8 8 8
4 4 4 4 6 6 6 5 4 4 4 4 4 4 4 4 5 5 5 5 5 5 5 5 5 5 5 5 5 5 5 4 5 5 7 9 7 2 2 2 2 2 2 2 2 2 2 2 2 2 2 2 2 2 0 0 0 0 0 0 0 0 0 0 0 0 25 20 26 27 27 27 14 13 13 13 13 13 13 13 13 13 13 13 13 12 10 10 10 10 10 8 8 8 8 8
4 4 4 6 9 9 9 7 5 4 4 4 4 4 4 4 5 5 5 5 5 5 5 5 5 5 5 5 5 4 4 4 4 4 4 8 9 7 4 2 2 2 2 2 2 2 2 2 2 2 2 2 2 2 2 0 0 0 0 0 0 0 0 0 0 0 0 0 0 0 16 17 13 13 13 13 13 13 13 13 13 0 0 0 13 12 10 10 10 10 10 9 8 8 8 8
4 4 4 5 9 9 9 9 8 6 6 6 4 4 4 4 5 5 5 5 5 5 5 5 5 5 5 5 4 4 4 4 4 4 6 9 9 9 9 6 5 2 2 2 2 2 2 2 2 2 2 2 2 2 2 0 0 0 0 0 0 0 0 0 0 0 0 0 0 0 0 13 13 13 13 13 13 13 13 13 13 0 0 0 13 13 13 12 12 10 10 9 8 8 8 8
0 4 4 4 6 9 9 9 9 9 9 9 8 7 8 6 5 5 5 5 5 5 5 5 5 5 4 4 4 4 4 4 4 6 9 9 9 9 9 9 9 9 5 4 2 2 2 2 2 2 2 2 2 2 2 0 0 0 0 0 0 0 0 0 0 0 0 0 0 0 0 0 0 0 13 13 0 0 0 0 0 0 0 0 13 13 13 13 12 10 10 10 8 8 8 8
0 4 4 4 5 9 9 9 9 9 9 9 9 9 9 6 5 5 5 5 5 5 5 5 5 4 4 4 4 4 4 4 4 6 9 9 9 9 9 9 9 9 9 9 6 3 2 2 2 2 2 2 2 2 2 0 0 0 0 0 0 0 0 0 0 0 0 0 0 0 0 0 0 0 13 13 0 0 0 0 0 0 0 0 13 13 13 13 11 10 10 10 8 8 8 8
0 0 0 4 4 7 8 9 9 9 9 9 9 9 9 8 5 5 5 5 5 5 5 5 4 4 4 4 4 4 4 4 4 4 8 9 9 9 9 9 9 9 9 9 9 8 2 2 2 2 2 2 2 2 2 0 0 786 786 0 0 44 0 0 0 0 0 0 0 0 0 0 0 0 0 0 0 0 0 0 0 0 0 0 13 13 13 13 13 13 11 10 8 8 8 8
0 0 0 4 4 4 6 9 9 9 9 9 9 9 9 7 5 5 5 5 5 5 5 4 4 4 4 4 4 4 4 4 4 4 5 9 9 9 9 9 9 9 9 9 9 9 2 2 2 2 2 2 2 2 2 2 2 0 0 44 44 44 0 0 0 0 0 0 0 0 0 0 0 0 0 0 0 0 0 0 32 0 0 0 0 0 0 13 13 13 13 11 8 8 8 8
0 0 0 4 4 4 4 7 9 9 9 9 9 9 9 8 5 5 5 6 6 5 4 4 4 4 4 4 4 4 4 4 6 5 6 9 9 9 9 9 9 9 9 9 9 9 2 2 2 2 2 2 2 2 2 2 2 0 0 44 44 44 0 0 0 0 0 0 0 0 0 0 0 0 0 0 0 0 0 44 34 0 0 0 0 0 0 0 13 13 13 13 11 8 8 8
0 0 0 0 4 4 4 4 8 9 9 9 9 9 9 8 6 7 8 9 9 9 7 4 4 4 4 4 4 4 4 7 9 9 9 9 9 9 9 9 9 9 9 9 9 9 2 2 2 2 2 2 2 2 2 2 2 2 2 44 44 44 0 0 0 0 0 0 0 0 0 0 0 0 0 0 0 0 149 68 45 0 0 0 0 0 0 0 0 0 0 0 0 0 0 0
0 0 0 0 0 4 4 5 9 9 9 9 9 9 9 9 9 9 9 9 9 9 7 4 4 4 4 4 4 8 9 9 9 9 9 9 9 9 9 9 9 9 9 9 9 9 2 2 2 2 2 2 2 2 2 2 2 2 2 44 44 44 0 0 0 0 0 0 0 0 0 0 0 0 0 0 0 125 122 109 47 0 0 0 0 0 0 0 0 0 0 0 0 0 0 0
0 0 0 0 0 4 4 5 9 9 9 9 9 9 9 9 9 9 9 9 9 9 9 7 4 4 4 4 7 9 9 9 9 9 9 9 9 9 9 9 9 9 9 9 9 9 2 2 2 2 2 2 2 2 2 2 2 2 2 44 44 44 0 0 0 0 0 0 0 0 0 0 0 0 12 12 103 125 123 54 46 0 0 0 0 0 0 0 0 0 0 0 0 0 0 0
0 0 0 0 0 0 8 9 9 9 9 9 9 9 9 9 9 9 9 9 9 9 9 8 8 9 8 8 9 9 9 9 9 9 9 9 9 9 9 9 9 9 9 9 9 9 7 3 2 2 2 2 2 2 2 2 2 2 2 18 36 0 0 0 0 0 0 0 0 0 0 0 0 0 12 12 47 78 43 12 17 0 0 0 0 0 0 0 0 0 0 0 0 0 0 0
0 0 0 0 0 0 9 9 9 9 9 9 9 9 9 9 9 9 9 9 9 9 9 9 9 9 9 9 9 9 9 9 9 9 9 9 9 9 9 9 9 9 9 9 9 9 9 9 3 2 2 2 2 2 2 2 2 2 2 2 8 0 0 0 0 0 0 0 0 0 0 0 0 0 12 12 12 12 12 7 3 29 66 0 0 0 0 0 0 0 0 0 0 0 0 0
0 0 0 0 0 0 0 0 9 9 9 9 9 9 9 9 9 9 9 9 9 9 9 9 9 9 9 9 9 9 9 9 9 9 9 9 9 9 9 9 9 9 9 9 9 9 9 9 9 2 2 2 2 2 2 2 2 2 2 2 2 8 12 12 0 0 12 12 12 12 12 12 12 12 12 12 12 12 13 15 9 35 49 42 0 0 0 0 0 0 0 0 0 0 0 0
0 0 0 0 0 0 0 0 9 9 9 9 9 9 9 9 9 9 9 9 9 9 9 20 9 9 9 9 9 9 9 9 9 9 9 9 9 9 9 9 9 9 9 9 9 9 9 9 9 4 2 2 2 2 2 2 2 2 2 2 2 2 5 12 0 0 12 12 12 12 12 12 12 12 12 12 12 12 22 16 4 4 13 20 0 0 0 0 0 0 0 0 0 0 0 0
0 0 0 0 0 0 0 0 0 0 9 9 9 9 9 9 9 9 9 9 9 9 14 23 16 9 9 9 9 9 9 9 9 9 9 9 9 9 9 9 9 9 9 9 9 9 9 9 9 3 2 2 2 2 2 2 2 2 2 2 2 2 2 10 12 12 12 12 12 12 12 12 12 12 12 12 12 12 7 2 2 3 4 10 14 57 77 80 179 589 659 0 0 0 0 0
0 0 0 0 0 0 0 0 0 0 18 19 10 9 9 9 9 9 9 9 9 18 23 23 21 9 9 9 9 9 9 9 9 9 9 9 9 9 9 9 9 9 9 9 9 9 9 9 9 2 2 2 2 2 2 2 2 2 2 2 2 2 2 7 12 12 12 12 12 12 12 12 12 12 12 12 12 7 2 2 3 4 4 4 5 25 22 14 32 59 104 0 0 0 0 0
0 0 0 0 0 0 0 0 0 0 0 23 21 18 14 16 9 9 9 9 10 19 23 23 23 12 9 9 9 9 9 9 9 9 9 9 9 9 9 9 9 9 9 9 9 9 9 9 9 2 2 2 2 2 2 2 2 2 2 2 2 2 2 3 12 12 12 12 12 12 12 12 12 12 12 12 12 3 3 4 4 4 4 3 3 18 31 15 19 13 11 11 11 0 0 0
0 0 0 0 0 0 0 0 0 0 0 23 23 23 23 19 9 9 9 13 22 23 23 23 23 22 19 18 10 9 9 9 9 9 9 9 9 9 9 9 9 9 9 9 9 9 9 9 8 2 2 2 2 2 2 2 2 2 2 2 2 2 2 2 3 4 6 8 10 11 12 12 12 12 12 12 11 4 4 4 4 4 4 5 10 24 21 13 13 8 7 8 13 0 0 0
0 0 0 0 0 0 0 0 0 0 0 23 23 23 23 23 13 14 15 23 23 23 23 23 23 23 23 23 11 12 9 9 9 9 9 9 9 9 9 9 9 9 9 9 9 9 9 9 7 2 2 2 2 2 2 2 2 2 2 2 2 2 2 2 2 2 2 2 2 2 3 5 6 8 10 11 7 4 4 4 4 4 7 11 10 5 4 6 8 7 5 1 6 0 0 0
1 1 1 0 0 0 0 0 0 0 0 0 0 23 23 23 23 23 23 23 23 23 23 23 23 23 23 23 23 22 9 9 9 9 9 9 9 9 9 9 9 9 9 9 9 9 9 9 6 2 2 2 2 2 2 2 2 2 2 2 2 2 2 2 2 2 2 2 2 2 2 2 2 2 2 2 2 3 4 4 4 4 8 4 1 1 1 4 8 7 2 1 3 7 0 0
1 1 1 0 0 0 0 0 0 0 0 0 0 23 23 23 23 23 23 23 23 23 23 23 23 23 23 23 23 23 9 9 9 9 9 9 9 9 9 9 9 9 9 9 9 9 9 9 5 2 2 2 2 2 2 2 2 2 2 2 2 2 2 2 2 2 2 2 2 2 2 2 2 2 2 2 2 2 4 4 4 3 1 1 1 1 1 2 8 6 1 1 6 17 0 0
1 1 1 0 0 0 0 0 0 0 0 23 23 23 23 23 23 23 23 23 23 23 23 23 23 23 23 23 23 22 10 9 9 9 9 9 9 9 9 9 9 9 9 9 9 9 9 9 4 2 2 2 2 2 2 2 2 2 2 2 2 2 2 2 2 2 2 2 2 2 2 2 2 2 2 2 2 2 2 2 1 0 0 1 1 1 1 1 7 5 1 1 10 12 0 0
1 1 1 1 0 0 0 0 0 0 0 0 0 23 23 23 23 23 23 23 23 23 23 23 23 23 23 23 23 19 9 9 9 9 9 9 9 9 9 9 9 9 9 9 9 9 9 9 3 2 2 2 2 2 2 2 2 2 2 2 2 2 2 2 2 2 2 2 2 2 2 2 2 2 2 2 2 2 1 0 0 0 0 0 0 1 1 1 6 4 1 2 12 0 0 0
1 1 1 1 1 0 0 0 0 0 0 0 0 23 23 23 23 23 23 23 23 23 23 23 23 23 23 23 23 18 9 9 9 9 9 9 9 9 9 9 9 9 9 9 9 9 9 9 2 2 2 2 2 2 2 2 2 2 2 2 2 2 2 2 2 2 2 2 2 2 2 2 2 2 2 2 2 2 0 0 0 0 0 0 0 0 0 1 2 3 1 1 7 0 0 0
1 1 1 1 1 0 0 0 0 0 0 0 0 23 23 23 23 23 23 23 23 23 23 23 23 23 23 23 23 23 13 9 9 9 9 9 9 9 9 9 9 9 9 9 9 9 9 8 2 2 2 2 2 2 2 2 2 2 2 2 2 2 2 2 2 2 2 2 2 2 2 2 2 2 2 2 2 1 0 0 0 0 0 0 0 0 0 0 0 2 1 0 0 0 0 0
1 1 1 1 1 0 0 0 0 0 0 0 0 23 23 23 23 23 23 23 23 27 23 23 23 23 23 23 23 23 21 12 9 9 9 9 9 9 9 9 9 9 9 9 9 9 9 7 2 2 2 2 2 2 2 2 2 2 2 2 2 2 2 2 2 2 2 2 2 2 2 2 2 2 2 2 2 0 0 0 0 0 0 0 0 0 0 0 0 0 0 0 0 0 0 0
1 1 1 1 1 0 0 0 0 0 0 0 0 0 0 23 23 23 23 23 31 169 92 129 29 23 23 22 22 22 22 21 11 9 9 9 9 9 9 9 9 9 9 9 9 9 9 6 2 2 2 2 2 2 2 2 2 2 2 2 2 2 2 2 2 2 2 2 2 2 2 2 2 2 2 2 2 0 0 0 0 0 0 0 0 0 0 0 0 0 0 0 0 0 0 0
1 1 1 1 1 0 0 0 0 0 0 0 0 0 0 0 23 23 23 23 61 200 200 191 32 23 22 22 22 22 22 21 10 9 9 9 9 9 9 9 9 9 9 9 9 9 9 5 2 2 2 2 2 2 2 2 2 2 2 2 2 2 2 2 2 2 2 2 2 2 2 2 2 2 2 2 1 0 0 0 0 0 0 0 0 0 0 0 0 0 0 0 0 0 0 0
1 1 1 1 1 0 0 0 0 0 0 0 0 0 0 0 23 23 23 116 192 200 200 85 22 22 22 22 22 22 22 20 10 9 9 9 9 9 9 9 9 9 9 9 9 9 9 4 2 2 2 2 2 2 2 2 2 2 2 2 2 2 2 2 2 2 2 2 2 2 2 2 2 2 2 2 0 0 0 0 0 0 0 0 0 0 0 0 0 0 0 0 0 0 0 0
1 1 1 1 1 0 0 0 0 0 0 0 0 0 0 0 0 0 0 0 200 200 168 29 22 22 22 22 22 22 22 22 15 9 9 9 9 9 9 9 9 9 9 9 9 9 9 3 2 2 2 2 2 2 2 2 2 2 2 2 2 2 2 2 2 2 2 2 2 2 2 2 2 2 1 0 0 0 0 0 0 0 0 0 0 0 0 0 0 0 0 0 0 0 0 0
1 1 1 1 10 0 0 0 0 0 0 0 0 0 0 0 0 0 0 0 196 147 23 23 22 22 22 22 22 22 22 22 22 16 10 9 9 9 9 9 9 9 9 9 9 9 9 2 2 2 2 2 2 2 2 2 2 2 2 2 2 2 2 2 2 2 2 2 2 2 2 1 0 0 0 0 0 0 0 0 0 0 0 0 0 0 0 0 0 0 0 0 0 0 0 0
1 1 1 1 71 0 0 0 0 0 0 0 0 0 0 0 0 0 0 0 65 66 23 23 22 22 22 22 22 22 22 22 22 21 5 8 9 9 9 8 8 7 6 6 5 4 3 2 2 2 2 2 2 2 2 2 2 2 2 2 2 2 2 2 2 2 2 2 1 0 0 0 0 0 0 0 0 0 0 0 0 0 0 0 0 0 0 0 0 0 0 0 0 0 0 0
3 7 10 10 106 0 0 0 0 0 0 0 0 0 0 0 0 0 0 0 23 23 22 22 22 22 22 22 22 22 22 22 22 12 3 3 3 3 3 3 3 3 3 3 3 3 2 2 2 2 2 2 2 2 2 2 2 2 2 2 2 2 2 2 2 1 0 0 0 0 0 0 0 0 0 0 0 0 0 0 0 0 0 0 0 0 0 0 0 0 0 0 0 0 0 0
16 18 18 18 64 79 0 0 0 0 0 0 0 0 0 0 0 0 0 0 0 0 22 22 22 22 22 22 22 22 22 22 22 11 3 3 3 3 3 3 3 3 3 3 3 3 2 2 2 2 2 2 2 2 2 2 2 2 2 2 2 1 1 0 0 0 0 0 0 0 0 0 0 0 0 0 0 0 0 0 0 0 0 0 0 0 0 0 0 0 0 0 0 0 0 0
9 16 17 18 12 10 10 10 0 0 0 0 0 0 0 0 0 0 0 0 0 0 23 22 22 22 22 22 22 22 22 21 6 3 3 3 3 3 3 3 3 3 3 3 3 3 2 2 2 2 2 2 2 2 2 2 1 1 1 0 0 0 0 0 0 0 0 0 0 0 0 0 0 0 0 0 0 0 0 0 0 0 0 0 0 0 0 0 0 0 0 0 0 0 0 0
2 2 2 13 11 10 10 11 0 0 0 0 0 0 0 0 0 0 0 0 0 0 23 32 22 22 22 22 22 22 21 6 3 3 3 3 3 3 3 3 3 3 3 3 3 3 2 2 2 2 2 2 1 1 0 0 0 0 0 0 0 0 0 0 0 0 0 0 0 0 0 0 0 0 0 0 0 0 0 0 0 0 0 0 0 0 0 0 0 0 0 0 0 0 0 0
2 2 2 2 9 10 11 12 12 12 0 0 0 0 0 0 0 0 0 0 0 0 0 56 26 22 22 22 22 22 15 3 3 3 3 3 3 3 3 3 3 3 3 3 3 3 2 2 2 2 1 0 0 0 0 0 0 0 0 0 0 0 0 0 0 0 0 0 0 0 0 0 0 0 0 0 0 0 0 0 0 0 0 0 0 0 0 0 0 0 0 0 0 0 0 0
3 2 2 3 9 10 12 12 12 14 0 0 0 0 0 0 0 0 0 0 0 0 0 68 61 46 25 57 25 22 15 3 3 3 3 3 3 3 3 3 3 3 3 3 3 3 2 2 2 1 0 0 0 0 0 0 0 0 0 0 0 0 0 0 0 0 0 0 0 0 0 0 0 0 0 0 0 0 0 0 0 0 0 0 0 0 0 0 0 0 0 0 0 0 0 0
3 3 3 4 10 10 12 13 14 17 19 0 0 0 0 0 0 0 0 0 0 0 0 0 0 68 59 68 58 22 15 3 3 3 3 3 3 3 3 3 3 3 3 3 3 3 2 2 1 0 0 0 0 0 0 0 0 0 0 0 0 0 0 0 0 0 0 0 0 0 0 0 0 1 3 1 0 0 0 0 0 0 0 0 0 0 0 0 0 0 0 0 0 0 0 0
3 3 3 4 10 10 9 10 19 19 19 0 0 0 0 0 0 0 0 0 0 0 0 0 0 68 68 68 66 55 16 7 5 5 3 3 3 3 3 3 3 3 3 3 3 2 2 1 0 0 0 0 0 0 0 0 0 0 0 0 0 0 0 0 0 0 0 1 2 3 4 6 6 5 5 2 0 0 0 0 0 0 0 0 0 0 0 0 0 0 0 0 0 0 0 0
16 12 9 6 9 8 6 8 19 19 19 0 0 0 0 0 0 0 0 0 0 0 0 0 0 68 68 68 64 35 42 21 7 8 9 7 3 3 3 3 3 3 3 3 3 2 2 0 0 0 0 0 0 0 0 0 0 0 0 0 0 0 0 0 0 0 2 14 14 14 14 14 12 5 5 4 1 0 0 0 0 0 0 0 0 0 0 0 0 0 0 0 0 0 0 0
24 24 24 24 6 6 6 6 10 19 19 19 19 0 0 0 0 0 0 0 0 0 0 0 0 0 0 68 74 79 81 43 10 19 19 11 5 4 3 3 3 3 3 3 3 2 0 0 0 0 0 0 0 0 0 0 0 0 0 0 0 0 0 0 0 0 1 7 14 14 14 0 0 0 0 0 0 0 0 0 0 0 0 0 0 0 0 0 0 0 0 0 0 0 0 0
24 24 24 18 6 6 6 6 14 19 19 19 19 0 0 0 0 0 0 0 0 0 0 0 0 0 0 68 62 46 54 21 31 55 60 6 6 6 5 4 3 3 3 3 2 0 0 0 0 0 0 0 0 0 0 1 5 1 0 0 0 0 0 0 1 1 1 1 11 14 0 0 0 0 0 0 0 0 0 0 0 0 0 0 0 0 0 0 0 0 0 0 0 0 0 0
24 24 24 20 5 6 8 21 55 19 19 19 20 0 0 31 0 0 0 0 0 0 0 0 0 0 0 42 52 76 39 38 17 42 36 5 6 6 6 6 5 3 3 2 0 0 0 0 1 3 2 1 5 8 10 10 10 4 0 0 0 0 0 0 0 1 0 0 0 0 0 0 0 0 0 0 0 0 0 0 0 0 0 0 0 0 0 0 0 0 0 0 0 0 0 0
24 24 24 13 4 7 9 21 59 35 24 26 31 0 0 14 0 0 0 0 0 0 0 0 0 0 0 30 48 237 146 120 64 32 29 23 4 4 5 5 5 3 2 1 0 0 0 0 3 8 9 10 10 10 10 10 10 2 1 1 1 1 0 0 0 0 0 0 0 0 0 0 0 0 0 0 0 0 0 0 0 0 0 0 0 0 0 0 0 0 0 0 0 0 0 0
24 24 24 7 4 6 9 9 14 53 52 44 31 0 0 14 0 0 0 0 0 0 0 0 0 0 0 55 74 194 173 126 105 39 13 6 5 4 4 5 5 3 1 0 0 0 0 1 8 8 9 10 10 10 10 10 9 2 2 2 2 2 1 1 0 0 0 0 0 0 0 0 0 0 0 0 0 0 0 0 0 0 0 0 0 0 0 0 0 0 0 0 0 0 0 0
24 24 20 6 4 4 9 9 10 41 56 127 31 31 14 14 0 0 0 0 0 0 0 0 0 0 0 53 85 71 256 176 127 62 18 9 7 5 5 5 5 3 1 2 2 2 2 6 9 9 9 10 10 9 9 10 9 2 2 2 2 2 2 2 0 0 0 0 0 0 0 0 0 0 0 0 0 0 0 0 0 0 0 0 0 0 0 0 0 0 0 0 0 0 0 0
24 24 15 9 6 9 13 10 23 40 223 255 102 22 25 5 0 0 0 0 0 0 0 0 0 0 0 59 105 145 111 142 86 1203 47 62 18 7 6 7 11 8 2 2 2 2 4 8 9 9 9 9 8 8 8 9 9 5 4 2 2 2 2 2 0 0 0 0 0 0 0 0 0 0 0 0 0 0 0 0 0 0 0 0 0 0 0 0 0 0 0 0 0 0 0 0
24 22 10 10 10 24 28 24 29 60 223 238 151 78 44 13 0 0 0 0 0 0 0 0 0 0 0 0 65 62 87 72 61 61 41 40 30 12 13 13 13 13 5 2 2 2 4 9 9 9 9 9 8 9 8 8 8 8 8 0 0 0 0 0 0 0 0 0 0 0 0 0 0 0 0 0 0 0 0 0 0 0 0 0 0 0 0 0 0 0 0 0 0 0 0 0
26 23 10 10 10 23 24 28 51 50 48 81 33 51 47 31 6 0 0 0 0 0 0 0 0 0 0 0 243 103 73 74 79 79 50 44 12 13 17 13 13 13 12 8 3 2 2 8 9 9 13 27 25 27 10 8 8 8 0 0 0 0 0 0 0 0 0 0 0 0 0 0 0 0 0 0 0 0 0 0 0 0 0 0 0 0 0 0 0 0 0 0 0 0 0 0
18 24 10 10 10 12 19 41 40 46 47 57 62 29 32 28 14 5 5 6 0 0 0 0 0 0 0 0 53 89 142 140 130 109 95 60 33 24 34 11 12 12 12 18 11 5 5 5 7 7 15 28 28 28 0 0 0 0 0 0 0 0 0 0 0 0 0 0 0 0 0 0 0 0 0 0 0 0 0 0 0 0 0 0 0 0 0 0 0 0 0 0 0 0 0 0
10 12 10 10 9 13 25 43 38 45 88 157 150 66 69 73 76 17 6 6 6 0 0 0 0 0 0 0 76 88 91 171 140 146 128 53 48 44 25 16 13 12 12 17 16 9 5 5 6 6 12 27 0 0 0 0 0 0 0 0 0 0 0 0 0 0 0 0 0 0 0 0 0 0 0 0 0 0 0 0 0 0 0 0 0 0 0 0 0 0 0 0 0 0 0 0
10 10 8 8 8 10 35 43 39 39 99 135 168 91 69 72 52 21 17 11 6 5 0 0 0 0 0 0 103 102 85 90 296 264 161 52 30 31 78 34 16 11 12 13 13 9 5 5 5 5 6 8 0 0 0 0 0 0 0 0 0 0 0 0 0 0 0 0 0 0 0 0 0 0 0 0 0 0 0 0 0 0 0 0 0 0 0 0 0 0 0 0 0 0 0 0
10 9 8 9 14 14 21 40 38 66 104 126 120 42 22 20 21 21 21 21 9 5 5 5 5 0 0 0 93 77 153 314 449 189 85 66 72 100 41 31 18 11 12 12 10 5 5 0 0 0 0 0 0 0 0 0 0 0 0 0 0 0 0 0 0 0 0 0 0 0 0 0 0 0 0 0 0 0 0 0 0 0 0 0 0 0 0 0 0 0 0 0 0 0 0 0
10 11 14 15 14 14 15 38 77 79 69 73 66 22 21 20 21 21 21 21 18 7 5 5 5 0 0 0 0 31 98 455 328 91 62 62 75 49 29 29 20 14 14 14 13 5 5 0 0 0 0 0 0 0 0 0 0 0 0 0 0 0 0 0 0 0 0 0 0 0 0 0 0 0 0 0 0 0 0 0 0 0 0 0 0 0 0 0 0 0 0 0 0 0 0 0
10 13 17 18 18 18 29 19 21 25 34 72 60 22 22 22 22 22 21 21 22 22 12 5 5 0 0 0 28 28 47 288 317 136 23 40 46 24 0 0 0 0 0 0 0 0 0 0 0 0 0 0 0 0 0 0 0 0 0 0 0 0 0 0 0 0 0 0 0 0 0 0 0 0 0 0 0 0 0 0 0 0 0 0 0 0 0 0 0 0 0 0 0 0 0 0
10 14 15 28 27 29 48 28 24 30 38 69 42 20 18 22 22 23 23 23 23 23 23 10 5 5 0 0 0 0 23 108 131 47 21 22 23 0 0 0 0 0 0 0 0 0 0 0 0 0 0 0 0 0 0 0 0 0 0 0 0 0 0 0 0 0 0 0 0 0 0 0 0 0 0 0 0 0 0 0 0 0 0 0 0 0 0 0 0 0 0 0 0 0 0 0
9 11 17 38 39 30 67 67 34 30 26 25 18 17 16 17 18 19 20 22 23 18 11 5 5 6 6 0 0 0 13 13 13 15 111 211 660 0 0 0 0 0 0 0 0 0 0 0 0 0 0 0 0 0 0 0 0 0 0 0 0 0 0 0 0 0 0 0 0 0 0 0 0 0 0 0 0 0 0 0 0 0 0 0 0 0 0 0 0 0 0 0 0 0 0 0
6 5 17 64 70 87 99 69 50 36 25 23 34 52 20 16 16 17 17 17 8 4 4 4 4 6 6 5 0 0 0 0 0 0 0 0 0 0 0 0 0 0 0 0 0 0 0 0 0 0 0 0 0 0 0 0 0 0 0 0 0 0 0 0 0 0 0 0 0 8 8 8 8 8 0 0 0 0 0 0 0 0 0 0 0 0 0 0 0 0 0 0 0 0 0 0
6 5 5 38 119 157 117 77 55 53 25 23 33 75 22 18 22 22 24 26 4 4 4 4 4 5 6 4 0 0 0 0 0 0 0 0 0 0 0 0 0 0 0 0 0 0 0 0 0 0 0 0 0 0 0 0 0 0 0 0 0 0 0 0 0 0 0 0 0 8 8 8 8 8 0 0 0 0 0 0 0 0 0 0 0 0 0 0 0 0 0 0 0 0 0 0
6 6 15 25 75 0 130 112 69 74 54 46 57 129 31 30 32 32 28 14 4 4 4 4 5 6 6 4 3 3 0 0 0 0 0 0 0 0 0 0 0 0 0 0 0 0 0 0 0 0 0 0 0 0 0 0 0 0 0 0 0 0 0 0 0 0 0 0 0 0 0 0 0 0 0 0 0 0 0 0 0 0 0 0 0 0 0 0 0 0 0 0 0 0 0 0
6 22 36 44 104 0 128 162 193 123 85 64 76 139 103 49 33 33 29 14 4 12 11 4 5 0 0 0 0 0 0 0 0 0 0 0 0 0 0 0 0 0 0 0 0 0 0 0 0 0 0 0 0 0 0 0 0 0 9 9 0 0 0 0 0 0 0 0 0 0 0 0 0 0 0 0 0 0 0 0 0 0 0 0 0 0 0 0 0 0 0 0 0 0 0 0
14 36 53 72 115 0 100 125 124 98 89 114 128 101 57 56 50 24 11 4 4 10 21 9 4 0 0 0 0 0 0 0 0 0 0 0 0 0 0 0 0 0 0 0 0 0 0 0 0 0 0 0 0 0 0 0 0 8 9 9 9 0 0 0 0 0 0 0 0 0 0 0 0 0 0 0 0 0 0 0 0 0 0 0 0 0 0 0 0 0 0 0 0 0 0 0
4 38 71 75 118 143 129 113 106 90 93 110 119 150 178 139 45 3 3 3 4 5 22 9 4 4 7 116 151 11 0 0 0 0 0 0 0 0 0 0 0 0 0 0 0 0 0 0 0 8 8 8 8 8 5 4 4 6 8 8 7 0 0 0 0 0 0 0 0 0 0 0 0 0 0 0 0 0 0 0 0 0 0 0 0 0 0 0 0 0 0 0 0 0 0 0
5 39 69 95 120 142 145 116 101 93 94 86 94 196 245 156 56 3 6 5 3 4 15 5 4 5 10 19 12 10 0 0 0 0 0 0 0 0 0 0 0 0 0 0 0 0 0 0 0 8 8 8 8 8 8 4 4 5 7 7 7 0 0 0 0 0 0 0 0 0 0 0 0 0 0 0 0 0 0 0 0 0 0 0 0 0 0 0 0 0 0 0 0 0 0 0
15 34 78 143 142 132 148 112 101 106 101 116 124 152 178 134 41 15 11 11 11 12 10 9 9 10 10 11 10 11 13 15 0 0 0 0 0 0 0 13 0 0 0 0 5 5 5 5 7 8 8 8 8 8 8 6 4 4 6 7 7 0 0 0 0 0 0 0 0 0 0 0 0 0 0 0 0 0 0 0 0 0 0 0 0 0 0 0 0 0 0 0 0 0 0 0
18 44 90 86 135 120 108 134 146 132 116 94 90 108 101 152 30 20 11 11 12 11 5 9 10 10 10 10 12 15 15 16 0 0 0 0 0 0 13 13 8 0 0 7 5 5 5 5 5 6 8 8 8 8 7 4 4 5 6 7 7 0 0 0 0 0 0 0 0 0 0 0 0 0 0 0 0 0 0 0 0 0 0 0 0 0 0 0 0 0 0 0 0 0 0 0
19 26 49 72 122 81 108 114 135 97 109 82 92 85 102 108 64 8 11 11 12 10 5 6 7 8 10 25 48 42 23 27 24 0 0 13 13 13 13 13 8 8 8 8 7 5 5 5 5 5 7 8 6 5 6 7 7 7 7 7 7 7 0 0 0 0 0 0 0 0 0 0 0 0 0 0 0 0 0 0 0 0 0 0 0 0 0 0 0 0 0 0 0 0 0 0
21 17 28 23 40 87 89 96 135 98 101 80 97 74 74 122 62 11 11 11 12 10 5 5 5 5 7 21 62 43 32 37 32 24 14 13 15 15 15 15 9 8 8 8 8 6 5 5 5 5 7 8 5 5 5 7 7 7 7 0 0 0 0 0 0 0 0 0 0 0 0 0 0 0 0 0 0 0 0 0 0 0 0 0 0 0 0 0 0 0 0 0 0 0 0 0
