data/pop/popdens/gpw_pop_density_qd_1990.asc
ncols 1440 
nrows 720
xllcorner -180
yllcorner -90
cellsize .25
NODATA_value -99
[rows 400 to 479 of 720, columns 480 to 575 of 1440]
0 0 0 0 0 0 1 3 3 3 3 3 3 3 3 3 2 3 4 2 2 1 1 2 2 2 2 2 1 0 0 1 1 1 1 1 1 1 1 1 1 1 1 4 13 10 9 6 5 1 1 1 1 1 1 1 1 1 2 4 3 2 3 3 4 3 3 3 3 3 3 3 3 3 3 5 9 9 10 12 13 13 10 5 5 7 8 13 15 26 24 27 60 59 66 50
0 0 0 0 0 0 1 2 2 2 2 2 1 1 2 2 2 5 7 6 5 3 2 2 2 2 2 2 0 0 0 1 1 1 1 1 1 1 1 1 1 1 1 1 15 11 9 9 5 2 1 1 0 0 0 0 1 1 5 6 5 2 2 3 4 3 3 3 3 0 0 4 3 3 4 8 9 9 9 66 15 15 15 16 17 19 42 25 20 25 31 42 52 67 67 0
0 0 0 0 0 1 1 1 1 2 2 2 1 0 1 2 3 5 7 6 4 2 1 1 1 1 2 2 0 0 0 1 1 1 1 1 1 1 1 1 1 1 1 2 8 9 9 3 1 0 1 0 0 0 0 1 1 1 4 5 6 3 3 3 3 3 3 3 0 7 7 4 4 3 6 7 8 10 36 59 23 21 18 19 19 39 41 39 47 40 111 58 0 0 0 0
1 1 1 1 2 2 1 1 1 2 2 2 1 1 1 2 4 7 5 2 1 1 1 1 1 1 1 0 0 0 0 1 2 2 2 1 0 0 1 1 1 1 1 1 5 3 7 2 2 1 0 0 0 0 1 1 1 1 1 2 4 4 4 3 3 3 3 3 0 9 5 4 12 10 7 9 19 10 26 30 17 16 21 18 14 24 33 36 52 72 77 0 0 0 0 0
1 1 1 1 1 2 1 1 1 1 2 1 0 1 1 1 1 1 1 1 1 1 1 1 1 1 0 0 0 0 0 1 1 1 0 0 0 1 1 1 1 1 1 2 3 3 7 3 3 3 3 1 1 1 1 1 1 1 1 1 4 4 4 3 3 3 3 6 7 4 4 25 22 16 12 11 20 31 31 33 11 13 19 27 17 27 23 20 39 74 57 0 0 0 0 0
2 1 1 1 1 1 1 0 1 1 4 2 0 0 0 0 0 1 2 1 1 1 1 1 1 0 0 0 0 0 0 0 0 0 0 0 0 1 1 1 1 1 1 2 5 9 2 2 2 2 2 2 3 3 1 1 1 1 2 2 3 4 3 3 3 3 3 8 6 3 6 26 76 26 12 6 11 19 30 38 35 28 40 44 31 26 35 25 40 55 57 0 0 0 0 0
1 1 1 1 1 1 1 0 1 1 1 0 0 0 0 0 1 5 6 2 1 1 1 1 0 0 0 0 0 0 0 0 0 0 0 0 0 1 1 1 1 1 1 8 19 5 1 2 2 2 2 3 3 3 3 4 5 3 3 3 3 3 3 4 4 3 7 6 7 3 6 15 28 24 8 6 7 21 26 25 24 29 42 72 63 20 23 33 32 18 0 0 0 0 0 0
1 1 1 1 1 1 1 0 1 1 1 0 0 0 0 1 1 5 7 7 4 1 1 0 0 0 0 0 0 0 0 0 0 0 0 0 0 1 1 1 1 1 1 15 9 1 1 1 2 2 2 3 3 2 4 7 8 7 7 6 5 8 3 3 4 4 8 8 5 6 6 9 24 25 16 10 16 21 21 22 20 28 32 40 39 25 44 22 18 16 0 0 0 0 0 0
2 1 1 1 1 0 0 0 0 1 1 1 1 1 1 1 1 2 4 4 3 1 0 0 0 0 0 0 0 0 0 0 0 0 0 0 0 1 1 1 1 2 6 9 2 1 1 1 1 2 2 2 3 2 6 8 8 8 8 8 8 9 10 9 4 3 0 0 6 6 6 8 15 19 19 20 18 16 15 18 20 21 42 219 166 55 117 23 20 16 0 0 0 0 0 0
2 1 0 1 0 0 0 0 0 0 1 1 1 1 1 1 1 1 0 0 0 0 0 0 0 0 0 0 0 0 0 0 1 1 1 0 0 1 1 1 1 2 3 4 2 1 3 1 1 1 1 2 3 4 5 8 6 5 5 4 3 4 7 7 4 3 4 9 6 6 6 11 13 15 8 10 9 13 21 21 20 19 44 134 148 90 73 45 0 0 0 0 0 0 0 0
0 0 0 0 0 0 0 0 0 0 1 1 1 1 1 1 2 1 0 0 0 0 0 0 0 0 0 0 1 1 1 1 1 1 1 1 0 1 2 2 1 1 3 4 2 2 3 1 1 1 1 2 2 4 4 2 1 1 1 1 1 3 4 6 5 6 5 8 10 11 10 11 14 11 7 7 6 6 18 18 13 15 37 159 86 220 155 129 0 0 0 0 0 0 0 0
0 0 0 0 0 0 0 0 0 0 0 1 1 1 1 2 2 2 1 0 0 0 0 0 0 0 0 0 1 1 1 1 1 1 1 1 0 1 3 2 2 1 2 5 3 2 4 1 1 1 1 2 2 8 10 3 1 1 1 1 1 3 4 11 12 9 8 9 11 12 13 15 13 9 6 16 8 6 9 11 19 26 52 96 69 1450 0 0 0 0 0 0 0 0 0 0
0 0 0 0 0 0 0 0 0 0 1 1 1 1 1 2 2 2 1 1 0 0 0 0 0 0 0 0 1 1 1 1 1 1 1 0 0 1 3 3 3 2 3 6 5 3 5 3 1 1 2 2 4 7 6 1 1 1 2 2 2 14 17 17 12 9 11 11 11 11 14 13 12 7 4 10 11 11 11 13 26 45 55 60 28 350 0 0 0 0 0 0 0 0 0 0
0 0 0 0 0 0 0 0 0 0 1 1 1 1 1 1 1 2 2 1 0 0 0 0 0 0 0 0 1 1 1 1 1 1 1 0 0 1 3 3 3 5 6 6 4 5 11 4 1 1 2 2 2 4 4 2 2 2 2 2 2 4 13 17 13 12 12 11 11 15 17 13 13 12 8 9 9 11 12 29 27 42 52 0 0 0 0 0 0 0 0 0 0 0 0 0
0 0 0 0 0 0 0 0 0 0 1 1 1 1 1 1 1 1 2 1 0 0 0 0 0 0 0 1 1 1 1 1 1 1 0 0 0 2 3 5 6 6 6 6 7 5 10 6 1 1 1 2 2 3 3 2 2 2 2 2 2 2 4 8 12 12 11 10 10 16 17 17 14 15 13 10 9 11 21 36 39 34 44 0 0 0 0 0 0 0 0 0 0 0 0 0
1 1 0 0 0 0 0 0 0 1 2 1 2 1 1 1 1 1 2 2 1 0 0 0 0 0 1 2 1 1 1 1 1 1 0 0 1 1 2 2 5 5 5 7 7 3 4 3 1 1 1 2 3 4 4 2 2 1 1 1 1 4 5 5 9 9 9 10 13 17 16 14 15 15 13 8 9 10 45 47 53 75 58 0 0 0 0 0 0 0 0 0 0 0 0 0
1 1 1 1 3 3 3 2 0 2 3 3 3 2 2 1 1 2 2 2 1 0 0 0 0 0 1 2 1 2 2 1 1 0 0 0 1 1 1 3 8 19 5 7 11 4 4 3 2 1 2 2 5 8 10 4 1 1 1 1 2 2 3 5 9 8 7 8 42 26 16 13 24 25 15 13 9 7 11 39 45 83 47 27 22 0 0 0 0 0 0 0 0 0 0 0
1 1 1 2 3 3 3 2 3 5 6 6 5 6 2 2 2 2 2 2 2 1 0 0 0 0 2 2 2 3 2 1 1 1 0 0 1 1 2 4 5 16 6 12 5 4 4 4 3 2 2 1 4 13 10 7 2 1 1 2 2 6 9 7 8 9 8 9 34 27 24 17 15 21 10 12 16 21 20 21 24 32 60 34 0 0 0 0 0 0 0 0 0 0 0 0
1 1 2 3 3 3 3 3 3 3 4 4 4 5 3 2 2 2 2 2 2 1 1 1 1 1 1 2 2 3 3 2 2 1 0 0 2 3 2 4 4 7 11 14 4 4 4 4 4 2 2 5 2 4 4 5 1 2 2 2 5 9 8 7 7 9 7 8 10 19 17 14 14 15 14 19 35 35 34 28 17 63 116 0 0 0 0 0 0 0 0 0 0 0 0 0
1 1 2 2 3 3 3 3 3 4 4 3 4 4 2 2 2 2 2 2 2 2 2 2 1 1 1 1 1 3 4 4 1 0 0 1 3 5 5 4 6 10 8 6 5 4 4 3 2 2 8 7 2 2 2 2 2 2 4 6 6 6 9 10 7 7 10 13 17 16 14 14 14 12 13 44 67 43 23 23 27 65 229 133 0 0 0 0 0 0 0 0 0 0 0 0
1 1 2 2 6 7 7 6 6 4 3 3 4 3 7 49 24 2 2 2 1 1 2 2 1 1 1 1 2 5 5 4 1 2 4 2 2 3 3 6 18 31 14 16 8 5 4 5 11 13 9 9 5 3 2 2 2 5 6 6 6 6 7 10 7 8 10 10 11 10 10 12 14 13 15 44 54 20 15 29 24 13 51 53 20 0 0 0 0 0 0 0 0 0 0 0
1 1 2 3 9 5 7 12 8 3 3 3 3 4 60 99 77 9 2 1 1 2 3 2 3 1 1 3 5 5 5 4 1 4 5 3 3 4 4 11 18 29 15 23 6 6 5 6 14 15 9 9 6 3 3 2 2 5 7 6 6 6 6 8 9 11 15 19 19 7 7 9 9 10 16 42 29 9 16 23 26 35 31 21 23 0 0 0 0 0 0 0 0 0 0 0
2 2 2 2 4 7 17 18 4 3 3 2 2 2 59 131 79 89 22 4 4 4 3 3 2 1 1 1 1 5 5 2 1 4 4 3 4 5 6 13 19 22 15 12 6 7 8 230 267 267 165 8 5 3 3 3 3 5 7 7 6 6 6 10 13 16 18 16 16 7 7 9 12 11 10 11 11 10 11 12 12 23 29 24 24 0 0 0 0 0 0 0 0 0 0 0
2 2 2 1 1 2 8 7 3 3 3 2 2 2 2 6 1 15 12 11 6 5 3 3 3 1 1 1 2 2 4 9 7 3 4 4 5 5 9 9 12 21 15 8 6 9 36 263 267 267 154 7 6 6 4 3 3 7 7 7 7 7 12 15 15 16 18 14 14 8 11 15 13 11 12 13 14 13 15 11 10 12 15 13 12 0 0 0 0 0 0 0 0 0 0 0
1 2 1 1 1 3 3 3 3 3 3 2 2 2 2 2 1 1 2 8 7 15 6 3 3 2 2 2 2 2 6 6 5 3 3 5 6 7 11 11 17 24 24 74 40 12 28 86 89 65 41 7 7 7 7 4 4 6 7 7 7 12 16 14 41 12 13 9 6 10 14 14 14 14 13 9 14 14 10 9 11 29 18 6 6 0 0 0 0 0 0 0 0 0 0 0
1 1 0 0 0 1 1 3 3 3 3 2 2 2 2 1 1 1 1 3 21 26 21 5 3 3 3 2 2 2 2 4 6 5 14 22 6 7 24 19 18 36 40 155 132 7 21 43 44 17 6 7 7 7 5 4 4 3 4 5 10 15 13 31 63 10 8 5 4 4 10 10 11 16 11 6 7 11 13 12 15 46 13 9 0 0 0 0 0 0 0 0 0 0 0 0
1 0 0 0 0 0 2 3 3 3 2 2 2 2 1 1 1 1 1 1 16 21 12 5 3 3 2 2 3 3 3 2 4 3 2 10 4 7 21 12 15 49 651 461 12 7 7 38 32 5 5 7 7 6 5 4 2 2 2 5 11 10 9 26 67 16 5 4 5 5 13 12 9 19 13 8 9 12 15 12 11 20 16 0 0 0 0 0 0 0 0 0 0 0 0 0
1 0 0 0 0 0 2 3 3 3 2 2 2 1 1 1 1 1 1 1 12 15 3 3 2 2 2 2 3 3 3 2 2 2 2 2 3 3 5 9 10 21 256 134 10 7 8 15 20 4 4 7 7 7 6 4 3 2 2 3 6 8 9 39 54 17 5 4 5 17 18 16 14 13 9 9 12 14 14 12 21 26 15 0 0 0 0 0 0 0 0 0 0 0 0 0
1 1 0 0 0 0 2 3 3 3 2 2 2 1 1 1 1 1 1 1 3 2 2 1 2 2 2 2 3 3 2 2 2 2 2 4 6 3 3 8 10 8 10 9 10 10 14 6 5 4 5 7 8 8 7 4 4 4 3 3 7 8 8 29 10 8 5 6 10 16 20 17 17 22 23 19 13 15 16 15 24 21 14 0 0 0 0 0 0 0 0 0 0 0 0 0
1 1 0 0 0 0 0 2 3 3 2 2 2 1 1 1 1 1 1 1 1 1 1 1 1 2 2 3 4 4 5 3 5 8 3 4 10 7 8 9 6 8 9 9 8 4 14 6 3 3 7 7 7 7 4 4 4 4 3 3 55 12 5 6 9 8 8 7 9 14 16 18 18 17 27 26 11 11 15 20 53 38 11 0 0 0 0 0 0 0 0 0 0 0 0 0
1 1 0 0 0 0 0 0 0 2 2 2 1 1 1 1 1 1 1 1 1 2 1 1 2 2 2 3 3 3 4 7 7 9 10 10 10 18 7 6 7 10 12 11 11 14 7 5 2 7 12 3 6 7 4 4 4 4 3 4 20 11 3 4 7 9 10 7 9 17 22 18 19 27 35 24 9 15 19 9 20 21 9 0 0 0 0 0 0 0 0 0 0 0 0 0
1 1 0 0 0 0 0 0 0 1 1 1 1 1 1 1 1 1 1 2 2 2 2 2 2 2 2 3 3 3 2 6 7 7 8 10 11 24 13 9 9 12 11 11 8 11 4 7 8 12 10 4 9 6 5 4 4 4 3 3 2 2 3 6 7 11 8 8 11 15 16 17 20 28 35 18 9 18 26 15 16 16 0 0 0 0 0 0 0 0 0 0 0 0 0 0
1 1 1 1 0 0 0 0 0 1 1 1 1 1 1 1 1 1 1 3 3 3 3 3 3 3 3 3 3 1 1 2 6 7 7 9 10 10 13 10 10 11 9 16 8 5 4 10 13 7 9 8 7 5 5 4 4 3 3 8 6 8 5 5 9 11 10 14 17 21 18 14 15 13 17 11 10 11 15 22 15 0 0 0 0 0 0 0 0 0 0 0 0 0 0 0
1 1 1 1 1 1 1 1 1 1 1 1 1 1 1 1 1 1 1 2 3 3 3 3 3 3 2 3 2 1 1 1 1 5 6 6 7 9 9 9 23 22 23 22 13 16 22 18 12 9 8 7 26 17 5 4 3 3 0 9 9 10 13 8 9 13 14 16 24 25 22 19 12 11 12 18 15 13 23 24 24 0 0 0 0 0 0 0 0 0 0 0 0 0 0 0
1 1 1 1 1 1 1 1 1 1 1 1 1 1 1 1 1 1 2 2 2 3 3 2 1 1 2 2 2 1 1 1 1 2 3 5 7 9 9 7 20 22 21 24 10 18 53 35 16 16 18 9 15 35 26 30 14 5 0 8 9 10 15 9 10 14 15 17 24 23 21 54 49 49 25 38 34 27 27 31 26 0 0 0 0 0 0 0 0 0 0 0 0 0 0 0
1 1 1 1 1 1 1 1 1 1 1 1 1 1 1 1 1 1 2 2 2 2 3 2 1 1 2 2 2 2 5 3 1 2 2 3 5 0 0 6 13 31 26 11 7 25 88 70 12 10 22 20 19 25 20 19 6 7 7 8 9 17 16 11 5 10 12 14 22 27 38 91 73 25 15 32 32 31 35 25 29 0 0 0 0 0 0 0 0 0 0 0 0 0 0 0
1 1 1 1 1 1 1 1 1 16 3 1 1 1 1 1 1 2 2 2 2 3 3 2 1 1 1 2 2 3 6 6 5 4 3 2 2 13 6 5 4 20 25 7 9 69 88 80 39 10 12 16 16 6 11 12 7 8 12 10 8 17 16 10 9 7 11 12 15 26 25 32 24 16 17 17 25 40 35 26 26 0 0 0 0 0 0 0 0 0 0 0 0 0 0 0
0 0 0 0 1 1 1 1 1 1 1 1 1 1 2 2 2 2 2 3 3 3 3 1 1 1 1 1 1 3 5 2 2 5 5 4 5 8 8 6 5 12 6 5 5 6 45 45 43 10 7 5 10 6 7 17 13 8 11 11 12 20 96 101 19 10 19 18 21 333 42 41 27 17 14 16 31 44 26 26 26 0 0 0 0 0 0 0 0 0 0 0 0 0 0 0
0 0 0 0 0 1 1 1 1 1 1 1 2 2 2 2 2 2 2 2 2 2 2 2 1 1 1 1 1 2 4 1 1 4 5 5 8 8 8 6 5 5 5 4 4 4 4 35 45 23 5 34 48 7 7 13 8 11 25 19 28 17 47 142 197 27 58 55 15 126 40 47 44 21 18 23 30 43 39 34 0 0 0 0 0 0 0 0 0 0 0 0 0 0 0 0
0 0 0 0 0 0 0 1 1 1 1 2 4 3 3 2 2 2 2 1 2 2 2 2 1 1 1 1 1 6 6 2 1 2 5 6 9 14 15 12 8 8 7 14 15 7 10 25 45 16 7 10 8 5 4 7 11 23 27 25 49 84 79 1338 2341 89 34 118 27 26 30 49 40 23 21 25 28 28 39 37 0 0 0 0 0 0 0 0 0 0 0 0 0 0 0 0
0 0 0 0 0 0 0 0 1 1 1 1 3 4 4 2 2 2 3 2 13 6 2 2 1 1 1 1 1 6 7 4 2 4 6 6 38 34 45 23 17 13 13 22 0 0 0 17 32 33 15 7 5 3 3 11 13 32 29 56 143 86 68 324 152 40 29 27 26 34 33 55 43 39 29 30 29 27 316 367 0 0 0 0 0 0 0 0 0 0 0 0 0 0 0 0
0 0 0 0 0 0 0 0 1 1 1 1 3 3 3 3 3 2 3 3 13 61 16 3 1 1 1 1 1 4 7 6 2 2 13 30 36 49 54 61 45 20 19 20 0 0 0 24 45 34 92 17 13 5 6 19 19 32 32 17 37 28 23 21 56 56 34 32 77 37 41 62 47 43 32 38 23 129 0 0 0 0 0 0 0 0 0 0 0 0 0 0 0 0 0 0
0 0 0 0 0 0 0 0 1 1 1 1 2 3 3 5 7 6 4 3 13 62 63 16 1 1 1 1 1 1 6 7 7 7 28 34 21 29 15 26 33 31 192 26 50 55 27 25 73 42 193 47 38 47 19 17 18 33 30 19 29 29 19 25 119 75 29 29 83 29 43 50 44 34 63 78 28 68 0 0 0 0 0 0 0 0 0 0 0 0 0 0 0 0 0 0
0 0 0 0 0 0 0 0 1 1 1 1 2 3 3 3 3 6 5 3 3 36 63 52 6 1 1 1 2 2 3 6 7 11 44 30 39 71 52 21 24 53 246 33 45 69 64 35 41 47 27 41 45 47 30 16 17 21 38 44 28 24 16 20 34 30 31 32 71 46 47 34 40 39 60 105 0 0 0 0 0 0 0 0 0 0 0 0 0 0 0 0 0 0 0 0
0 0 0 0 0 0 0 0 0 1 1 1 1 3 3 3 3 3 4 2 2 2 25 63 57 8 1 1 1 1 2 3 7 15 19 20 17 47 92 25 22 23 30 86 104 62 71 108 250 118 19 27 35 34 28 25 35 36 37 63 35 19 32 48 83 52 27 59 103 47 74 46 55 49 35 22 0 0 0 0 0 0 0 0 0 0 0 0 0 0 0 0 0 0 0 0
0 0 0 0 0 0 0 0 1 1 1 1 1 4 5 6 4 4 4 3 3 3 3 38 63 30 1 1 1 1 1 2 17 43 32 27 18 36 73 51 31 23 30 29 35 65 77 140 237 38 31 50 55 68 35 43 49 49 60 50 31 13 32 36 49 64 37 35 53 80 34 60 39 62 84 37 0 0 0 0 0 0 0 0 0 0 0 0 0 0 0 0 0 0 0 0
0 0 0 0 0 0 0 0 1 1 1 1 3 5 7 8 7 4 4 4 3 3 3 3 16 14 4 4 2 1 2 9 29 51 30 48 51 25 30 29 40 71 21 26 38 49 101 88 106 24 39 39 81 66 44 34 47 46 125 48 15 12 11 12 15 126 172 41 35 45 42 50 33 60 87 49 0 0 0 0 0 0 0 0 0 0 0 0 0 0 0 0 0 0 0 0
0 0 0 0 0 0 0 0 1 1 1 1 2 4 4 6 8 7 14 13 9 7 11 6 5 6 6 5 3 4 0 0 31 20 108 31 48 53 40 31 37 16 18 15 35 37 55 94 117 42 93 40 102 124 35 23 24 32 45 38 36 11 14 16 15 130 124 60 34 41 28 27 30 83 87 67 0 0 0 0 0 0 0 0 0 0 0 0 0 0 0 0 0 0 0 0
1 1 1 0 0 0 0 0 3 3 1 2 3 3 3 5 7 7 25 27 19 26 32 15 8 7 6 4 2 0 18 9 13 28 147 17 16 27 15 47 99 42 14 166 32 55 42 28 77 25 111 97 66 101 40 31 61 39 38 65 33 15 12 19 30 21 49 114 70 60 61 27 42 0 0 0 0 0 0 0 0 0 0 0 0 0 0 0 0 0 0 0 0 0 0 0
2 1 1 1 0 0 0 0 3 5 1 3 5 3 2 6 12 8 8 10 22 32 35 17 11 10 5 4 6 0 18 13 10 20 18 18 15 27 17 62 49 31 44 179 52 118 44 17 21 162 148 117 111 77 46 49 76 50 118 41 47 51 100 309 99 53 123 279 133 116 113 59 59 0 0 0 0 0 0 0 0 0 0 0 0 0 0 0 0 0 0 0 0 0 0 0
1 1 1 1 1 0 0 0 3 6 5 6 6 3 3 12 14 10 7 8 10 8 6 5 8 9 5 14 28 25 25 18 20 28 23 0 0 50 68 12 11 17 25 25 39 78 51 35 98 164 431 222 130 79 41 43 32 50 80 121 65 30 55 211 88 706 1371 428 198 64 37 118 92 0 0 0 0 0 0 0 0 0 0 0 0 0 0 0 0 0 0 0 0 0 0 0
1 1 1 1 1 1 0 0 2 6 6 6 6 5 9 13 14 8 5 7 8 4 7 9 6 5 14 24 25 31 36 25 29 28 46 39 0 48 44 38 103 31 20 14 46 49 53 22 123 111 408 880 492 114 74 65 121 105 126 141 40 29 61 34 257 3019 4498 3629 847 135 102 165 182 0 0 0 0 0 0 0 0 0 0 0 0 0 0 0 0 0 0 0 0 0 0 0
1 1 1 1 1 1 0 0 1 4 8 13 13 16 9 12 11 4 7 6 6 5 6 8 9 12 21 21 11 34 41 38 26 39 83 76 45 49 68 56 71 40 42 26 47 19 16 20 56 72 183 337 518 156 64 163 342 139 90 18 21 0 0 0 0 0 0 0 0 0 0 0 0 0 0 0 0 0 0 0 0 0 0 0 0 0 0 0 0 0 0 0 0 0 0 0
1 1 1 1 1 1 1 1 1 1 12 22 14 14 9 5 4 5 11 6 5 4 4 6 16 20 24 24 19 32 27 131 286 77 134 171 62 45 37 38 39 37 32 19 18 15 16 44 90 147 375 124 1052 2394 1379 219 168 16 10 36 0 0 0 0 0 0 0 0 0 0 0 0 0 0 0 0 0 0 0 0 0 0 0 0 0 0 0 0 0 0 0 0 0 0 0 0
1 1 1 1 1 1 1 1 1 1 6 8 4 3 6 6 4 3 7 4 4 5 6 11 35 31 30 25 19 47 36 63 64 73 121 170 73 18 24 22 37 32 27 24 23 13 30 52 40 117 250 159 2655 5633 2738 279 154 56 73 0 0 0 0 0 0 0 0 0 0 0 0 0 0 0 0 0 0 0 0 0 0 0 0 0 0 0 0 0 0 0 0 0 0 0 0 0
1 1 1 1 1 1 1 1 1 1 1 8 8 8 9 12 3 3 6 14 10 16 20 21 32 30 32 31 19 41 33 24 33 32 23 95 43 12 31 24 30 25 28 17 32 19 27 33 28 28 46 50 942 3725 1194 711 0 0 0 0 0 0 0 0 0 0 0 0 0 0 0 0 0 0 0 0 0 0 0 0 0 0 0 0 0 0 0 0 0 0 0 0 0 0 0 0
2 1 1 1 1 1 1 1 1 1 1 7 13 28 23 13 6 4 5 8 8 7 23 39 29 26 26 36 37 50 65 37 40 35 19 13 11 30 21 12 16 14 26 31 31 34 28 23 14 17 17 23 82 306 913 1252 0 0 0 0 0 0 0 0 0 0 0 0 0 0 0 0 0 0 0 0 0 0 0 0 0 0 0 0 0 0 0 0 0 0 0 0 0 0 0 0
2 2 1 1 1 1 1 1 1 1 1 4 18 24 21 16 7 7 6 7 7 6 10 42 34 38 42 38 30 22 14 25 36 40 22 17 16 31 23 12 15 16 12 25 24 22 9 9 28 26 15 44 0 0 0 0 0 0 0 0 0 0 0 0 0 0 0 0 0 0 0 0 0 0 0 0 0 0 0 0 0 0 0 0 0 0 0 0 0 0 0 0 0 0 0 0
2 2 2 2 1 1 1 1 3 1 1 5 11 14 21 20 12 10 11 8 9 0 0 46 57 45 33 32 27 21 21 21 21 19 15 14 14 7 6 14 18 16 10 11 15 6 8 23 46 21 0 0 0 0 0 0 0 0 0 0 0 0 0 0 0 0 0 0 0 0 0 0 0 0 0 0 0 0 0 0 0 0 0 0 0 0 0 0 0 0 0 0 0 0 0 0
2 2 2 2 4 4 2 2 2 4 6 8 6 8 25 26 16 14 12 9 0 0 0 0 43 67 75 33 16 18 17 17 18 18 18 18 15 10 35 37 21 22 14 9 8 8 10 26 13 0 0 0 0 0 0 0 0 0 0 0 0 0 0 0 0 0 0 0 0 0 0 0 0 0 0 0 0 0 0 0 0 0 0 0 0 0 0 0 0 0 0 0 0 0 0 0
2 2 2 3 5 5 9 11 7 169 145 48 27 12 15 30 30 17 16 11 17 25 31 32 19 25 90 42 18 17 16 14 22 23 23 21 21 20 45 104 85 61 43 24 16 16 4 0 0 0 0 0 0 0 0 0 0 0 0 0 0 0 0 0 0 0 0 0 0 0 0 0 0 0 0 0 0 0 0 0 0 0 0 0 0 0 0 0 0 0 0 0 0 0 0 0
2 2 4 6 6 6 10 12 12 1107 399 109 49 21 50 64 52 30 38 16 33 214 79 38 21 28 47 24 25 19 17 18 28 29 29 25 33 26 15 49 35 54 922 648 40 34 26 0 0 0 0 0 0 0 0 0 0 0 0 0 0 0 0 0 0 0 0 0 0 0 0 0 0 0 0 0 0 0 0 0 0 0 0 0 0 0 0 0 0 0 0 0 0 0 0 0
2 4 6 6 6 12 20 19 13 16 76 46 29 37 46 49 32 21 19 13 27 230 138 19 30 44 37 46 29 23 22 29 21 20 21 18 32 27 16 18 19 39 649 244 38 74 0 0 0 0 0 0 0 0 0 0 0 0 0 0 0 0 0 0 0 0 0 0 0 0 0 0 0 0 0 0 0 0 0 0 0 0 0 0 0 0 0 0 0 0 0 0 0 0 0 0
5 5 6 6 17 23 24 24 17 11 41 41 25 28 73 32 14 8 7 10 12 18 21 11 17 39 42 45 37 33 28 15 12 12 12 12 18 22 24 17 20 21 53 33 31 25 0 0 0 0 0 0 0 0 0 0 0 0 0 0 0 0 0 0 0 0 0 0 0 0 0 0 0 0 0 0 0 0 0 0 0 0 0 0 0 0 0 0 0 0 0 0 0 0 0 0
6 6 6 6 15 17 24 27 4 2 13 10 12 18 21 26 16 10 10 9 11 18 25 12 7 37 36 62 46 59 21 14 11 11 12 49 22 13 21 27 29 37 39 140 141 32 0 0 0 0 0 0 0 0 0 0 0 0 0 0 0 0 0 0 0 0 0 0 0 0 0 0 0 0 0 0 0 0 0 0 0 0 0 0 0 0 0 0 0 0 0 0 0 0 0 0
9 6 6 6 4 4 11 5 1 3 3 7 12 7 13 18 18 15 23 14 17 28 28 11 6 30 37 29 31 34 23 15 11 11 11 25 24 11 12 18 16 35 60 135 199 46 0 0 0 0 0 0 0 0 0 0 0 0 0 0 0 0 0 0 0 0 0 0 0 0 0 0 0 0 0 0 0 0 0 0 0 0 0 0 0 0 0 0 0 0 0 0 0 0 0 0
9 7 6 6 6 5 4 3 3 6 6 8 12 11 13 18 16 14 28 35 16 17 16 5 5 50 46 40 37 33 21 13 10 7 18 15 16 9 13 16 13 22 23 128 39 46 0 0 0 0 0 0 0 0 0 0 0 0 0 0 0 0 0 0 0 0 0 0 0 0 0 0 0 0 0 0 0 0 0 0 0 0 0 0 0 0 0 0 0 0 0 0 0 0 0 0
6 6 8 6 8 9 15 24 2 4 9 12 19 12 8 17 18 15 19 34 26 19 13 10 5 36 41 50 62 54 52 19 15 10 34 39 33 11 11 17 20 18 62 231 108 296 0 0 0 0 0 0 0 0 0 0 0 0 0 0 0 0 0 0 0 0 0 0 0 0 0 0 0 0 0 0 0 0 0 0 0 0 0 0 0 0 0 0 0 0 0 0 0 0 0 0
5 5 7 6 7 9 10 10 4 4 5 7 10 9 16 21 61 26 27 29 27 24 13 13 19 44 39 48 63 105 38 45 36 47 46 37 36 21 18 20 27 82 23 99 154 155 0 0 0 0 0 0 0 0 0 0 0 0 0 0 0 0 0 0 0 0 0 0 0 0 0 0 0 0 0 0 0 0 0 0 0 0 0 0 0 0 0 0 0 0 0 0 0 0 0 0
1 3 17 33 98 92 10 8 7 6 6 9 13 6 6 35 162 25 27 49 27 15 18 46 44 34 59 47 28 27 26 36 42 37 16 15 15 21 15 15 33 44 22 17 43 116 0 0 0 0 0 0 0 0 0 0 0 0 0 0 0 0 0 0 0 0 0 0 0 0 0 0 0 0 0 0 0 0 0 0 0 0 0 0 0 0 0 0 0 0 0 0 0 0 0 0
1 1 53 82 189 97 5 5 5 4 4 3 3 3 3 5 144 72 32 40 39 30 48 49 37 27 29 36 30 22 56 44 28 20 14 16 12 13 24 20 18 20 19 11 118 355 0 0 0 0 0 0 0 0 0 0 0 0 0 0 0 0 0 0 0 0 0 0 0 0 0 0 0 0 0 0 0 0 0 0 0 0 0 0 0 0 0 0 0 0 0 0 0 0 0 0
1 1 54 82 54 6 6 7 5 4 3 3 3 4 4 5 11 23 17 34 34 63 60 27 27 24 25 27 31 31 41 36 30 22 10 8 10 19 28 28 22 8 9 7 15 167 0 0 0 0 0 0 0 0 0 0 0 0 0 0 0 0 0 0 0 0 0 0 0 0 0 0 0 0 0 0 0 0 0 0 0 0 0 0 0 0 0 0 0 0 0 0 0 0 0 0
4 13 13 13 9 10 9 5 3 3 3 3 4 6 6 6 6 16 13 19 36 30 40 32 30 19 20 15 38 67 67 33 19 16 13 7 17 28 28 21 10 9 18 30 22 118 0 0 0 0 0 0 0 0 0 0 0 0 0 0 0 0 0 0 0 0 0 0 0 0 0 0 0 0 0 0 0 0 0 0 0 0 0 0 0 0 0 0 0 0 0 0 0 0 0 0
6 13 13 14 15 10 5 3 3 3 3 3 2 3 6 6 9 13 8 17 25 27 60 42 66 35 28 17 33 38 60 41 20 19 14 14 14 15 18 11 10 11 49 99 99 0 0 0 0 0 0 0 0 0 0 0 0 0 0 0 0 0 0 0 0 0 0 0 0 0 0 0 0 0 0 0 0 0 0 0 0 0 0 0 0 0 0 0 0 0 0 0 0 0 0 0
4 13 13 14 13 7 3 3 3 3 3 2 2 3 5 8 15 10 6 5 10 7 12 9 27 26 23 25 31 18 21 24 35 23 9 13 14 6 4 4 8 25 223 70 0 0 0 0 0 0 0 0 0 0 0 0 0 0 0 0 0 0 0 0 0 0 0 0 0 0 0 0 0 0 0 0 0 0 0 0 0 0 0 0 0 0 0 0 0 0 0 0 0 0 0 0
10 13 13 13 10 6 5 3 3 3 3 2 2 3 6 12 14 15 8 6 10 11 6 7 12 22 17 15 19 21 22 29 33 38 26 49 100 6 4 5 20 48 151 0 0 0 0 0 0 0 0 0 0 0 0 0 0 0 0 0 0 0 0 0 0 0 0 0 0 0 0 0 0 0 0 0 0 0 0 0 0 0 0 0 0 0 0 0 0 0 0 0 0 0 0 0
13 13 14 15 14 6 4 3 3 4 2 2 2 4 7 8 8 8 9 12 13 13 9 8 8 9 11 19 19 19 22 30 44 105 105 146 104 6 5 9 30 69 0 0 0 0 0 0 0 0 0 0 0 0 0 0 0 0 0 0 0 0 0 0 0 0 0 0 0 0 0 0 0 0 0 0 0 0 0 0 0 0 0 0 0 0 0 0 0 0 0 0 0 0 0 0
9 13 16 16 11 5 5 4 3 4 8 8 6 10 9 9 9 7 7 7 12 17 12 16 36 16 15 28 32 62 56 90 74 59 71 86 89 23 7 32 46 0 0 0 0 0 0 0 0 0 0 0 0 0 0 0 0 0 0 0 0 0 0 0 0 0 0 0 0 0 0 0 0 0 0 0 0 0 0 0 0 0 0 0 0 0 0 0 0 0 0 0 0 0 0 0
4 9 16 13 6 5 5 5 4 5 8 9 16 18 13 10 10 9 9 7 8 10 19 35 65 45 27 25 28 58 64 58 66 54 82 454 218 61 24 40 0 0 0 0 0 0 0 0 0 0 0 0 0 0 0 0 0 0 0 0 0 0 0 0 0 0 0 0 0 0 0 0 0 0 0 0 0 0 0 0 0 0 0 0 0 0 0 0 0 0 0 0 0 0 0 0
4 10 9 6 4 4 5 6 7 7 10 17 18 18 16 10 10 10 10 8 7 7 14 49 63 39 15 20 25 23 23 16 25 42 325 1236 282 28 30 0 0 0 0 0 0 0 0 0 0 0 0 0 0 0 0 0 0 0 0 0 0 0 0 0 0 0 0 0 0 0 0 0 0 0 0 0 0 0 0 0 0 0 0 0 0 0 0 0 0 0 0 0 0 0 0 0
