data/pop/popdens/gpw_pop_density_qd_1990.asc
ncols 1440 
nrows 720
xllcorner -180
yllcorner -90
cellsize .25
NODATA_value -99
[rows 240 to 319 of 720, columns 768 to 863 of 1440]
2 2 2 2 2 2 2 2 2 2 2 1 1 1 1 1 1 1 3 3 3 3 3 3 3 3 3 1 1 1 1 1 1 1 1 1 1 1 1 1 1 1 1 1 1 1 1 1 1 1 1 1 1 1 1 1 1 1 1 1 1 1 1 1 1 1 1 1 1 1 1 1 42 145 109 109 113 1773 1847 1497 43 43 39 16 4 4 6 7 8 8 8 34 13 3 3 3
2 2 2 2 2 2 2 2 2 2 2 0 0 1 1 1 1 1 3 3 3 3 3 3 3 3 3 1 1 1 1 1 1 1 1 1 1 1 1 1 1 1 1 1 1 1 1 1 1 1 1 1 1 1 1 1 1 1 1 1 1 1 1 1 1 1 1 1 1 1 11 63 106 125 208 254 159 109 109 95 43 43 0 1 1 1 1 2 4 6 8 23 4 3 3 3
2 2 2 2 2 2 1 1 1 2 2 0 0 0 0 1 0 1 1 1 2 2 2 3 3 3 2 1 1 1 1 1 1 1 1 1 1 1 1 1 1 1 1 1 1 1 1 1 1 1 1 1 1 1 1 1 1 1 1 1 1 1 1 1 1 1 1 1 1 31 103 109 181 279 290 290 270 136 109 97 43 43 0 0 1 1 1 1 1 1 1 3 3 3 3 3
2 2 2 2 2 2 1 1 1 1 0 0 0 0 0 0 0 0 0 0 0 0 0 3 3 3 1 1 1 1 1 1 1 1 1 1 1 1 1 1 1 1 1 1 1 1 1 1 1 1 1 1 1 1 1 1 1 1 1 1 1 1 1 1 1 1 1 1 44 107 109 200 294 290 293 307 311 77 102 91 43 39 0 0 1 1 1 1 1 1 0 0 2 2 2 2
2 2 2 2 2 1 1 1 1 1 0 0 0 0 0 0 0 0 0 0 0 0 0 1 3 3 1 1 1 1 1 1 1 1 1 1 1 1 1 1 1 1 1 1 1 1 1 1 1 1 1 1 1 1 1 1 1 1 1 1 1 1 1 1 1 1 2 58 109 109 109 293 323 322 328 326 91 1 3 17 6 1 0 0 1 1 1 1 1 1 1 0 3 4 4 4
1 2 2 1 1 1 1 1 1 1 0 0 0 0 0 0 0 0 0 0 0 0 0 0 2 3 1 1 1 1 1 1 1 1 1 1 1 1 1 1 1 1 1 1 1 1 1 1 1 1 1 1 1 1 1 1 1 1 1 1 1 1 1 32 59 81 103 109 109 109 116 148 148 148 149 129 1 1 1 1 1 1 1 1 0 1 1 1 1 1 1 4 4 4 4 4
1 1 1 1 1 1 1 1 1 1 1 1 0 0 0 0 0 0 0 0 0 0 0 0 0 0 0 0 1 1 1 1 1 1 1 1 1 1 1 1 1 1 1 1 1 1 1 1 1 1 1 1 1 1 1 1 1 1 1 1 1 1 18 108 109 109 109 109 109 109 131 148 148 148 148 89 1 1 1 1 1 1 1 1 1 0 0 1 1 1 4 4 4 4 4 4
1 1 1 1 1 1 1 1 1 1 1 1 0 1 1 0 0 0 0 0 0 0 0 0 0 0 0 0 0 1 1 1 1 1 1 1 1 1 1 1 1 1 1 1 1 1 1 1 1 1 1 1 1 1 1 1 1 1 1 1 1 1 68 109 109 109 109 109 117 138 148 148 148 148 148 81 1 1 1 1 1 1 1 1 1 0 0 1 1 1 4 4 4 4 4 4
1 1 1 1 1 1 1 1 1 1 1 1 1 1 1 0 0 0 0 0 0 0 0 0 0 0 0 0 0 1 1 1 1 1 1 1 1 1 1 1 1 1 1 1 1 1 1 1 1 1 1 1 1 1 1 1 1 1 1 1 1 14 107 109 109 109 109 134 147 148 148 148 148 148 148 129 1 1 1 1 1 1 1 1 1 0 0 0 0 0 0 0 0 0 4 4
1 1 1 1 1 1 1 1 1 1 1 1 3 4 5 2 0 0 0 0 0 0 0 0 0 0 0 0 0 1 1 1 1 1 1 1 1 1 1 1 1 1 1 1 1 1 1 1 1 1 1 1 1 1 1 1 1 1 1 1 1 15 36 35 35 35 37 49 53 57 61 64 68 72 138 315 2 1 1 1 1 1 1 1 1 1 0 0 0 0 0 0 0 0 4 4
1 1 1 1 1 1 1 1 1 1 2 5 5 5 5 5 1 0 0 0 0 0 0 0 0 0 0 0 0 1 1 1 1 1 1 1 1 1 1 1 1 1 1 1 1 1 1 1 1 1 1 1 0 0 0 0 0 0 0 0 0 0 0 0 0 0 0 0 0 0 0 0 0 0 9 741 401 21 1 1 1 1 1 1 1 1 1 0 0 0 0 0 0 0 0 4
1 1 1 1 1 1 1 1 3 4 5 5 5 5 5 5 4 0 0 0 0 0 0 0 0 0 0 0 0 1 1 1 1 1 1 1 1 1 1 1 1 1 1 1 1 1 1 1 1 1 1 1 0 0 0 0 0 0 0 0 0 0 0 0 0 0 0 0 0 0 0 0 0 0 0 63 575 757 69 1 1 1 1 1 1 1 1 0 0 0 0 0 0 0 0 4
1 1 1 1 1 1 1 1 4 5 5 5 3 2 2 1 0 0 0 0 0 0 0 0 0 0 0 0 0 0 0 0 0 0 0 0 0 0 0 0 0 0 0 0 0 0 0 0 0 0 0 0 0 0 0 0 0 0 0 0 0 0 0 0 0 0 0 0 0 0 0 0 0 0 0 0 1 773 600 2 1 1 1 1 1 1 1 0 0 0 0 0 0 0 0 4
1 1 1 1 1 1 1 1 3 5 4 0 0 0 0 0 0 0 0 0 0 0 0 0 0 0 0 0 0 0 0 0 0 0 0 0 0 0 0 0 0 0 0 0 0 0 0 0 0 0 0 0 0 0 0 0 0 0 0 0 0 0 0 0 0 0 0 0 0 0 0 0 0 0 0 0 0 128 822 534 1 1 1 1 1 1 1 1 1 0 0 0 0 0 0 0
1 1 1 1 1 1 1 2 5 3 0 0 0 0 0 0 0 0 0 0 0 0 0 0 0 0 0 0 0 0 0 0 0 0 0 0 0 0 0 0 0 0 0 0 0 0 0 0 0 0 0 0 0 0 0 0 0 0 0 0 0 0 0 0 0 0 0 0 0 0 0 0 0 0 0 0 0 0 92 883 424 1 4 1 1 1 1 1 1 0 0 0 0 0 0 0
1 1 1 1 1 1 0 0 0 0 0 0 0 0 0 0 0 0 0 0 0 0 0 0 0 0 0 0 0 0 0 0 0 0 0 0 0 0 0 0 0 0 0 0 0 0 0 0 0 0 0 0 0 0 0 0 0 0 0 0 0 0 0 0 0 0 0 0 0 0 0 0 0 0 0 0 0 0 0 164 734 586 501 363 1 1 1 1 1 0 0 0 0 0 0 0
1 1 1 0 0 0 0 0 0 0 0 0 0 0 0 0 0 0 0 0 0 0 0 0 0 0 0 0 0 0 0 0 0 0 0 0 0 0 0 0 0 0 0 0 0 0 0 0 0 0 0 0 0 0 0 0 0 0 0 0 0 0 0 0 0 0 0 0 0 0 0 0 0 0 0 0 0 0 0 0 33 56 76 495 1 1 1 1 1 1 0 0 0 0 0 0
0 0 0 0 0 0 0 0 0 0 0 0 0 0 0 0 0 0 0 0 0 0 0 0 0 0 0 0 0 0 0 0 0 0 0 0 0 0 0 0 0 0 0 0 0 0 0 0 0 0 0 0 0 0 0 0 0 0 0 0 0 0 0 0 0 0 0 0 0 0 0 0 0 0 0 0 0 0 0 0 0 28 507 120 1 1 1 1 1 1 0 0 0 0 0 0
0 0 0 0 0 0 0 0 0 0 0 0 0 0 0 0 0 0 0 0 0 0 0 0 0 0 0 0 0 0 0 0 0 0 0 0 0 0 0 0 0 0 0 0 0 0 0 0 0 0 0 0 0 0 0 0 0 0 0 0 0 0 0 0 0 0 0 0 0 0 0 0 0 0 0 0 0 0 0 0 0 23 466 1 1 1 1 1 1 1 0 0 0 0 0 0
0 0 0 0 0 0 0 0 0 0 0 0 0 0 0 0 0 0 0 0 0 0 0 0 0 0 0 0 0 0 0 0 0 0 0 0 0 0 0 0 0 0 0 0 0 0 0 0 0 0 0 0 0 0 0 0 0 0 0 0 0 0 0 0 0 0 0 0 0 0 0 0 0 0 0 0 0 0 0 0 0 0 184 42 2 1 1 1 1 1 0 0 0 0 0 0
0 0 0 0 0 0 0 0 0 0 0 0 0 0 0 0 0 0 0 0 0 0 0 0 0 0 0 0 0 0 0 0 0 0 0 0 0 0 0 0 0 0 0 0 0 0 0 0 0 0 0 0 0 0 0 0 0 0 0 0 0 0 0 0 0 0 0 0 0 0 0 0 0 0 0 0 0 0 0 0 0 0 0 35 11 1 1 1 1 1 1 1 0 0 0 0
0 0 0 0 0 0 0 0 0 0 0 0 0 0 0 0 0 0 0 0 0 0 0 0 0 0 0 0 0 0 0 0 0 0 0 0 0 0 0 0 0 0 0 0 0 0 0 0 0 0 0 0 0 0 0 0 0 0 0 0 0 0 0 0 0 0 0 0 0 0 0 0 0 0 0 0 0 0 0 0 0 0 0 21 35 1 1 1 1 1 1 1 1 0 0 0
0 0 0 0 0 0 0 0 0 0 0 0 0 0 0 0 0 0 0 0 0 0 0 0 0 0 0 0 0 0 0 0 0 0 0 0 0 0 0 0 0 0 0 0 0 0 0 0 0 0 0 0 0 0 0 0 0 0 0 0 0 0 0 0 0 0 0 0 0 0 0 0 0 0 0 0 0 0 0 0 0 0 0 29 24 1 1 1 1 1 1 1 1 1 0 0
0 0 0 0 0 0 0 0 0 0 0 0 0 0 0 0 0 0 0 0 0 0 0 0 0 0 0 0 0 0 0 0 0 0 0 0 0 0 0 0 0 0 0 0 0 0 0 0 0 0 0 0 0 0 0 0 0 0 0 0 0 0 0 0 0 0 0 0 0 0 0 0 0 0 0 0 0 0 0 0 0 0 0 38 3 1 1 1 1 1 1 1 1 1 1 0
0 0 0 0 0 0 0 0 0 0 0 0 0 0 0 0 0 0 0 0 0 0 0 0 0 0 0 0 0 0 0 0 0 0 0 0 0 0 0 0 0 0 0 0 0 0 0 0 0 0 0 0 0 0 0 0 0 0 0 0 0 0 0 0 0 0 0 0 0 0 0 0 0 0 0 0 0 0 0 0 0 0 7 69 31 1 1 1 1 1 1 1 1 1 1 0
0 0 0 0 0 0 0 0 0 0 0 0 0 0 0 0 0 0 0 0 0 0 0 0 0 0 0 0 0 0 0 0 0 0 0 0 0 0 0 0 0 0 0 0 0 0 0 0 0 0 0 0 0 0 0 0 0 0 0 0 0 0 0 0 0 0 0 0 0 0 0 0 0 0 0 0 0 0 0 0 0 1 53 72 55 1 1 1 1 1 1 1 1 1 0 0
0 0 0 0 0 0 0 0 0 0 0 0 0 0 0 0 0 0 0 0 0 0 0 0 0 0 0 0 0 0 0 0 0 0 0 0 0 0 0 0 0 0 0 0 0 0 0 0 0 0 0 0 0 0 0 0 0 0 0 0 0 0 0 0 0 0 0 0 0 0 0 0 0 0 0 0 0 0 0 0 0 2 29 67 64 1 1 1 1 1 1 1 1 1 0 0
0 0 0 0 0 0 0 0 0 0 0 0 0 0 0 0 0 0 0 0 0 0 0 0 0 0 0 0 0 0 0 0 0 0 0 0 0 0 0 0 0 0 0 0 0 0 0 0 0 0 0 0 0 0 0 0 0 0 0 0 0 0 0 0 0 0 0 0 0 0 0 0 0 0 0 0 0 0 0 0 0 0 0 0 44 1 1 1 1 1 1 1 1 1 0 0
0 0 0 0 0 0 0 0 0 0 0 0 0 0 0 0 0 0 0 0 0 0 0 0 0 0 0 0 0 0 0 0 0 0 0 0 0 0 0 0 0 0 0 0 0 0 0 0 0 0 0 0 0 0 0 0 0 0 0 0 0 0 0 0 0 0 0 0 0 0 0 0 0 0 0 0 0 0 0 2 0 0 62 45 49 16 1 1 1 1 1 1 1 1 1 0
0 0 0 0 0 0 0 0 0 0 0 0 0 0 0 0 0 0 0 0 0 0 0 0 0 0 0 0 0 0 0 0 0 0 0 0 0 0 0 0 0 0 0 0 0 0 0 0 0 0 0 0 0 0 0 0 0 0 0 0 0 0 0 0 0 0 0 0 0 0 0 0 0 0 0 0 0 0 24 69 0 0 59 7 1 4 1 1 1 1 1 1 1 1 1 0
0 0 0 0 0 0 0 0 0 0 0 0 0 0 0 0 0 0 0 0 0 0 0 0 0 0 0 0 0 0 0 0 0 0 0 0 0 0 0 0 0 0 0 0 0 0 0 0 0 0 0 0 0 0 0 0 0 0 0 0 0 0 0 0 0 0 0 0 0 0 0 0 0 0 0 0 0 4 45 70 27 9 5 1 1 1 1 1 1 1 1 1 1 1 1 1
0 0 0 0 0 0 0 0 0 0 0 0 0 0 0 0 0 0 0 0 0 0 0 0 0 0 0 0 0 0 0 0 0 0 0 0 0 0 0 0 0 0 0 0 0 0 0 0 0 0 0 0 0 0 0 0 0 0 0 0 0 0 0 0 0 0 0 0 0 0 0 0 0 0 0 0 0 39 49 16 1 1 1 1 1 1 1 1 1 1 1 1 1 1 1 1
0 0 0 0 0 0 0 0 0 0 0 0 0 0 0 0 0 0 0 0 0 0 0 0 0 0 0 0 0 0 0 0 0 0 0 0 0 0 0 0 0 0 0 0 0 0 0 0 0 0 0 0 0 0 0 0 0 0 0 0 0 0 0 0 0 0 0 0 0 0 0 0 0 0 0 0 0 0 0 0 0 3 3 3 3 2 1 1 1 1 1 1 1 1 1 1
0 0 0 0 0 0 0 0 0 0 0 0 0 0 0 0 0 0 0 0 0 0 0 0 0 0 0 0 0 0 0 0 0 0 0 0 0 0 0 0 0 0 0 0 0 0 0 0 0 0 0 0 0 0 0 0 0 0 0 0 0 0 0 0 0 0 0 0 0 0 0 0 0 0 0 0 0 0 0 0 0 3 3 3 3 3 1 1 1 1 1 1 1 1 1 1
0 0 0 0 0 0 0 0 0 0 0 0 0 0 0 0 0 0 0 0 0 0 0 0 0 0 0 0 0 0 0 0 0 0 0 0 0 0 0 0 0 0 0 0 0 0 0 0 0 0 0 0 0 0 0 0 0 0 0 0 0 0 0 0 0 0 0 0 0 0 0 0 0 0 0 0 0 0 0 0 0 3 3 3 3 2 1 1 1 1 1 1 1 1 1 1
0 0 0 0 0 0 0 0 0 0 0 0 0 0 0 0 0 0 0 0 0 0 0 0 0 0 0 0 0 0 0 0 0 0 0 0 0 0 0 0 0 0 0 0 0 0 0 0 0 0 0 0 0 0 0 0 0 0 0 0 0 0 0 0 0 0 0 0 0 0 0 0 0 0 0 0 0 0 0 0 0 3 3 3 3 1 1 1 1 1 1 1 1 1 1 1
0 0 0 0 0 0 0 0 0 0 0 0 0 0 0 0 0 0 0 0 0 0 0 0 0 0 0 0 0 0 0 0 0 0 0 0 0 0 0 0 0 0 0 0 0 0 0 0 0 0 0 0 0 0 0 0 0 0 0 0 0 0 0 0 0 0 0 0 0 0 0 0 0 0 0 0 0 0 0 0 0 3 3 3 3 1 1 1 1 1 1 1 1 1 1 1
0 0 0 0 0 0 0 0 0 0 0 0 0 0 0 0 0 0 0 0 0 0 0 0 0 0 0 0 0 0 0 0 0 0 0 0 0 0 0 0 0 0 0 0 0 0 0 0 0 0 0 0 0 0 0 0 0 0 0 0 0 0 0 0 0 0 0 0 0 0 0 0 0 0 0 0 0 0 0 0 0 3 3 3 3 2 1 1 1 1 1 1 1 1 1 1
0 0 0 0 0 0 0 0 0 0 0 0 0 0 0 0 0 0 0 0 0 0 0 0 0 0 0 0 0 0 0 0 0 0 0 0 0 0 0 0 0 0 0 0 0 0 0 0 0 0 0 0 0 0 0 0 0 0 0 0 0 0 0 0 0 0 0 0 0 0 0 0 0 0 0 0 0 0 0 0 0 3 3 3 3 3 1 1 1 1 1 1 1 1 1 1
0 0 0 0 0 0 0 0 0 0 0 0 0 0 0 0 0 0 0 0 0 0 0 0 0 0 0 0 0 0 0 0 0 0 0 0 0 0 0 0 0 0 0 0 0 0 0 0 0 0 0 0 0 0 0 0 0 0 0 0 0 0 0 0 0 0 0 0 0 0 0 0 0 0 0 0 0 0 0 0 0 3 3 3 3 3 1 1 1 1 1 1 1 1 1 1
0 0 0 0 0 0 0 0 0 0 0 0 0 0 0 0 0 0 0 0 0 0 0 0 0 0 0 0 0 0 0 0 0 0 0 0 0 0 0 0 0 0 0 0 0 0 0 0 2 2 2 2 2 2 2 2 2 2 1 1 1 1 0 0 0 0 0 0 0 0 0 0 0 0 0 0 0 0 0 0 0 3 3 3 3 3 1 1 1 1 1 1 1 1 1 1
0 0 0 0 0 0 0 0 0 0 0 0 0 0 0 0 0 0 0 0 0 0 0 0 0 0 0 0 0 0 0 0 0 0 0 0 0 0 0 0 0 0 0 0 0 0 0 0 2 2 2 2 2 2 2 2 2 2 1 1 1 1 1 1 1 1 1 1 1 1 1 1 1 1 1 1 1 1 1 1 1 3 3 3 3 3 2 1 1 1 1 1 1 1 1 1
0 0 0 0 0 0 0 0 0 0 0 0 0 0 0 0 0 0 0 0 0 0 0 0 0 0 0 0 0 0 0 0 0 0 0 0 0 0 0 0 0 0 0 0 0 0 0 0 2 2 2 2 2 2 2 2 2 2 1 1 1 1 2 3 3 3 3 3 3 3 3 3 3 3 3 3 3 3 3 3 3 3 3 3 3 3 3 1 1 1 1 1 1 1 1 1
0 0 0 0 0 0 0 0 0 0 0 0 0 0 0 0 0 0 0 0 0 0 0 0 0 0 0 0 0 0 0 0 0 0 0 0 0 0 0 0 0 0 0 0 0 0 0 0 2 2 2 2 2 2 2 2 2 1 1 1 1 1 2 3 3 3 3 3 3 3 3 3 3 3 3 3 3 3 3 3 3 3 3 3 3 3 3 1 1 1 1 1 1 1 1 1
0 0 0 0 0 0 0 0 0 0 0 0 0 0 0 0 0 0 0 0 0 0 0 0 0 0 0 0 0 0 0 0 0 0 0 0 0 0 0 0 0 0 0 0 0 0 0 0 2 2 2 2 2 2 2 2 2 1 1 1 1 1 2 3 3 3 3 3 3 3 3 3 3 3 3 3 3 3 3 3 3 3 3 3 3 0 0 1 1 1 1 1 1 1 2 2
0 0 0 0 0 0 0 0 0 0 0 0 0 0 0 0 0 0 0 0 0 0 0 0 0 0 0 0 0 0 0 0 0 0 0 0 0 0 0 0 0 0 0 0 0 0 0 0 2 2 2 2 2 2 2 2 2 1 1 1 1 1 2 3 3 3 3 3 3 3 3 3 3 3 3 3 3 3 3 3 3 3 3 3 3 3 3 2 2 2 2 2 2 2 2 2
0 0 0 0 0 0 0 0 0 0 0 0 0 0 0 0 0 0 0 0 0 0 0 0 0 0 0 0 0 0 0 0 0 0 0 0 0 0 0 0 0 0 0 0 0 0 0 0 2 2 2 2 2 2 2 2 2 1 1 1 1 1 2 3 3 3 3 3 3 3 3 3 3 3 3 3 3 3 3 3 3 3 3 3 3 3 3 3 2 2 2 2 2 2 2 2
0 0 0 0 0 0 0 0 0 0 0 0 0 0 0 0 0 0 0 0 0 0 0 0 0 0 0 0 0 0 0 0 0 0 0 0 0 0 0 0 0 0 0 0 0 0 0 0 2 2 2 2 2 2 2 2 1 1 1 1 1 1 2 3 3 3 3 3 3 3 3 3 3 3 3 3 3 3 3 3 3 4 5 5 4 3 3 3 3 2 2 2 2 2 2 2
0 0 0 0 0 0 0 0 0 0 0 0 0 0 0 0 0 0 0 0 0 0 0 0 0 0 0 0 0 0 0 0 0 0 0 0 0 0 0 0 0 0 0 0 0 0 0 0 2 2 2 2 2 2 2 2 1 1 1 1 1 1 2 3 3 3 3 3 3 3 3 3 3 3 3 3 3 3 3 3 3 5 9 9 7 3 3 3 3 3 2 2 3 3 3 3
0 0 0 0 0 0 0 0 0 0 0 0 0 0 0 0 0 0 0 0 0 0 0 0 0 0 0 0 0 0 0 0 0 0 0 0 0 0 0 0 0 0 0 0 0 0 0 0 2 2 2 2 2 2 2 1 1 1 1 1 1 1 2 3 3 3 3 3 3 3 3 3 3 3 3 3 3 3 3 3 3 4 9 9 9 6 7 8 9 9 8 5 3 3 3 3
0 0 0 0 0 0 0 0 0 0 0 0 0 0 0 0 0 0 0 0 0 0 0 0 0 0 0 0 0 0 0 0 0 0 0 0 0 0 0 0 0 0 0 0 0 0 0 0 2 2 2 2 2 2 2 1 1 1 1 1 1 1 2 3 3 3 3 3 3 3 3 3 3 3 3 3 3 3 3 3 3 8 9 9 9 9 9 9 9 9 9 9 7 5 4 3
0 0 0 0 0 0 0 0 0 0 0 0 0 0 0 0 0 0 0 0 0 0 0 0 0 0 0 0 0 0 0 0 0 0 0 0 0 0 0 0 0 0 0 0 0 0 0 0 2 2 2 2 2 2 1 1 1 1 1 1 1 1 2 3 3 3 3 3 3 3 3 3 3 3 3 3 3 3 3 3 7 10 10 9 9 9 9 9 9 9 9 9 9 9 12 19
0 0 0 0 0 0 0 0 0 0 0 0 0 1 0 0 0 0 0 0 0 0 0 0 0 0 0 0 0 0 0 0 0 0 0 0 0 0 0 0 0 0 0 0 0 0 0 0 2 2 2 2 2 2 1 1 1 1 1 1 1 1 2 3 3 3 3 3 3 3 3 3 3 3 3 3 3 3 3 5 10 10 10 10 10 10 10 10 10 9 9 9 9 9 17 24
0 0 0 0 0 0 0 0 0 0 0 0 0 2 2 1 0 0 0 0 0 0 0 0 0 0 0 0 0 0 0 0 0 0 0 0 0 0 0 0 0 0 0 0 0 0 0 0 2 2 2 2 2 1 1 1 1 1 1 1 2 2 2 2 2 2 2 2 2 2 2 2 2 2 2 2 2 2 27 41 10 10 10 10 10 10 10 10 10 10 9 9 9 10 21 24
0 0 0 0 0 0 0 0 0 0 0 0 2 2 2 2 2 1 0 0 0 0 0 0 0 0 0 0 0 0 0 0 0 0 0 0 0 0 0 0 0 0 0 0 0 0 0 0 2 2 2 2 2 1 1 1 1 1 1 1 2 2 2 2 2 2 2 2 2 2 2 2 2 2 2 2 2 2 56 129 94 79 43 13 13 10 10 10 10 10 10 9 9 23 24 24
0 0 0 0 0 0 0 0 0 0 0 2 2 2 2 2 2 2 2 1 1 0 0 0 0 0 0 0 0 1 0 0 0 0 0 0 0 0 0 0 0 0 0 0 0 0 0 0 2 2 2 2 2 1 1 1 1 1 1 1 2 2 2 2 2 2 2 2 2 2 2 2 2 2 2 2 2 2 17 130 130 126 35 30 30 27 18 21 10 10 10 10 10 34 24 24
0 0 0 0 0 0 0 0 0 0 2 2 2 2 2 2 2 2 2 2 2 2 1 0 0 0 0 0 0 4 2 1 0 0 0 1 2 2 3 3 3 2 1 1 0 0 0 0 2 2 2 2 2 1 1 1 1 1 1 1 2 2 2 2 2 2 2 2 2 2 2 2 2 2 2 2 2 2 2 61 130 122 30 30 30 30 29 25 14 10 10 10 10 28 28 24
0 0 0 0 0 0 0 0 0 2 2 2 2 2 2 2 2 2 2 2 2 2 2 1 0 0 0 0 2 4 4 4 3 2 2 3 3 3 3 3 3 3 3 3 2 1 2 2 2 2 2 2 2 1 1 1 1 1 1 1 2 2 2 2 2 2 2 2 2 2 2 2 2 2 2 2 2 2 2 2 75 278 343 30 30 30 12 10 10 10 10 10 10 36 34 24
0 0 0 0 0 0 0 0 1 2 2 2 2 2 2 2 2 2 2 2 2 2 2 2 3 1 1 2 4 4 4 4 4 3 3 3 3 3 3 3 3 3 3 3 2 2 2 2 2 2 2 2 2 1 1 1 1 1 1 1 2 2 2 2 2 2 2 2 2 2 2 2 2 2 2 2 2 2 2 2 7 390 1113 48 32 33 12 10 10 10 10 10 10 38 36 24
0 0 0 0 0 0 0 1 2 2 2 2 2 2 2 2 2 2 2 2 2 2 2 2 4 4 4 4 4 4 4 4 4 3 3 3 3 3 3 3 3 3 3 3 2 2 2 2 2 2 2 2 2 1 1 1 1 1 1 1 2 2 2 2 2 2 2 2 2 2 2 2 2 2 2 2 2 2 2 2 9 43 120 148 66 34 31 25 10 10 10 10 10 35 39 30
0 0 0 0 0 0 0 2 2 2 2 2 2 2 2 2 2 2 2 2 2 2 2 3 4 4 4 4 4 4 4 4 4 3 3 3 3 3 3 3 3 3 3 2 2 2 5 3 2 2 2 2 2 1 1 1 1 1 1 1 2 2 2 2 2 2 2 2 2 2 2 2 2 2 2 2 2 2 2 3 22 24 78 98 80 34 34 34 24 10 10 10 10 14 37 39
0 0 0 0 0 0 1 2 2 2 2 2 2 2 2 2 2 2 2 2 2 2 2 4 4 4 4 4 4 4 4 4 4 3 3 3 3 3 3 3 3 8 19 18 5 7 12 8 2 2 2 2 1 1 1 1 1 1 1 1 1 2 2 2 2 2 2 2 2 2 2 2 2 2 6 8 6 2 2 17 35 24 82 98 92 45 34 34 32 10 10 10 10 11 31 24
0 0 0 0 0 1 0 0 0 2 2 2 2 2 2 2 2 2 2 2 2 2 2 4 4 4 4 4 4 4 4 4 4 4 4 4 3 3 3 3 3 9 30 30 16 12 12 12 7 2 2 2 1 1 1 1 1 1 1 1 1 2 2 2 2 2 2 2 2 2 2 6 9 9 10 10 10 4 9 36 32 53 86 91 86 79 43 34 25 10 10 10 10 10 10 10
1 0 0 0 0 0 0 0 0 9 2 2 2 2 2 2 2 2 2 2 2 2 3 4 4 4 4 4 4 4 4 4 5 5 5 5 4 4 4 4 3 7 27 30 19 12 12 12 12 4 2 7 11 2 1 1 1 1 1 1 1 2 5 5 2 2 2 2 2 4 9 10 10 10 10 10 10 8 31 38 33 58 92 90 90 84 180 217 21 11 10 10 10 10 10 10
6 3 1 4 7 0 0 0 0 14 9 2 2 2 2 2 2 2 2 2 2 2 3 4 4 4 4 4 4 4 4 4 4 5 5 5 5 5 5 5 13 29 30 30 20 12 12 12 12 11 6 18 22 7 1 1 1 2 4 3 3 5 11 11 9 3 2 3 6 10 10 10 10 10 20 10 10 10 27 38 30 60 92 89 69 82 118 65 11 11 11 10 10 10 10 10
8 12 13 13 14 0 0 0 0 14 14 10 12 11 2 2 2 2 2 2 2 4 4 4 4 4 4 4 4 4 4 4 4 5 5 5 5 5 5 5 14 30 30 30 23 12 13 12 12 12 18 22 22 22 18 6 2 6 6 6 6 9 11 11 11 10 10 10 10 10 10 10 22 13 24 19 13 10 16 38 35 30 69 77 62 68 57 11 11 11 10 10 10 10 10 10
8 13 14 19 20 0 0 0 0 0 0 0 0 0 4 2 2 2 2 2 2 4 4 4 4 4 4 4 4 4 4 4 4 5 5 5 5 5 5 5 7 29 30 30 23 19 19 15 17 19 21 22 22 22 22 22 19 15 6 6 6 9 11 11 11 11 11 11 10 10 18 29 33 33 27 27 25 21 26 33 33 30 38 43 62 64 19 7 7 8 10 10 10 10 10 10
13 15 20 21 21 23 24 0 0 0 0 0 0 12 11 8 3 4 5 7 5 4 4 4 4 4 4 4 4 4 4 4 4 5 5 5 5 5 5 7 23 30 30 27 20 20 20 20 20 21 22 22 22 22 22 22 22 16 6 6 6 9 11 11 11 11 11 11 11 15 33 33 33 32 27 27 27 27 27 25 24 31 35 45 62 79 70 36 15 7 9 10 10 10 10 10
22 21 20 21 24 24 24 0 0 0 0 0 12 12 12 12 12 12 12 11 5 4 4 4 4 4 4 4 4 4 4 4 4 5 5 5 5 5 5 19 30 30 30 22 20 20 20 20 20 23 23 23 23 23 22 22 22 18 6 6 7 10 11 11 11 11 11 11 11 15 31 33 33 28 27 27 27 27 26 23 26 31 33 37 24 22 21 36 68 25 7 9 10 10 10 10
21 20 20 21 24 26 31 0 0 30 28 16 12 12 12 12 12 12 12 12 9 4 4 4 4 4 4 4 4 4 4 4 4 5 5 5 5 5 5 10 13 17 28 15 16 17 19 19 23 23 23 23 23 23 23 23 17 7 6 6 8 11 11 11 11 11 11 11 11 11 15 19 27 27 27 14 13 10 23 25 28 31 34 33 6 5 5 6 29 61 8 7 8 8 8 6
19 14 15 19 21 32 33 0 0 33 30 22 12 12 12 12 12 12 12 12 12 6 4 4 4 4 4 4 4 4 4 4 5 5 5 5 5 5 5 5 5 13 25 12 12 12 12 12 20 23 23 23 23 23 23 15 6 6 6 6 10 11 11 11 11 11 11 9 10 7 11 12 12 17 13 8 8 8 21 31 31 31 33 32 5 5 5 5 5 60 8 7 7 7 5 5
16 13 13 13 19 22 26 32 37 37 33 26 13 12 12 12 12 12 12 12 12 11 5 4 4 4 4 4 4 3 3 4 5 5 5 5 5 5 5 5 5 6 14 12 12 12 12 12 19 23 23 23 23 23 23 22 7 6 6 6 9 11 11 11 11 11 10 6 6 6 12 12 12 11 8 8 8 8 11 26 31 31 23 9 5 5 5 5 9 16 8 7 7 6 5 5
16 13 13 17 477 215 21 36 41 38 33 30 17 12 12 12 12 12 12 12 12 12 6 4 4 4 4 4 4 2 2 2 2 2 3 5 5 5 5 5 5 5 9 12 12 12 12 12 12 17 22 23 23 23 23 18 8 6 6 6 7 11 11 10 8 9 8 6 6 8 12 12 12 12 8 8 8 8 8 9 22 26 16 5 7 8 8 8 11 0 11 9 6 5 4 4
22 14 14 21 196 55 25 40 39 39 34 30 19 12 12 12 12 12 12 12 12 10 5 4 4 4 4 3 3 2 2 2 2 2 2 2 4 4 3 3 4 5 10 12 12 12 12 12 12 12 16 23 23 23 20 10 9 9 9 9 9 11 11 8 6 6 6 6 6 9 12 12 12 12 8 8 8 8 8 8 7 4 4 5 11 11 11 11 11 0 11 11 5 3 4 4
28 17 16 21 19 39 44 41 46 56 30 30 16 12 12 12 12 12 12 12 12 6 4 4 4 4 4 3 2 2 2 2 2 2 2 2 2 2 2 2 2 5 5 8 12 12 12 12 12 12 12 17 20 20 11 9 9 9 9 9 9 11 9 6 6 6 6 6 6 6 12 12 12 12 8 8 8 8 8 8 8 4 4 6 11 11 11 11 11 11 11 11 3 2 2 4
25 18 18 18 18 54 70 69 94 82 38 35 27 25 12 12 12 12 12 12 12 6 4 4 4 4 4 4 3 3 2 2 2 2 2 2 2 2 2 2 2 3 5 6 12 12 12 12 12 12 9 8 8 8 9 9 9 9 9 9 9 7 6 6 6 6 6 6 6 12 39 34 29 47 14 8 8 8 8 8 7 4 4 5 9 11 11 11 11 11 11 11 3 3 2 3
42 33 19 18 29 80 98 74 87 89 87 64 43 33 25 15 12 12 12 12 12 7 4 4 4 4 4 4 4 4 3 2 2 2 2 2 2 2 2 2 1 1 1 5 12 12 12 12 11 9 8 8 8 8 9 9 9 9 9 9 9 7 6 6 6 6 6 6 6 26 61 61 61 56 14 8 8 8 8 8 7 4 5 5 6 11 11 11 12 12 10 10 6 5 5 6
43 53 59 50 68 150 93 74 86 86 77 63 51 33 33 33 24 12 12 12 12 7 4 4 4 4 4 4 4 4 4 2 2 2 2 2 2 2 2 1 1 1 1 1 6 12 12 11 9 8 8 8 8 8 9 9 9 9 9 9 9 8 6 6 6 6 6 6 6 7 46 48 28 8 8 8 8 8 8 7 4 4 5 5 5 9 12 12 12 10 8 8 7 5 5 5
63 61 56 54 67 237 84 77 78 57 49 56 63 38 33 33 23 12 12 12 12 12 11 11 7 4 4 4 4 8 8 2 2 2 2 2 2 2 2 1 1 1 1 1 1 7 11 9 8 8 8 8 7 5 1 5 9 9 9 9 9 9 6 6 6 6 6 6 6 6 7 12 10 8 8 8 8 8 8 5 4 4 5 5 5 5 8 12 13 10 9 8 25 6 5 5
48 42 45 51 68 132 69 67 56 49 49 57 63 60 38 33 32 19 18 12 12 12 12 12 12 12 6 4 7 12 8 2 2 2 2 2 2 2 1 1 1 1 1 1 1 1 8 8 8 8 8 5 1 1 1 2 9 9 9 9 9 9 7 6 6 6 6 6 6 6 11 12 12 10 8 8 8 8 6 4 4 5 5 5 5 5 5 7 12 12 11 13 30 11 5 10
