data/pop/popdens/gpw_pop_density_qd_1995a.asc
ncols 1440 
nrows 720
xllcorner -180
yllcorner -90
cellsize .25
NODATA_value -99
[rows 80 to 159 of 720, columns 960 to 1055 of 1440]
0 0 0 0 0 0 0 0 0 0 0 0 0 0 0 0 0 0 0 0 0 0 0 0 0 0 0 0 0 0 0 0 0 0 0 0 0 0 0 0 0 0 0 0 0 0 0 0 0 0 0 0 0 0 0 0 0 0 0 0 0 0 0 0 0 0 0 0 0 0 0 0 0 0 0 0 0 0 0 0 0 0 0 0 0 0 0 0 0 0 0 0 0 0 0 0
0 0 0 0 0 0 0 0 0 0 0 0 0 0 0 0 0 0 0 0 0 0 0 0 0 0 0 0 0 0 0 0 0 0 0 0 0 0 0 0 0 0 0 0 0 0 0 0 0 0 0 0 0 0 0 0 0 0 0 0 0 0 0 0 0 0 0 0 0 0 0 0 0 0 0 0 0 0 0 0 0 0 0 0 0 0 0 0 0 0 0 0 0 0 0 0
0 0 0 0 0 0 0 0 0 0 0 0 0 0 0 0 0 0 0 0 0 0 0 0 0 0 0 0 0 0 0 0 0 0 0 0 0 0 0 0 0 0 0 0 0 0 0 0 0 0 0 0 0 0 0 0 0 0 0 0 0 0 0 0 0 0 0 0 0 0 0 0 0 0 0 0 0 0 0 0 0 0 0 0 0 0 0 0 0 0 0 0 0 0 0 0
0 0 0 0 0 0 0 0 0 0 0 0 0 0 0 0 0 0 0 0 0 0 0 0 0 0 0 0 0 0 0 0 0 0 0 0 0 0 0 0 0 0 0 0 0 0 0 0 0 0 0 0 0 0 0 0 0 0 0 0 0 0 0 0 0 0 0 0 0 0 0 0 0 0 0 0 0 0 0 0 0 0 0 0 0 0 0 0 0 0 0 0 0 0 0 0
0 0 0 0 0 0 0 0 0 0 0 0 0 0 0 0 0 0 0 0 0 0 0 0 0 0 0 0 0 0 0 0 0 0 0 0 0 0 0 0 0 0 0 0 0 0 0 0 0 0 0 0 0 0 0 0 0 0 0 0 0 0 0 0 0 0 0 0 0 0 0 0 0 0 0 0 0 0 0 0 0 0 0 0 0 0 0 0 0 0 0 0 0 0 0 0
0 0 0 0 0 0 0 0 0 0 0 0 0 0 0 0 0 0 0 0 0 0 0 0 0 0 0 0 0 0 0 0 0 0 0 0 0 0 0 0 0 0 0 0 0 0 0 0 0 0 0 0 0 0 0 0 0 0 0 0 0 0 0 0 0 0 0 0 0 0 0 0 0 0 0 0 0 0 0 0 0 0 0 0 0 0 0 0 0 0 0 0 0 0 0 0
0 0 0 0 0 0 0 0 0 0 0 0 0 0 0 0 0 0 1 3 4 2 0 0 0 0 0 0 0 0 0 0 0 0 0 0 0 0 0 0 0 0 0 0 0 0 0 0 0 0 0 0 0 0 0 0 0 0 0 0 0 0 0 0 0 0 0 0 0 0 0 0 0 0 0 0 0 0 0 0 0 0 0 0 0 0 0 0 0 0 0 0 0 0 0 0
0 0 0 0 0 0 0 0 0 0 0 0 0 0 0 1 4 8 10 10 10 4 0 0 0 0 0 0 0 0 0 0 0 0 0 0 0 0 0 0 0 0 0 0 0 0 0 0 0 0 0 0 0 0 0 0 0 0 0 0 0 0 0 0 0 0 0 0 0 0 0 0 0 0 0 0 0 0 0 0 0 0 0 0 0 0 0 0 0 0 0 0 0 0 0 0
0 0 0 0 0 0 0 0 0 0 0 0 0 0 0 5 10 10 10 10 10 8 7 6 3 0 0 0 0 0 0 0 0 0 0 0 0 0 0 0 0 0 0 0 0 0 0 0 0 0 0 0 0 0 0 0 0 0 0 0 0 0 0 0 0 0 0 0 0 0 0 0 0 0 0 0 0 0 0 0 0 0 0 0 0 0 0 0 0 0 0 0 0 0 0 0
0 0 0 0 0 0 0 0 0 0 0 0 6 8 10 10 10 10 10 10 10 10 10 7 3 0 0 0 0 0 0 0 0 0 0 0 0 0 0 0 0 0 0 0 0 0 0 0 0 0 0 0 0 0 0 0 0 0 0 0 0 0 0 0 0 0 0 0 0 0 0 0 0 0 0 0 0 0 0 0 0 0 0 0 0 0 0 0 0 0 0 0 0 0 0 0
0 0 0 0 0 0 0 0 0 0 2 6 10 10 10 10 10 10 10 10 10 10 7 4 0 0 0 0 0 0 0 0 0 0 0 0 0 0 0 0 0 0 0 0 0 0 0 0 0 0 0 0 0 0 0 0 0 0 0 0 0 0 0 0 0 0 0 0 0 0 0 0 0 0 0 0 0 0 0 0 0 0 0 0 0 0 0 0 0 0 0 0 0 0 0 0
0 0 0 0 0 0 1 3 6 9 10 10 10 10 10 10 10 10 10 10 5 1 0 0 0 0 0 0 0 0 0 0 0 0 0 0 0 0 0 0 0 0 0 0 0 0 0 0 0 0 0 0 0 0 0 0 0 0 0 0 0 0 0 0 0 0 0 0 0 0 0 0 0 0 0 0 0 0 0 0 0 0 0 0 0 0 0 0 0 0 0 0 0 0 0 0
2 2 2 2 2 2 2 3 8 10 10 10 10 10 10 10 10 9 7 4 0 0 0 0 0 0 0 0 0 0 0 0 0 0 0 0 0 0 0 0 0 0 0 0 0 0 0 0 0 0 0 0 0 0 0 0 0 0 0 0 0 0 0 0 0 0 0 0 0 0 0 0 0 0 0 0 0 0 0 0 0 0 0 0 0 0 0 0 0 0 0 0 0 0 0 0
2 2 2 2 2 2 2 3 6 8 10 10 10 10 9 5 2 0 0 0 0 0 0 0 43 68 103 0 0 0 0 0 0 0 0 0 0 0 0 0 0 0 0 0 0 0 0 0 0 0 0 0 0 0 0 0 0 0 0 0 0 0 0 0 0 0 0 0 0 0 0 0 0 0 0 0 0 0 0 0 0 0 0 0 0 0 0 0 0 0 0 0 0 0 0 0
2 2 2 2 2 2 2 2 2 2 4 8 9 5 0 0 0 0 0 0 0 0 0 0 0 0 0 0 0 0 0 0 0 0 0 0 0 0 0 0 0 0 0 0 0 0 0 0 0 0 0 0 0 0 0 0 0 0 0 0 0 0 0 0 0 0 0 0 0 0 0 0 0 0 0 0 0 0 0 0 0 0 0 0 0 0 0 0 0 0 0 0 0 0 0 0
2 2 2 2 2 2 2 2 2 2 2 2 1 0 0 0 0 0 0 0 0 0 0 0 0 0 0 0 0 0 0 0 0 0 0 0 0 0 0 0 0 0 0 0 0 0 0 0 0 0 0 0 0 0 0 0 0 0 0 0 0 0 0 0 0 0 0 324 0 0 0 0 0 0 0 0 0 0 0 0 0 0 0 0 0 0 0 0 0 0 0 0 0 0 0 0
2 2 2 2 2 2 2 2 2 2 1 1 0 0 0 0 0 0 0 0 0 0 0 0 0 0 0 0 0 0 0 0 0 0 0 0 0 0 0 0 0 0 0 0 0 0 0 0 0 0 0 0 0 0 0 0 0 0 0 0 0 0 0 0 0 0 0 0 0 0 0 0 0 0 0 0 0 0 0 0 0 0 0 0 0 0 0 0 0 0 0 0 0 0 0 0
2 2 2 2 2 2 2 2 1 0 0 0 0 0 0 0 0 0 0 0 0 0 0 0 0 0 0 0 0 0 0 0 0 0 0 0 0 0 0 0 0 0 0 0 0 0 0 0 0 110 51 0 0 0 0 0 0 0 0 0 0 0 0 0 0 0 0 0 0 0 0 0 0 0 0 0 0 0 0 0 0 0 0 0 0 0 0 0 0 0 0 0 0 0 0 0
2 2 2 2 2 2 1 0 0 0 0 0 0 0 0 0 0 0 0 0 0 0 0 0 0 0 0 0 0 0 0 0 0 0 0 0 0 0 0 0 0 0 0 0 0 0 0 0 0 0 0 0 0 0 0 0 0 0 0 0 0 0 0 0 0 0 0 0 0 0 0 0 0 0 0 0 0 0 0 0 0 0 0 0 0 0 0 0 0 0 0 0 0 0 0 0
2 2 2 2 1 1 0 0 0 0 0 0 0 0 0 0 0 0 0 0 0 0 0 0 0 0 0 0 0 0 0 0 0 0 0 0 0 0 0 0 0 0 0 0 0 0 0 0 0 0 0 0 0 0 0 0 0 0 0 0 0 0 0 0 0 0 0 0 0 0 0 0 0 0 0 0 0 0 0 0 0 0 0 0 0 0 0 0 0 0 0 0 0 0 0 0
0 1 1 1 0 0 0 0 0 0 0 0 0 0 0 0 0 0 0 0 0 0 0 0 0 0 0 0 0 0 0 0 0 0 0 0 0 0 0 0 0 0 0 0 0 0 0 0 0 0 0 0 0 0 0 0 0 0 0 0 0 0 0 0 0 0 0 0 0 0 0 0 0 0 0 0 0 0 0 0 0 0 0 0 0 0 0 0 0 0 0 0 0 0 0 0
0 0 0 0 0 0 0 0 0 0 0 0 0 0 0 0 0 0 0 0 0 0 0 0 0 0 0 0 0 0 0 0 0 0 0 0 0 0 0 0 0 0 0 0 0 0 0 0 0 0 0 0 0 0 0 0 0 0 0 0 0 0 0 0 0 0 0 0 0 0 0 0 0 0 0 0 0 0 0 0 0 0 0 0 0 0 0 0 0 0 0 0 0 0 0 0
0 0 0 0 0 0 0 0 0 0 0 0 0 0 0 0 0 0 0 0 0 0 0 0 0 0 0 0 0 0 0 0 0 0 0 0 0 0 0 0 0 0 0 0 0 0 0 0 0 0 0 0 0 0 0 0 0 0 0 0 0 0 0 0 0 0 0 0 0 0 0 0 0 0 0 0 0 0 0 0 0 0 0 0 0 0 0 0 0 0 0 0 0 0 0 0
0 0 0 0 0 0 0 0 0 0 0 0 0 0 0 0 0 0 0 0 0 0 0 0 0 0 0 0 0 0 0 0 0 0 0 0 0 0 0 0 0 0 0 0 0 0 0 0 0 0 0 0 0 0 0 0 0 0 0 0 0 0 0 0 0 0 0 0 0 0 0 0 0 0 0 0 0 0 0 0 0 0 0 0 0 0 0 0 0 0 0 0 0 0 0 0
0 0 0 0 0 0 0 0 0 0 0 0 0 0 0 0 0 0 0 0 0 0 0 0 0 0 0 0 0 0 0 0 0 0 0 0 0 0 0 0 0 0 0 0 0 0 0 0 0 0 0 0 0 0 0 0 0 0 84 0 0 0 0 0 0 0 0 0 0 0 0 0 0 0 0 0 0 0 0 0 0 0 0 0 0 0 0 0 0 0 0 0 0 0 0 0
0 0 0 0 0 0 0 0 0 0 0 0 0 0 0 0 0 0 0 0 0 0 0 0 0 0 53 1 0 0 0 0 0 0 0 0 0 0 0 0 0 0 0 0 0 0 0 0 0 0 0 0 0 0 0 0 0 0 0 0 0 0 0 0 0 0 0 0 0 0 0 0 0 0 0 0 0 0 0 0 0 0 0 0 0 0 0 0 0 0 0 0 0 0 0 0
0 0 0 0 0 0 0 0 0 0 0 0 0 0 0 0 0 0 0 1 1 0 1 0 0 0 0 0 0 0 0 0 0 0 0 0 0 0 0 0 0 0 0 0 0 0 0 0 0 0 0 1 1 1 0 0 0 0 0 0 0 0 0 0 0 0 0 0 0 0 0 0 0 0 0 0 0 0 0 0 0 0 0 0 0 0 0 0 0 0 0 0 0 0 0 0
0 0 0 0 0 0 0 0 0 0 0 0 0 0 0 0 0 0 1 0 0 1 1 1 1 0 0 0 0 0 0 0 0 0 0 0 0 0 0 0 0 0 0 0 1 0 1 1 1 1 1 1 1 1 1 1 1 1 1 1 1 280 1 1 1 1 0 0 0 0 0 0 0 0 0 0 0 0 0 0 0 0 0 0 0 0 0 0 0 0 0 0 0 0 0 0
0 0 0 0 0 0 0 0 0 0 0 0 0 0 0 0 0 0 0 0 0 1 1 1 1 1 0 0 0 0 0 0 0 0 0 0 0 0 0 0 0 0 0 0 1 1 1 1 1 1 1 1 1 1 1 1 1 1 1 1 1 1 1 1 1 1 0 0 0 0 0 0 0 0 0 0 0 0 0 0 0 0 0 0 0 0 0 0 0 0 0 0 0 0 0 0
0 0 0 0 0 0 0 0 0 0 0 0 0 0 0 0 0 0 0 1 1 0 1 1 1 1 1 1 1 0 0 0 0 0 0 0 0 0 0 0 0 0 0 0 1 1 1 1 1 1 1 1 1 1 1 0 1 1 1 1 1 1 1 1 1 1 0 0 0 0 0 0 0 0 0 0 0 0 0 0 0 0 0 0 0 0 0 0 0 0 0 0 0 0 0 0
0 0 0 0 0 0 0 0 0 0 0 0 0 0 0 0 0 0 0 1 1 1 1 1 1 1 1 1 1 1 0 0 0 0 0 0 0 0 0 0 0 0 0 0 1 0 1 1 1 1 0 1 1 1 1 1 1 1 1 1 1 1 1 0 1 1 0 0 0 0 0 0 0 0 0 0 0 0 0 0 0 0 0 0 0 0 0 0 0 0 0 0 0 0 0 0
0 0 0 0 0 0 1 1 2 1 2 2 2 2 2 2 2 2 2 1 1 175 1 1 1 1 1 1 1 1 0 0 0 0 0 0 0 0 0 0 0 0 1 1 0 0 1 1 1 0 0 1 1 1 1 1 1 1 136 1 1 1 1 0 0 0 0 0 0 0 1 129 0 0 0 0 0 0 0 0 0 0 0 0 0 0 0 0 0 0 0 0 0 0 0 0
0 0 0 1 1 2 2 2 2 2 2 2 2 2 2 2 2 2 2 1 1 1 1 1 1 1 1 1 1 1 1 1 0 0 0 0 0 0 0 0 0 1 1 1 1 1 1 1 1 1 1 1 1 1 1 1 1 1 1 0 0 0 0 0 0 0 0 0 0 0 0 0 0 0 0 0 0 0 0 0 0 0 0 0 0 0 0 0 0 0 0 0 0 0 0 0
1 1 1 1 2 2 2 2 2 2 2 2 2 2 2 2 2 2 2 2 2 2 2 2 1 1 1 1 1 1 1 1 0 0 0 0 0 0 0 0 0 0 0 1 1 1 1 1 1 1 1 1 1 1 1 1 1 1 1 0 36 0 0 0 0 0 0 0 0 0 0 0 0 0 0 0 0 0 0 0 0 0 0 0 0 0 0 0 0 0 0 0 0 0 0 0
1 1 1 1 1 1 2 2 2 2 2 2 2 2 2 2 2 2 2 2 2 2 2 2 1 1 1 1 1 0 0 0 0 0 0 0 0 0 0 0 0 0 0 0 1 1 1 1 1 1 1 1 1 409 303 1 1 1 1 0 81 3 0 0 0 0 0 0 0 0 0 0 0 0 0 0 0 0 0 0 0 0 0 0 0 0 0 0 0 0 0 0 0 0 0 0
1 1 1 1 1 1 1 1 1 1 2 2 2 2 2 2 2 2 2 2 2 2 1 1 1 0 0 0 0 0 0 0 0 0 0 0 96 0 0 0 0 0 0 0 1 1 1 1 1 1 259 1 1 1 1 1 1 1 1 1 1 0 0 0 10 10 0 0 0 0 0 0 0 0 0 0 0 0 0 0 0 0 0 0 0 0 0 0 0 0 0 0 0 0 0 0
1 1 1 1 1 1 1 1 1 1 1 2 2 2 2 2 2 2 2 2 1 1 1 1 1 1 0 0 0 0 0 0 0 0 0 0 0 0 0 0 0 0 1 1 1 1 1 1 1 1 1 5 1 1 1 1 1 1 1 1 1 0 0 0 52 59 0 657 0 0 0 0 0 0 0 0 0 0 0 0 0 0 0 0 0 0 0 0 0 0 0 0 0 0 0 0
7 1 1 1 1 1 1 1 1 1 1 2 2 2 2 2 1 1 1 1 1 1 1 1 1 1 1 1 1 0 0 0 0 0 0 0 0 0 0 0 1 1 1 1 1 1 1 1 1 1 1 97 4 1 1 1 1 1 1 1 0 0 0 0 0 0 0 0 0 0 0 0 0 0 0 0 0 0 0 0 0 0 0 0 0 0 0 0 0 0 0 0 0 0 0 0
14 1 1 1 1 1 1 1 1 1 1 1 1 1 1 1 1 1 1 1 1 1 1 1 1 1 1 1 1 1 0 0 0 0 0 0 1 1 0 0 1 1 1 1 1 1 1 1 1 1 1 1 1 1 1 1 1 1 1 1 0 0 0 0 0 0 0 0 0 0 0 0 123 0 0 0 0 0 0 0 0 0 0 0 0 0 0 0 0 0 0 0 0 0 0 0
12 2 2 2 2 2 1 1 1 1 1 1 1 1 1 1 1 1 1 105 1 1 1 1 1 1 1 1 1 1 0 0 0 0 1 1 0 0 0 0 0 1 1 1 1 1 1 1 1 1 1 1 1 1 1 1 1 1 1 1 1 0 0 0 0 0 0 0 0 0 0 0 0 0 0 0 0 0 0 0 0 0 0 0 0 0 0 0 0 0 0 0 0 0 0 0
21 55 3 3 3 3 1 1 1 1 1 1 1 1 1 1 1 1 1 1 1 1 1 1 1 1 1 1 1 1 1 1 1 0 1 1 0 0 0 0 0 0 0 1 1 1 1 1 1 1 1 1 1 1 1 1 1 1 1 1 1 1 1 1 0 0 0 0 0 0 0 0 0 0 0 0 0 0 0 0 0 0 0 0 0 0 0 0 0 0 0 0 0 0 0 0
83 115 167 28 3 3 2 1 1 1 1 1 1 1 1 1 1 1 1 1 1 1 1 1 1 1 1 1 1 1 1 1 1 1 1 1 1 0 0 0 0 0 0 0 0 0 1 1 1 1 1 1 1 1 1 1 1 1 1 1 1 1 1 1 1 1 0 0 0 0 0 0 0 0 0 0 0 0 0 0 0 0 0 0 0 0 0 0 0 0 0 0 0 0 0 1
5 4 11 3 3 3 3 1 1 1 1 1 1 1 1 1 1 1 1 1 1 1 1 1 1 1 1 1 1 1 1 1 1 0 0 0 0 0 0 0 0 0 0 0 0 0 0 0 0 1 1 1 1 1 1 1 1 1 1 1 1 1 1 1 0 0 0 0 0 0 0 0 0 0 0 0 0 0 0 0 0 0 0 0 0 0 0 0 0 0 0 1 1 1 1 1
5 5 5 5 4 3 3 3 2 2 2 1 1 1 1 1 1 1 1 1 1 1 1 1 1 1 1 1 1 1 1 1 0 0 0 0 0 0 0 0 0 0 0 0 0 0 0 0 0 0 1 1 1 1 1 1 1 1 1 1 1 1 1 0 0 0 0 0 0 0 0 0 0 0 0 0 0 0 0 0 0 0 0 0 0 0 0 0 0 0 0 1 1 1 1 1
6 5 4 4 4 4 3 3 3 3 4 4 4 1 1 1 1 1 1 1 1 1 1 1 1 1 1 1 1 1 1 1 1 0 0 0 0 0 0 0 0 0 0 0 0 0 0 0 0 0 0 0 1 1 1 1 1 1 1 1 1 1 1 0 0 0 0 0 0 0 0 0 0 0 0 0 0 0 0 0 0 0 0 0 0 0 1 1 1 1 1 1 2 2 2 2
15 9 5 4 4 4 4 4 4 4 4 4 5 4 2 1 1 1 1 1 1 1 1 1 1 1 1 1 1 1 1 1 1 1 1 1 1 0 0 1 1 1 1 1 0 0 0 0 0 0 0 0 0 0 0 0 0 0 0 0 1 0 0 0 0 0 0 0 0 0 0 0 0 0 0 0 0 0 0 0 0 0 0 0 1 1 1 1 1 1 2 2 2 2 2 2
23 23 14 2 3 4 4 4 4 4 5 5 6 6 6 6 4 1 1 1 2 2 2 2 1 1 1 1 1 1 1 0 1 1 1 1 1 1 1 2 2 2 2 2 2 1 0 0 0 0 0 0 0 0 0 0 0 0 1 1 1 1 0 0 0 0 0 0 0 0 0 0 0 0 0 0 0 0 0 0 1 1 1 1 1 1 1 1 2 2 2 81 2 2 2 1
56 11 137 53 3 4 4 4 4 4 5 6 6 6 6 6 6 5 3 2 107 10 2 2 2 2 3 3 3 3 1 1 1 290 1 1 2 2 2 2 2 2 2 3 3 2 1 1 1 1 0 1 1 1 1 1 1 1 2 2 1 1 0 0 0 0 0 0 0 0 0 0 0 0 0 0 0 0 0 0 1 1 1 1 1 2 2 2 2 2 2 2 2 2 2 2
437 5 4 4 21 39 37 12 4 4 7 8 7 7 7 6 7 6 3 2 2 2 2 3 3 4 4 4 4 4 2 1 1 1 1 2 2 2 2 2 2 2 2 3 3 3 3 2 2 2 2 2 2 2 2 2 2 2 2 2 2 2 1 0 0 0 0 0 0 0 0 0 1 1 1 1 1 1 1 1 1 1 1 1 1 1 2 3 3 3 3 3 3 3 3 4
24 83 9 7 17 23 15 6 11 9 8 8 130 8 9 9 8 7 7 5 3 4 4 4 4 4 4 4 4 4 4 2 2 1 2 2 2 2 2 2 2 0 0 3 3 3 3 2 2 2 2 2 2 2 3 4 2 2 2 2 2 2 2 1 0 0 0 0 0 0 0 0 0 1 1 1 1 1 1 1 1 1 1 1 1 1 3 3 3 3 3 3 3 4 4 4
41 16 27 14 5 109 10 118 18 16 8 8 10 10 10 11 9 8 8 11 13 11 8 6 4 4 4 4 4 4 4 3 2 2 2 2 2 2 2 2 2 0 2 3 3 2 2 2 2 2 2 2 2 3 5 4 2 2 2 2 2 2 2 2 1 0 0 0 0 0 0 0 0 0 1 1 1 1 1 1 1 1 1 1 1 1 1 1 2 1 1 1 1 5 5 5
33 53 80 66 51 107 127 10 10 9 9 10 12 13 14 14 13 9 9 10 18 19 1315 19 0 0 6 4 4 4 4 4 3 3 3 3 4 4 3 2 2 3 4 4 4 2 1 1 1 1 1 1 1 3 5 4 4 2 2 2 3 3 3 3 2 2 2 2 2 2 1 1 1 1 1 1 1 1 1 1 1 1 1 1 1 1 1 1 1 1 1 1 3 6 6 6
225 552 1134 456 38 117 51 84 109 9 86 10 12 12 14 14 13 9 9 9 11 17 18 17 15 7 6 6 6 4 4 4 4 5 4 4 4 4 4 5 4 4 4 4 4 4 2 1 1 1 1 1 1 4 4 2 2 65 2 2 3 3 3 3 3 2 2 2 2 2 2 2 2 1 1 1 1 1 1 1 1 1 1 1 1 1 1 1 1 1 1 1 3 6 6 6
83 451 539 186 28 22 19 31 25 15 11 10 12 12 14 14 14 9 8 8 10 10 10 7 6 93 7 8 8 7 7 7 7 7 7 6 5 5 5 5 5 5 5 6 5 4 3 2 2 1 1 1 2 3 4 4 3 4 5 4 4 4 4 4 4 2 2 2 2 2 2 1 1 1 1 1 1 1 1 1 1 1 1 1 1 1 1 1 1 1 1 1 2 6 7 6
51 47 35 35 26 12 13 355 127 12 11 11 11 11 10 10 9 9 8 8 9 10 10 8 8 8 68 9 8 7 7 7 7 7 7 7 7 7 7 6 7 7 7 6 4 4 4 4 4 3 3 3 4 4 4 4 6 9 9 5 5 5 5 5 4 2 3 2 0 0 2 1 1 1 1 1 1 1 1 1 1 1 2 2 2 1 1 1 1 2 2 2 4 7 7 0
35 34 13 12 9 5 5 11 12 11 11 11 11 10 212 9 9 9 10 10 8 7 7 7 8 8 7 8 6 5 5 6 5 7 7 7 7 156 7 7 7 7 7 7 4 4 4 4 4 4 4 4 4 5 5 7 8 9 9 5 5 5 4 4 4 4 4 4 0 0 3 2 2 1 1 1 1 2 2 1 2 2 2 2 2 2 2 3 3 3 3 3 3 7 7 0
32 32 20 75 10 10 10 11 11 12 11 11 11 10 9 9 11 11 11 11 9 7 7 7 8 8 6 6 5 5 4 4 4 5 0 0 7 7 7 7 6 6 6 4 4 4 4 4 32 4 4 4 6 7 7 8 9 9 8 7 6 4 4 4 4 0 4 4 4 4 3 3 2 2 1 1 2 3 2 2 2 2 2 2 2 2 3 3 3 3 3 3 3 5 7 10
30 49 43 20 15 19 12 12 12 12 11 12 14 12 8 8 11 12 12 13 14 10 9 8 9 7 6 5 5 5 5 4 4 5 0 0 8 8 8 7 5 5 5 4 4 36 4 4 4 5 6 5 7 7 7 9 10 10 8 8 7 4 4 4 4 0 4 5 5 5 3 3 3 3 3 3 2 2 2 2 2 2 3 4 4 4 4 4 4 3 3 3 4 7 11 13
91 54 17 17 20 237 140 12 12 11 11 11 14 14 9 8 10 12 12 15 76 781 14 9 8 7 7 7 8 8 7 6 6 7 0 0 8 8 8 6 5 5 4 4 4 4 4 4 11 14 15 14 14 20 21 18 11 11 9 8 7 4 4 36 21 6 7 7 7 7 6 3 3 201 3 3 2 2 2 2 4 5 4 4 4 4 7 9 9 5 3 18 21 15 15 15
117 42 14 23 27 1812 834 35 12 10 10 10 12 14 11 8 9 11 12 14 14 14 13 9 8 7 7 8 8 8 10 11 11 10 9 8 8 8 8 8 7 8 9 8 6 7 8 13 14 14 15 15 435 840 80 17 14 10 66 9 9 5 4 12 11 5 6 6 7 6 0 4 4 0 0 4 2 2 2 4 5 5 4 4 4 4 9 10 10 9 28 1558 545 29 13 11
63 134 11 13 52 194 25 11 9 9 9 8 8 8 8 8 10 10 10 10 11 12 10 7 7 7 7 8 8 8 9 9 9 9 9 10 491 74 9 9 9 9 9 9 8 67 10 14 14 15 15 15 136 1187 123 20 15 13 8 7 7 6 4 4 4 4 4 4 7 7 0 0 4 0 0 5 4 3 4 5 5 5 4 4 4 4 8 10 10 15 88 150 1213 23 17 14
12 12 12 11 13 0 0 12 10 8 8 8 8 7 7 7 8 10 10 10 11 10 6 6 7 7 7 7 7 7 8 9 9 10 10 10 9 9 8 8 9 9 8 8 7 8 8 12 13 12 12 12 21 18 16 18 20 11 8 7 7 7 6 4 4 4 4 4 6 8 7 0 0 0 0 5 5 5 5 6 5 5 5 4 4 4 6 9 8 17 27 30 67 170 18 16
13 16 21 20 11 106 0 13 10 8 8 8 8 7 7 7 7 9 8 8 9 6 6 6 6 7 6 6 6 6 8 10 10 10 10 10 8 8 8 8 9 7 7 7 8 9 9 9 9 11 11 10 13 17 14 13 16 13 9 8 8 8 8 4 4 5 5 6 8 8 7 7 0 0 0 6 6 6 6 6 6 6 7 6 8 8 8 8 8 8 10 17 17 17 17 12
14 10 10 8 8 20 173 8 8 8 8 7 7 7 7 7 7 7 7 7 6 6 6 6 6 6 6 6 8 9 9 10 10 9 9 8 8 8 9 9 10 10 9 7 6 7 7 5 6 7 8 7 9 11 10 11 12 13 12 10 8 8 6 5 5 5 6 7 8 7 6 6 6 11 9 7 7 7 7 7 6 6 6 6 6 7 8 8 7 7 7 14 16 16 16 14
11 9 8 8 8 8 24 8 8 7 7 7 7 7 8 7 7 7 7 6 6 6 6 6 6 5 5 5 8 9 9 9 9 9 8 8 8 8 11 11 7 6 6 6 6 5 5 5 5 5 5 5 5 6 7 8 8 9 12 10 7 6 5 5 5 5 5 7 6 6 8 8 11 11 9 7 7 7 7 7 6 6 6 6 6 104 5 6 7 7 7 9 13 13 13 14
8 8 9 9 8 8 8 8 8 7 7 7 7 10 11 9 7 7 7 7 6 6 6 6 6 5 5 7 9 9 9 9 9 9 9 9 9 8 10 10 7 6 6 6 5 5 5 5 5 5 5 5 5 7 7 6 7 8 6 4 5 5 5 5 6 5 6 6 7 9 11 11 9 9 9 6 7 6 6 6 6 6 6 5 5 5 5 7 8 7 8 11 14 13 17 14
8 6 7 9 9 8 8 0 0 7 7 9 11 11 94 8 6 6 6 6 6 6 6 6 6 6 6 8 8 9 9 9 9 9 10 10 15 248 30 10 7 6 6 6 5 5 5 5 4 4 4 5 5 5 4 4 4 5 4 4 4 4 5 6 6 6 6 6 6 6 7 9 6 6 6 8 9 7 8 6 5 6 6 6 6 7 7 7 8 9 11 17 19 46 736 525
5 5 85 5 9 9 9 0 0 7 8 16 200 17 415 10 6 6 6 6 5 6 6 6 6 7 7 7 7 7 9 8 8 8 7 9 11 43 9 8 7 51 6 5 5 5 4 2 2 2 3 4 4 3 3 4 4 4 4 4 4 4 4 5 6 6 6 6 6 6 6 6 6 7 9 139 11 11 11 8 7 11 10 8 9 9 8 9 10 10 11 17 14 10 106 138
5 5 5 5 5 5 5 6 7 7 7 7 112 12 11 10 7 6 6 6 5 5 5 5 6 7 7 7 7 7 7 7 7 7 7 9 9 9 8 7 91 13 5 5 5 3 2 2 2 2 2 2 2 2 3 3 4 4 3 3 3 3 3 3 3 5 7 7 6 6 6 6 6 8 9 8 9 9 15 15 15 13 13 12 10 10 12 13 11 10 9 9 9 9 8 11
7 7 6 6 5 5 5 5 6 40 53 7 7 7 7 6 6 6 6 5 5 5 5 5 7 7 6 6 5 6 6 6 7 6 6 6 7 7 7 7 7 8 5 5 5 3 3 2 2 2 2 3 4 3 3 3 3 3 3 3 3 3 3 3 3 3 5 7 7 7 6 6 6 6 9 12 13 0 11 9 8 8 9 8 8 8 12 12 8 6 6 72 9 9 8 8
6 7 7 6 4 4 5 5 5 6 7 7 7 6 6 6 6 6 6 5 5 5 4 4 6 6 5 5 5 5 5 5 6 6 6 6 6 6 9 10 10 10 9 8 6 5 4 4 4 4 3 4 4 4 4 4 3 1 1 1 2 2 3 4 4 4 4 215 318 7 7 6 6 6 6 9 8 0 6 7 8 8 8 7 7 7 8 9 9 8 7 6 6 7 7 8
6 6 5 4 69 39 4 3 3 4 7 7 7 6 6 6 6 6 6 4 4 4 4 4 6 6 6 6 5 5 5 5 5 4 5 5 5 8 10 10 9 7 6 7 6 6 6 6 5 4 4 4 4 4 4 4 1 1 1 1 1 1 3 4 4 4 4 192 172 7 7 6 5 6 6 6 6 6 7 7 6 6 6 6 6 6 8 11 10 9 9 9 8 8 8 8
4 4 4 4 4 4 3 3 3 3 3 5 6 6 6 6 4 3 3 2 4 4 4 6 6 6 6 5 5 5 5 5 35 54 4 4 4 7 10 8 6 7 7 6 6 6 7 7 5 4 4 4 4 4 4 3 1 1 1 1 11 58 4 2 2 2 4 4 4 4 4 4 4 5 5 4 4 7 7 7 7 6 6 7 7 8 12 12 12 10 9 8 8 7 6 8
5 5 4 4 4 4 3 3 3 3 3 3 3 2 2 2 2 2 2 2 3 4 5 6 6 5 5 5 4 4 4 4 4 4 4 4 6 6 6 6 8 8 8 8 8 8 8 7 4 4 4 4 4 4 4 3 2 1 1 1 74 119 34 1 1 3 4 3 1 2 3 3 3 3 3 3 3 5 7 6 4 3 5 7 366 8 8 9 6 6 7 7 7 4 2 3
4 4 5 5 4 4 3 2 3 3 3 3 2 2 2 2 2 2 2 2 3 3 5 5 5 5 4 4 4 4 4 4 4 4 4 3 5 6 6 6 6 6 7 7 7 49 7 6 5 4 4 4 4 4 4 2 1 1 1 1 1 2 2 2 2 2 1 1 1 1 1 3 3 3 3 3 3 3 3 3 3 4 7 8 8 9 7 5 5 6 6 7 7 3 2 2
2 2 3 4 4 4 2 1 2 3 3 3 2 2 2 2 2 2 2 2 2 2 4 4 4 4 4 3 3 3 4 4 4 4 3 3 3 4 3 4 5 5 6 7 7 438 117 6 6 6 5 4 4 4 5 5 2 1 2 2 2 2 2 2 2 2 1 1 1 1 1 1 3 3 3 3 3 3 3 3 3 4 9 10 12 14 14 11 32 5 6 5 5 3 2 2
2 3 4 4 4 4 1 1 1 2 2 2 1 1 1 1 1 2 2 2 2 2 3 4 4 4 3 2 2 2 2 4 4 4 3 3 3 3 3 2 2 2 4 7 7 6 6 6 6 6 6 6 5 5 5 5 2 2 2 2 2 2 2 2 2 1 1 1 1 1 1 1 1 2 3 3 3 3 3 3 3 7 10 10 11 11 14 12 9 9 10 13 7 7 6 4
1 2 2 2 2 1 1 1 1 1 1 1 1 1 1 1 1 1 1 2 1 1 1 2 3 2 2 2 2 2 2 3 3 2 2 3 3 2 2 2 2 2 2 6 5 2 1 5 6 6 6 6 6 5 5 4 3 3 3 2 2 2 2 2 2 2 2 1 1 1 1 1 1 1 2 3 3 5 3 3 3 3 6 9 8 8 11 17 17 17 15 11 7 7 7 7
1 1 1 1 1 1 1 1 1 1 1 1 1 1 1 1 1 1 1 1 1 1 1 2 2 2 2 48 2 2 2 2 2 2 2 2 2 2 2 2 2 2 2 2 1 1 2 5 6 6 6 6 6 5 5 4 4 4 4 4 2 2 2 2 2 2 2 1 1 1 1 1 1 1 1 3 3 3 3 3 357 359 3 4 5 7 10 17 13 12 8 7 7 60 114 7
1 1 1 1 1 1 1 1 1 1 1 1 1 1 1 1 1 1 1 1 1 1 1 2 2 2 2 83 2 2 1 1 2 2 2 2 2 2 2 2 1 2 1 1 1 1 1 4 6 7 9 220 255 6 4 4 4 4 4 4 2 2 1 1 1 1 1 1 1 1 1 1 1 1 2 3 3 3 3 3 3 3 3 3 4 8 9 10 9 11 178 33 7 9 10 8
