data/pop/popdens/gpw_pop_density_qd_1995a.asc
ncols 1440 
nrows 720
xllcorner -180
yllcorner -90
cellsize .25
NODATA_value -99
[rows 80 to 159 of 720, columns 768 to 863 of 1440]
0 0 0 0 0 0 0 0 0 0 0 0 0 0 0 0 0 0 0 0 0 0 0 0 0 0 22 21 12 0 0 0 0 0 4 3 2 1 1 1 1 2 4 4 4 4 4 4 3 1 0 1 1 1 1 1 1 1 0 0 0 0 0 0 0 1 2 2 2 2 3 3 0 0 0 0 0 0 0 0 4 4 0 0 0 0 0 0 0 0 0 0 0 0 0 0
0 0 0 0 0 0 0 0 0 0 0 0 0 0 0 0 0 0 0 0 0 0 0 0 0 21 22 22 22 0 0 0 0 0 3 2 1 1 1 1 1 1 2 2 1 1 1 1 1 0 0 1 1 1 1 0 0 0 0 0 0 0 0 0 0 0 0 1 1 2 3 3 0 0 0 0 0 0 0 0 4 4 0 0 0 0 0 0 0 0 0 0 0 0 0 0
0 0 0 0 0 0 0 0 0 0 0 0 0 0 0 0 0 0 0 0 0 4 8 12 12 10 6 6 9 0 0 8 2 1 2 3 2 1 1 1 1 1 0 0 0 0 0 0 0 0 1 1 1 1 1 0 0 0 0 0 0 0 0 0 0 0 0 1 1 3 3 4 4 4 4 4 4 4 4 3 3 3 3 3 17 0 0 0 0 0 0 0 0 0 0 0
0 0 0 0 0 0 0 0 0 0 0 0 0 0 0 0 0 0 0 0 0 0 4 7 10 5 2 3 3 4 4 3 1 1 1 1 0 0 0 1 1 0 0 0 0 0 0 0 0 0 0 1 1 1 1 0 0 0 0 0 0 0 0 0 0 0 0 2 3 4 0 0 4 4 4 4 4 3 3 3 3 3 3 166 779 309 12 7 9 13 16 20 23 24 21 22
0 0 0 0 0 0 0 0 0 0 0 0 0 0 0 0 0 0 0 0 0 0 5 5 4 1 2 2 2 2 2 2 2 1 1 1 1 0 0 0 0 0 0 0 0 0 0 0 0 0 0 0 0 0 0 0 0 0 0 0 0 0 0 0 0 1 2 4 4 4 0 0 4 4 4 3 3 3 3 3 3 3 3 169 414 48 3 3 3 3 3 3 4 5 3 4
0 0 0 0 0 0 0 0 0 0 0 15 15 14 11 6 5 29 22 7 7 6 6 6 3 1 1 1 1 2 2 2 2 1 1 1 1 1 1 1 0 0 0 0 0 0 0 0 0 0 0 0 0 0 0 0 0 0 0 0 0 0 0 0 0 1 3 4 4 4 4 4 4 3 3 3 3 0 3 3 3 3 3 3 3 3 1 1 1 1 1 1 1 1 1 0
0 0 0 0 0 0 0 0 0 0 0 17 15 9 5 5 4 4 4 4 6 9 9 9 5 1 1 1 1 1 1 1 1 1 1 1 1 1 1 1 1 1 1 1 0 0 0 0 0 0 0 1 1 1 1 1 1 1 1 1 1 1 1 1 1 1 3 4 4 4 4 4 3 3 3 3 3 0 3 3 3 3 4 5 6 5 2 0 0 0 0 0 0 0 0 0
0 0 0 0 0 11 25 0 0 0 0 0 0 0 2 2 0 2 2 2 3 7 8 9 4 1 1 1 1 1 1 1 1 1 1 1 1 1 1 1 1 1 1 1 1 1 1 1 1 1 1 1 1 1 1 1 1 1 1 1 1 1 1 1 1 1 1 2 2 3 3 3 3 3 3 3 3 3 3 6 14 21 0 0 27 27 22 11 0 0 0 0 0 0 0 0
0 0 0 0 0 0 0 0 0 0 0 0 3 3 3 2 2 2 1 1 1 1 1 2 1 1 1 1 1 1 1 1 1 1 1 1 1 1 1 1 1 1 1 1 1 1 1 1 1 1 1 1 1 1 1 1 1 1 1 1 1 1 1 1 1 0 0 0 0 0 2 3 3 3 3 0 0 6 9 22 22 22 22 22 0 27 23 19 6 0 0 0 0 0 0 0
0 0 0 0 0 0 0 0 0 0 0 0 16 2 2 2 2 2 1 0 0 0 1 1 1 1 1 1 1 1 1 1 1 1 1 1 1 1 1 1 1 1 1 1 1 1 1 2 2 1 1 1 1 1 1 1 1 1 1 1 1 1 1 0 0 0 0 0 0 1 1 1 6 7 8 0 0 9 9 17 25 25 24 24 0 27 18 14 14 0 10 0 0 0 0 0
0 0 0 0 0 0 0 41 41 41 41 41 20 7 3 3 1 1 0 0 0 0 0 0 0 0 1 1 0 1 1 1 1 1 1 1 1 1 1 1 1 1 1 1 1 1 1 2 2 1 1 1 1 1 1 1 1 1 1 1 1 1 0 0 0 0 0 0 1 1 3 5 6 7 8 9 9 8 0 0 16 41 91 27 27 27 22 14 14 14 9 0 0 0 0 0
0 0 0 0 0 0 0 4 4 14 23 8 3 3 5 7 8 5 0 0 0 0 0 0 0 0 0 0 0 1 1 1 1 1 1 1 1 1 1 1 1 1 1 1 1 1 1 2 2 2 2 2 2 2 2 2 1 1 1 1 1 1 1 1 1 1 1 1 2 4 6 6 6 6 6 7 6 6 6 0 6 6 6 10 16 19 12 7 11 10 5 1 0 0 0 0
0 0 0 0 0 0 0 8 5 3 1 1 3 2 2 2 1 0 0 0 0 0 0 0 0 0 0 0 0 0 0 0 1 1 1 1 1 1 1 1 1 1 1 1 1 2 2 2 3 3 3 3 3 3 3 3 3 3 3 3 3 3 3 2 1 1 1 1 4 6 6 6 6 6 6 6 6 6 6 6 6 6 0 0 0 1 1 1 1 0 1 1 1 1 1 1
0 0 0 0 4 3 5 7 8 6 5 4 5 3 1 0 0 0 0 0 0 0 0 0 0 0 0 0 0 0 0 0 0 0 0 1 1 1 1 1 1 2 2 1 2 2 2 3 3 3 3 3 3 3 42 8 3 3 3 3 3 3 3 3 2 1 1 1 1 3 4 4 4 4 4 5 5 4 5 6 6 6 6 5 5 5 1 0 0 0 0 0 0 1 1 1
0 0 0 0 9 5 5 6 6 6 6 6 6 4 0 0 0 0 0 0 0 0 0 0 0 0 0 0 0 0 0 0 0 0 1 4 3 3 4 5 4 2 2 2 2 2 3 3 3 4 6 3 3 3 18 56 3 3 3 3 3 3 2 2 2 2 2 3 3 3 2 1 1 1 1 1 1 1 2 4 3 2 2 1 1 1 1 0 0 0 0 0 0 0 1 1
62 15 13 7 6 6 6 4 4 5 4 3 2 1 0 0 0 0 0 0 0 0 0 0 0 0 0 1 1 1 0 0 0 1 6 7 7 7 7 9 30 17 9 7 7 5 6 10 18 19 4 3 3 3 3 2 2 2 2 2 0 2 2 2 2 2 2 3 3 3 3 2 1 1 1 0 0 1 1 1 1 1 1 1 1 1 1 0 0 1 0 0 0 0 0 0
52 46 21 7 7 7 6 3 3 2 1 1 1 1 1 0 0 0 0 0 0 0 0 0 0 0 1 1 1 1 1 1 2 5 6 6 7 7 7 12 31 33 16 10 10 10 11 12 16 22 36 12 6 3 3 2 2 2 2 2 0 2 2 2 2 2 3 3 3 3 3 3 2 1 1 0 0 1 1 1 1 1 1 1 1 1 1 0 0 1 0 0 0 0 0 0
10 4 3 3 6 2 1 1 1 1 1 1 0 0 1 1 1 1 0 0 0 0 0 0 0 1 1 1 1 1 2 2 4 8 8 6 7 14 24 31 33 0 0 0 0 0 0 0 0 0 0 0 0 3 5 3 2 2 2 2 2 2 2 2 2 2 2 3 3 3 3 2 1 0 0 1 1 1 1 1 0 0 1 1 1 1 1 0 0 1 0 0 0 0 0 0
9 8 6 7 3 1 1 1 1 1 1 1 1 1 1 1 1 1 0 0 1 0 0 0 1 2 2 2 1 1 3 10 12 12 13 13 13 13 0 0 0 0 0 0 0 0 0 0 0 0 0 0 0 10 7 8 4 2 2 2 2 2 2 2 2 2 2 2 2 2 2 1 1 1 0 0 1 1 1 1 1 1 1 1 1 1 1 0 1 1 0 0 0 0 0 0
3 2 2 2 1 1 1 1 1 1 1 1 1 1 1 1 1 0 0 0 0 1 1 1 2 2 2 2 2 2 4 10 10 10 11 11 11 12 0 0 0 0 0 0 0 0 0 0 0 0 0 0 0 98 110 48 6 3 2 2 2 2 2 2 2 2 2 2 2 2 2 1 1 1 1 0 0 1 1 1 1 1 1 1 1 1 1 1 1 1 0 0 0 0 0 5
4 3 1 1 1 1 1 1 1 1 1 1 1 1 1 1 1 1 1 1 1 1 1 2 2 2 0 2 3 3 3 0 0 10 10 10 10 10 0 0 0 0 0 0 0 0 0 0 0 0 8 5 7 37 116 71 11 16 3 2 2 2 2 2 2 2 2 2 2 2 2 1 1 1 1 1 1 1 1 1 1 1 1 1 2 2 2 2 1 1 0 0 0 0 0 0
3 2 2 2 1 1 1 1 1 1 1 1 1 1 1 1 1 1 1 1 1 1 2 2 2 2 0 2 2 4 7 0 0 10 10 10 10 10 0 0 0 0 0 0 0 0 0 0 0 0 43 8 7 7 7 10 14 6 3 3 3 2 2 3 2 2 3 2 2 2 2 2 1 1 100 1 1 1 1 1 1 1 1 1 2 2 2 2 2 2 0 0 0 0 0 0
3 2 2 1 1 1 1 1 1 2 1 1 1 1 1 1 1 1 1 1 1 1 1 1 2 2 2 2 2 2 2 3 20 12 9 7 9 10 0 0 0 0 0 0 0 0 0 0 10 7 12 13 10 7 4 4 4 3 3 4 0 0 0 15 6 3 3 2 2 2 2 2 0 1 1 1 1 1 1 1 1 1 1 2 0 2 2 2 2 2 2 2 2 2 2 0
6 1 1 1 1 1 1 1 2 2 2 2 1 1 1 1 1 1 1 1 1 1 1 1 1 1 2 2 2 3 5 14 38 36 11 6 6 0 0 0 0 0 0 0 0 0 0 0 14 16 20 18 11 8 7 4 3 3 3 4 0 0 0 16 4 4 4 3 2 2 2 2 0 2 1 1 1 1 1 1 1 1 1 1 0 2 2 2 2 2 2 2 2 2 2 0
10 8 3 1 1 2 2 2 2 0 0 2 1 1 1 1 1 1 3 4 4 6 5 6 7 8 4 4 3 4 14 31 42 42 0 0 0 0 0 0 0 0 0 70 102 37 8 13 10 7 10 15 19 11 8 5 5 6 7 5 5 7 11 0 0 4 4 4 4 4 4 2 2 1 1 1 1 1 1 1 1 1 1 1 1 2 2 2 2 2 2 2 2 2 2 0
6 2 1 1 1 1 2 2 2 2 6 9 3 1 1 2 3 3 4 4 4 8 9 9 9 9 9 9 8 0 0 0 0 0 0 0 0 0 0 0 0 11 74 22 15 11 11 10 7 6 4 6 7 8 6 6 6 0 8 15 19 17 7 4 3 3 4 5 6 6 5 5 4 2 1 1 1 1 1 1 1 1 3 4 3 3 3 2 121 2 2 0 2 2 2 2
2 1 1 1 1 1 2 2 2 2 14 26 23 12 3 3 3 4 4 4 4 5 8 8 9 9 9 9 9 0 0 0 0 0 0 0 0 0 0 0 0 11 12 13 10 9 9 8 6 4 3 4 5 5 5 5 0 0 6 9 19 15 11 7 7 5 3 5 5 6 5 5 5 5 4 3 1 1 1 1 1 1 2 4 4 4 4 2 2 2 0 0 2 2 2 2
1 1 1 1 1 1 1 1 1 0 0 0 16 4 2 2 2 3 3 4 4 7 8 9 12 10 9 9 0 0 0 0 0 0 0 0 0 0 155 46 18 11 14 18 16 15 11 13 12 5 0 0 0 5 6 0 6 6 5 6 10 23 40 20 12 11 7 5 5 5 5 7 5 5 4 4 3 2 0 0 0 0 1 2 4 4 4 4 3 3 3 3 3 3 3 3
1 1 1 1 1 1 1 1 1 0 0 0 3 2 2 2 2 4 16 21 16 19 18 17 13 13 12 0 0 0 0 0 0 0 0 0 0 12 17 15 15 15 25 59 22 15 11 10 6 5 0 0 0 7 12 0 7 6 6 7 12 68 98 80 59 11 6 8 10 7 9 12 8 7 3 3 3 3 2 0 0 0 2 2 2 3 3 3 3 3 4 4 4 4 4 4
2 1 1 1 1 1 1 1 1 1 2 3 3 3 3 3 3 8 26 27 25 23 24 24 0 0 0 0 0 0 0 0 0 0 0 0 11 11 11 12 17 22 18 43 0 0 12 10 8 8 4 4 9 11 20 33 8 7 0 0 10 14 33 9 9 7 7 0 16 14 69 131 10 7 4 3 3 2 2 2 2 2 2 2 2 2 2 2 2 2 3 4 0 0 4 3
2 1 1 1 1 1 1 1 1 1 1 2 3 4 4 4 4 12 27 27 27 27 24 0 0 0 0 0 0 0 0 0 0 0 0 0 0 12 12 12 12 12 11 11 9 9 9 8 9 9 7 5 7 18 73 60 22 10 8 7 0 6 9 0 0 0 0 4 7 10 10 14 12 6 5 4 2 2 2 2 0 0 2 2 2 2 2 0 2 24 2 0 4 4 0 2
1 1 1 1 1 1 1 1 1 1 1 1 1 3 4 4 7 13 12 13 15 16 0 0 0 0 0 0 0 0 0 0 0 0 0 0 0 0 10 5 7 9 7 9 8 6 6 7 9 11 34 13 15 11 145 89 10 7 6 6 0 0 8 0 0 0 0 9 6 8 9 11 11 10 14 8 2 2 2 2 0 0 2 2 2 2 2 0 0 80 0 0 3 4 0 2
1 1 1 1 1 1 1 1 1 1 2 2 3 4 4 4 4 13 14 12 10 0 0 0 0 0 0 0 0 0 0 0 0 0 0 0 0 0 9 5 11 18 13 10 10 9 0 0 31 10 8 10 18 0 0 6 5 7 0 0 10 11 6 6 6 9 27 0 0 0 9 8 0 18 18 13 4 3 2 2 2 2 2 3 4 4 4 4 21 423 0 0 0 0 0 2
2 2 1 1 1 1 1 1 3 3 4 4 4 5 5 4 6 10 14 15 14 0 0 0 0 0 0 0 0 0 0 0 0 0 0 0 0 0 149 49 11 11 9 12 18 29 0 0 106 18 9 4 5 0 0 7 8 7 0 0 38 67 8 6 5 5 12 0 0 0 12 10 0 17 18 10 7 7 45 4 4 4 4 4 4 4 4 5 6 408 0 0 0 0 0 0
2 2 2 2 2 1 1 1 4 5 4 4 5 6 7 7 8 14 16 24 22 0 0 0 0 0 0 0 0 0 0 0 0 0 0 0 0 0 64 66 40 16 17 22 29 51 82 107 51 15 8 7 7 0 0 8 8 7 0 0 6 5 7 0 0 6 6 0 11 12 10 10 10 0 0 7 7 0 0 0 7 6 5 6 8 5 4 4 5 5 5 5 5 5 0 0
5 3 3 3 3 2 2 3 4 7 5 5 5 6 7 9 13 12 13 25 31 0 0 0 0 0 0 0 0 0 0 0 0 0 0 0 0 106 83 18 21 18 20 19 14 12 21 51 38 39 42 10 11 26 79 51 53 0 8 11 9 7 9 18 41 55 45 87 17 17 11 10 10 0 0 0 0 0 0 0 0 0 0 8 8 8 5 4 3 4 3 3 3 3 0 0
8 4 3 3 3 3 4 0 0 7 8 9 8 10 18 25 22 11 9 25 54 0 0 0 0 0 0 0 0 0 0 0 0 0 0 0 39 34 24 17 17 11 12 14 31 22 52 14 15 58 47 31 18 30 179 64 0 0 129 37 20 13 6 17 40 44 25 17 17 17 11 10 73 0 0 0 0 0 0 0 0 0 0 0 7 5 3 3 3 66 3 3 3 3 0 3
8 7 4 3 3 3 3 3 5 6 11 12 13 40 0 0 23 29 32 44 54 0 0 13 0 0 0 0 0 0 0 0 0 0 0 0 0 0 0 18 54 203 31 17 15 14 13 11 19 19 88 103 67 25 18 12 10 14 20 123 55 19 9 0 0 0 0 231 17 17 10 10 10 10 15 0 0 0 0 0 0 0 8 5 2 2 70 2 2 2 3 3 3 3 3 3
11 11 4 3 3 4 5 3 5 5 9 15 38 59 0 0 18 28 31 42 43 0 13 14 0 0 0 0 0 0 0 0 0 0 0 0 0 0 0 0 368 244 33 25 72 15 8 18 50 42 245 476 479 37 98 26 28 37 19 144 208 20 11 0 0 0 0 17 17 17 14 19 23 26 41 0 0 0 0 0 0 0 8 8 7 6 4 2 2 2 2 3 3 3 3 3
14 16 8 5 6 8 8 7 9 15 16 15 16 12 13 18 24 29 22 13 15 43 41 38 23 25 23 25 0 0 0 0 0 0 0 0 0 0 0 0 0 27 12 0 0 16 22 31 0 0 367 0 0 0 0 0 0 0 0 0 0 0 0 0 0 0 0 0 0 0 0 0 1263 59 43 43 43 0 25 9 8 8 8 8 7 6 6 2 2 2 2 2 3 3 3 3
10 11 14 11 10 15 15 9 7 7 8 9 13 14 11 26 27 44 34 20 39 69 72 72 64 41 25 25 0 0 0 0 0 0 0 0 0 0 0 0 0 0 0 0 0 21 20 17 0 0 0 0 0 0 0 0 0 0 0 0 0 0 0 0 0 0 0 0 0 0 0 3305 3968 2000 95 47 30 0 25 8 8 137 8 8 6 2 2 2 2 2 2 2 3 4 3 3
8 13 15 16 22 27 50 48 10 11 9 15 18 17 25 29 51 120 131 75 31 46 87 150 75 54 46 29 0 0 0 0 0 0 0 0 0 0 0 0 0 0 0 0 0 0 0 0 0 0 0 0 0 0 0 0 0 0 0 0 0 0 0 0 0 9 9 10 27 30 45 424 1672 1614 179 25 27 28 26 6 7 8 8 4 2 186 2 3 3 3 2 3 4 4 3 3
6 0 14 19 38 73 0 0 0 34 57 42 76 65 0 48 59 85 80 50 38 60 111 0 1596 243 0 0 0 0 0 0 0 0 0 0 0 0 0 0 0 0 0 0 0 0 128 128 128 128 128 128 128 127 119 72 22 22 23 58 61 0 0 59 36 38 138 11 22 22 33 59 63 35 20 20 20 20 8 8 146 6 5 3 2 2 3 59 68 4 4 4 4 4 3 3
0 0 20 14 14 0 0 0 0 28 17 26 64 59 0 0 36 44 31 24 23 93 0 0 439 256 0 0 0 0 0 0 0 0 0 0 0 0 0 0 0 0 0 0 0 0 15 55 97 98 45 39 90 107 19 18 21 22 22 46 61 0 0 21 111 4 4 7 13 15 12 13 47 31 17 19 20 16 11 11 11 8 6 3 3 3 3 4 5 4 4 5 7 8 7 5
10 16 0 0 0 0 0 41 25 0 0 14 19 27 25 20 38 34 27 30 31 0 0 0 0 0 0 0 0 0 0 0 0 0 0 0 0 0 0 0 0 11 11 0 0 0 14 14 14 14 14 14 14 18 17 17 17 19 19 37 0 0 0 6 5 5 5 6 7 7 96 21 7 7 7 10 15 13 12 10 7 7 7 6 3 3 3 6 6 6 6 6 7 8 8 6
23 31 0 0 0 0 0 45 25 0 0 33 40 53 53 50 77 73 66 44 163 0 0 0 0 0 0 0 0 0 0 0 0 0 0 0 0 0 0 0 0 14 13 0 0 0 14 16 18 18 19 19 19 19 19 18 16 19 21 30 0 0 0 6 6 6 6 6 7 7 7 7 6 5 5 6 125 333 15 13 7 7 7 11 10 7 5 7 7 5 5 5 6 13 13 12
65 71 38 37 42 39 41 65 48 0 0 0 42 72 88 69 26 20 33 0 0 0 0 0 0 0 0 0 0 0 0 0 0 0 0 0 0 0 0 14 14 14 14 14 0 0 19 19 19 19 19 19 20 20 20 20 39 52 52 52 52 0 0 6 6 6 5 5 5 6 6 7 6 6 6 12 98 0 15 12 6 6 7 10 14 15 10 26 139 0 4 4 5 9 8 8
60 96 46 24 22 28 30 27 27 68 34 25 13 53 34 15 17 17 0 0 0 0 0 0 0 0 0 0 0 0 0 0 0 0 0 0 0 0 0 14 14 0 0 0 0 0 0 0 0 19 19 20 21 21 20 20 32 33 29 21 17 21 11 0 0 10 6 5 5 5 7 12 13 13 8 7 6 7 10 10 8 6 7 8 12 14 14 10 10 9 6 5 5 5 5 6
379 91 45 68 50 21 23 46 52 73 35 23 8 6 10 10 17 0 0 0 0 0 0 0 0 0 0 0 18 0 0 0 0 0 0 0 0 0 0 14 14 0 0 0 0 0 0 0 0 0 17 20 26 26 19 17 19 20 19 19 19 18 19 0 0 523 10 9 10 11 11 17 17 14 6 6 6 103 8 11 10 6 10 13 13 13 12 91 11 11 6 5 84 5 9 9
310 75 46 78 49 19 27 50 47 50 32 0 19 18 15 13 15 20 21 0 0 0 0 0 18 18 18 18 0 0 0 0 0 0 0 0 0 0 0 25 25 19 19 0 0 0 0 0 0 0 16 17 25 26 18 15 15 18 18 16 18 20 23 16 10 10 10 11 11 11 10 11 12 11 5 3 3 4 6 6 6 6 6 6 7 10 9 9 11 11 165 11 10 9 10 10
91 63 40 21 12 19 23 21 17 18 19 0 17 17 14 14 21 25 25 0 0 0 0 0 18 18 18 0 0 0 0 0 0 0 0 0 0 0 0 25 24 19 19 0 0 0 0 0 0 85 52 52 21 22 20 16 15 14 14 13 13 12 14 11 8 74 5 6 9 9 8 7 7 7 3 3 3 2 4 5 4 4 4 4 4 5 7 8 10 11 11 11 12 16 19 15
58 58 44 29 19 19 22 22 22 21 30 33 22 9 9 11 13 22 22 17 17 0 0 0 18 18 0 0 0 0 0 0 0 0 0 0 0 0 22 22 20 18 20 21 0 0 0 0 314 314 309 286 40 20 20 19 17 16 16 16 14 14 14 14 10 6 8 9 9 9 7 6 6 6 6 4 4 4 4 4 4 4 3 3 65 3 5 10 11 11 9 55 33 17 18 11
0 0 0 57 40 18 14 15 15 20 29 39 30 14 14 16 29 43 17 0 0 0 0 0 0 0 0 0 0 0 0 0 0 0 0 0 42 39 24 16 17 18 21 22 22 26 149 307 314 296 148 107 68 31 17 15 15 15 15 16 18 14 14 14 10 9 14 14 12 9 6 6 7 7 7 7 8 7 7 6 5 4 4 4 4 5 6 8 10 10 9 45 23 12 12 896
0 0 0 0 52 25 18 16 16 17 20 23 19 15 15 35 55 40 20 0 0 0 0 0 0 0 0 0 0 0 0 0 0 0 0 0 42 42 42 23 18 19 19 23 25 30 68 76 89 84 30 29 20 18 18 18 18 17 17 30 32 28 18 15 10 12 15 15 13 8 9 10 9 8 9 10 10 10 9 6 6 6 5 5 6 6 6 6 8 9 9 9 9 9 12 12
0 0 0 0 43 28 31 0 0 29 31 37 30 40 50 29 0 0 0 0 0 0 0 0 0 0 0 0 0 0 0 0 0 0 0 0 42 42 39 38 49 46 32 31 28 34 52 40 27 28 26 22 18 19 20 20 20 22 22 24 32 32 25 16 14 9 9 9 7 7 7 12 12 252 37 8 6 9 10 10 9 5 4 4 6 7 7 6 6 6 8 9 9 9 18 17
0 0 0 0 59 42 39 0 0 56 70 61 39 35 56 56 0 0 0 0 0 0 0 0 0 0 0 0 0 0 0 0 0 0 0 0 58 40 34 32 51 47 38 33 30 29 28 24 26 29 27 26 24 23 23 31 42 53 45 38 21 19 17 16 15 11 9 9 9 10 13 15 14 10 9 7 6 6 9 9 8 4 4 72 6 7 7 6 6 173 10 10 10 17 23 36
214 510 0 0 87 62 38 44 54 0 0 0 0 0 0 0 0 0 0 0 0 0 0 0 0 0 0 0 0 0 0 0 0 0 0 0 130 45 37 33 37 42 34 28 31 363 30 27 24 108 23 25 25 26 26 25 38 62 62 54 17 17 17 16 16 13 8 8 8 11 15 14 14 12 8 7 6 6 9 7 5 5 5 5 5 6 7 8 8 8 8 7 9 21 22 51
397 1521 0 0 536 177 67 37 0 0 0 0 0 0 0 0 0 0 0 0 0 0 0 0 0 0 0 0 0 0 0 0 0 0 0 0 999 37 37 33 31 33 27 26 27 33 35 33 20 236 20 22 22 25 42 31 23 34 33 22 16 18 19 19 17 22 217 69 13 13 14 13 13 13 13 12 10 10 9 7 7 7 6 6 6 6 7 8 8 8 7 6 74 14 17 23
143 74 0 0 137 102 71 0 0 0 0 0 0 0 0 0 0 0 0 0 0 0 0 0 0 0 0 0 0 0 0 0 0 0 0 0 0 0 37 37 39 42 37 29 30 30 38 43 40 38 36 30 23 24 31 39 39 41 27 19 21 22 25 24 24 0 0 75 15 16 16 16 16 29 19 16 13 9 8 8 8 8 7 6 6 6 6 7 7 7 7 6 6 13 16 27
66 51 0 0 0 0 0 0 0 0 0 0 0 0 0 0 0 0 0 0 0 0 0 0 0 0 0 0 0 0 0 0 0 0 0 0 0 0 24 160 34 32 28 27 27 30 50 51 56 58 38 31 29 24 21 21 21 24 24 24 24 26 28 28 28 17 16 16 19 19 19 21 699 154 18 18 18 8 8 10 8 8 20 82 16 128 8 7 81 71 7 6 6 7 10 17
47 47 0 0 0 0 0 0 0 0 0 0 0 0 0 0 0 0 0 0 0 0 0 0 0 0 0 0 0 0 0 0 0 0 0 0 0 0 18 12 13 11 11 24 28 31 46 850 184 36 36 38 37 378 37 21 20 22 23 23 23 20 17 17 17 16 57 15 29 26 21 21 21 21 19 20 21 18 18 18 14 11 14 46 15 14 10 7 7 6 6 7 8 7 15 30
0 0 0 0 79 79 79 0 0 0 0 0 0 0 0 0 0 62 58 58 58 58 58 150 203 203 0 0 0 0 0 0 0 430 315 32 29 25 10 105 13 78 19 42 41 147 32 35 39 36 48 48 354 676 40 23 22 20 19 36 20 19 19 18 18 16 19 24 25 26 25 25 26 275 24 21 21 19 54 623 154 12 8 11 16 17 13 6 6 6 7 9 10 10 30 50
0 0 0 57 321 79 79 0 0 0 0 0 0 0 0 0 0 62 60 58 58 58 60 168 203 203 0 0 0 0 0 0 66 54 47 38 33 30 28 30 30 29 31 45 37 28 22 29 185 22 24 27 27 27 30 34 29 92 33 286 26 19 19 19 19 34 41 18 18 22 26 26 28 92 30 30 31 20 17 17 19 18 11 8 9 9 9 9 9 8 8 10 11 12 19 23
637 96 59 56 56 242 62 0 0 0 0 0 102 87 62 62 62 62 62 59 58 58 74 191 203 203 203 144 84 84 84 83 78 68 63 63 63 63 55 49 49 49 49 49 49 44 21 48 24 15 16 24 28 29 25 24 28 28 32 36 42 91 43 31 33 283 167 19 18 19 22 22 27 28 28 32 34 25 21 19 20 19 19 14 12 11 11 10 10 96 9 19 23 25 25 28
63 58 57 52 51 56 60 60 64 0 0 102 102 99 69 62 62 62 0 61 58 61 108 142 169 203 203 145 84 84 70 64 63 0 63 63 63 62 49 49 49 49 49 49 49 49 30 36 29 27 36 32 62 211 25 23 23 26 28 29 46 574 3259 55 33 29 24 18 18 19 21 24 28 800 26 21 23 22 27 19 19 17 15 145 86 12 11 15 19 109 8 14 16 18 20 26
51 51 48 49 104 127 47 61 61 0 0 102 102 102 99 65 62 0 0 59 58 62 109 111 111 125 136 109 97 89 70 63 63 0 63 63 63 62 49 49 49 51 52 54 65 68 47 642 29 33 38 38 34 31 23 89 27 29 27 28 79 32 44 32 30 29 23 18 16 15 15 23 25 26 23 19 20 21 84 21 22 21 14 13 17 22 22 35 37 102 10 9 9 7 7 11
48 45 44 42 69 42 49 54 56 78 102 102 102 101 78 62 61 60 59 59 59 82 111 111 111 115 121 125 125 125 121 81 67 63 63 63 63 63 59 52 52 52 53 69 72 72 68 32 32 34 34 35 30 29 28 26 30 37 38 32 26 26 28 32 31 24 87 15 15 18 23 22 23 24 20 20 18 19 20 24 24 21 21 16 14 17 29 49 83 512 22 17 13 10 10 17
48 47 46 47 87 66 55 56 52 79 101 98 95 67 60 61 59 59 59 59 59 88 111 111 111 120 125 125 119 113 108 71 69 69 69 64 63 63 62 55 52 52 55 69 72 72 72 54 29 117 36 31 23 121 24 163 248 41 51 37 29 28 136 26 19 18 16 18 389 119 21 20 92 19 24 26 22 16 14 20 23 23 24 28 22 20 18 22 25 552 26 31 26 15 18 29
42 50 50 50 90 96 100 94 88 101 90 62 61 60 60 60 59 59 63 59 59 72 106 111 111 112 109 104 97 97 101 92 71 69 69 69 65 63 63 63 54 52 53 70 72 72 72 59 22 22 25 26 22 23 25 28 31 32 36 39 25 23 242 0 0 21 17 17 16 16 19 43 110 23 29 23 23 20 14 17 22 189 38 42 35 24 24 24 19 16 17 23 16 15 25 34
45 76 76 74 799 2262 702 83 81 82 66 60 60 60 60 62 146 133 167 146 147 166 151 111 108 108 97 97 97 98 103 0 92 69 110 130 139 63 67 74 73 66 59 72 72 66 50 38 26 25 29 41 38 26 24 24 25 24 24 23 20 20 20 23 26 24 15 15 14 14 91 81 19 30 32 37 30 22 15 27 15 20 30 32 34 32 25 26 21 18 22 23 14 16 22 25
75 145 142 120 1041 1576 1535 86 84 166 130 65 68 67 66 64 131 167 167 167 167 167 162 93 93 93 93 95 98 102 103 0 0 347 611 651 631 288 76 78 78 78 76 66 67 29 26 28 29 26 26 43 42 39 32 24 23 23 23 47 23 19 17 18 17 17 17 16 13 13 13 17 19 158 26 473 617 55 28 93 23 31 28 29 30 29 26 23 17 20 24 21 17 212 22 22
68 66 67 67 70 70 66 70 78 82 84 74 74 74 74 74 94 147 131 146 167 165 132 100 93 93 93 92 113 178 192 113 109 118 408 622 651 516 79 78 78 78 71 60 59 53 486 147 35 118 22 29 30 33 35 25 283 23 25 53 26 26 19 17 17 16 16 15 131 178 13 17 18 18 21 30 32 29 25 27 32 24 20 21 24 24 28 29 22 19 20 21 21 23 20 18
197 133 87 87 78 71 65 88 86 262 86 74 74 74 74 75 86 96 96 96 106 107 110 110 109 105 90 86 216 706 633 130 109 109 109 226 285 128 78 78 78 81 68 60 60 60 45 25 22 27 30 30 26 28 28 25 25 26 29 29 29 28 16 11 10 10 11 16 16 14 16 18 16 14 19 22 23 27 28 30 29 27 26 27 25 141 104 32 27 20 18 19 17 17 25 25
201 180 117 91 83 72 74 109 112 147 89 75 74 76 77 111 129 112 102 111 119 146 0 0 110 100 85 85 86 366 385 105 105 106 107 107 107 105 99 125 133 134 123 81 63 63 37 26 29 35 36 34 33 29 28 29 31 31 31 30 24 25 14 14 17 15 18 20 21 13 14 17 14 13 44 25 92 327 32 36 34 33 32 29 31 39 35 98 25 29 27 26 20 71 133 44
301 1099 146 116 95 130 121 142 123 116 99 86 103 111 119 131 131 139 181 180 181 181 132 0 110 101 85 85 98 105 105 105 105 106 107 107 107 107 107 134 150 150 150 150 81 65 54 29 30 32 34 30 30 27 27 93 33 38 49 46 21 21 25 26 27 27 26 27 24 18 21 14 16 13 22 30 67 239 28 33 35 34 34 39 85 41 37 35 35 36 34 33 33 30 26 30
185 226 195 168 179 194 521 748 171 168 191 257 118 116 118 127 131 136 177 181 181 181 141 115 115 105 94 93 107 105 105 105 113 123 122 117 116 111 109 138 150 150 150 148 78 65 64 44 29 27 152 31 29 33 27 28 43 49 43 43 27 24 26 26 27 28 28 26 22 22 20 15 15 16 29 29 29 33 34 192 32 33 41 44 151 50 38 39 45 48 42 41 37 37 29 33
358 256 328 684 214 169 158 238 177 150 161 171 178 140 115 116 136 176 177 180 181 157 119 118 118 114 108 108 108 108 108 112 122 123 123 123 120 112 101 103 118 124 92 79 69 68 69 68 53 105 31 41 48 233 48 50 52 52 43 37 39 28 24 24 26 29 175 33 40 38 18 18 38 48 45 33 32 36 37 32 31 31 32 36 30 69 36 34 39 45 148 510 30 27 29 43
182 350 336 272 175 166 247 255 200 111 93 118 160 130 107 108 127 159 176 176 162 120 118 118 118 122 241 217 146 178 190 198 121 123 123 123 111 100 100 100 100 100 82 71 71 71 71 71 151 72 47 47 52 259 47 57 309 295 63 60 57 29 137 26 28 47 47 42 39 39 53 64 212 1195 680 365 62 39 36 34 31 174 31 31 31 61 71 32 34 39 39 42 40 32 34 36
202 166 170 123 110 124 128 107 147 128 125 106 97 100 119 136 118 141 175 151 89 109 112 118 118 270 605 606 606 606 591 403 190 136 123 129 132 147 137 132 131 137 99 75 80 81 73 68 203 94 50 50 52 49 69 100 86 72 61 130 55 43 44 42 36 42 482 53 39 39 40 41 164 1276 2483 359 49 59 47 45 41 41 42 33 41 45 43 44 44 37 31 135 38 39 40 38
135 96 117 87 75 70 62 91 194 1327 1030 107 102 136 185 184 106 91 134 115 81 64 77 119 344 553 606 606 584 526 446 390 390 361 160 167 167 167 171 172 172 157 104 95 95 88 83 84 77 65 59 54 56 60 72 54 46 47 47 47 137 56 54 40 43 47 180 47 42 39 41 152 61 148 156 60 41 103 34 47 43 49 41 90 63 37 33 37 37 35 30 30 36 44 45 61
