data/pop/popdens/gpw_pop_density_1d_1990a.asc
ncols 360
nrows 180
xllcorner -180
yllcorner -90
cellsize 1
NODATA_value -99
[rows 0 to 78 of 180, columns 192 to 287 of 360]
-99 -99 -99 -99 -99 -99 -99 -99 -99 -99 -99 -99 -99 -99 -99 -99 -99 -99 -99 -99 -99 -99 -99 -99 -99 -99 -99 -99 -99 -99 -99 -99 -99 -99 -99 -99 -99 -99 -99 -99 -99 -99 -99 -99 -99 -99 -99 -99 -99 -99 -99 -99 -99 -99 -99 -99 -99 -99 -99 -99 -99 -99 -99 -99 -99 -99 -99 -99 -99 -99 -99 -99 -99 -99 -99 -99 -99 -99 -99 -99 -99 -99 -99 -99 -99 -99 -99 -99 -99 -99 -99 -99 -99 -99 -99 -99
-99 -99 -99 -99 -99 -99 -99 -99 -99 -99 -99 -99 -99 -99 -99 -99 -99 -99 -99 -99 -99 -99 -99 -99 -99 -99 -99 -99 -99 -99 -99 -99 -99 -99 -99 -99 -99 -99 -99 -99 -99 -99 -99 -99 -99 -99 -99 -99 -99 -99 -99 -99 -99 -99 -99 -99 -99 -99 -99 -99 -99 -99 -99 -99 -99 -99 -99 -99 -99 -99 -99 -99 -99 -99 -99 -99 -99 -99 -99 -99 -99 -99 -99 -99 -99 -99 -99 -99 -99 -99 -99 -99 -99 -99 -99 -99
-99 -99 -99 -99 -99 -99 -99 -99 -99 -99 -99 -99 -99 -99 -99 -99 -99 -99 -99 -99 -99 -99 -99 -99 -99 -99 -99 -99 -99 -99 -99 -99 -99 -99 -99 -99 -99 -99 -99 -99 -99 -99 -99 -99 -99 -99 -99 -99 -99 -99 -99 -99 -99 -99 -99 -99 -99 -99 -99 -99 -99 -99 -99 -99 -99 -99 -99 -99 -99 -99 -99 -99 -99 -99 -99 -99 -99 -99 -99 -99 -99 -99 -99 -99 -99 -99 -99 -99 -99 -99 -99 -99 -99 -99 -99 -99
-99 -99 -99 -99 -99 -99 -99 -99 -99 -99 -99 -99 -99 -99 -99 -99 -99 -99 -99 -99 -99 -99 -99 -99 -99 -99 -99 -99 -99 -99 -99 -99 -99 -99 -99 -99 -99 -99 -99 -99 -99 -99 -99 -99 -99 -99 -99 -99 -99 -99 -99 -99 -99 -99 -99 -99 -99 -99 -99 -99 -99 -99 -99 -99 -99 -99 -99 -99 -99 -99 -99 -99 -99 -99 -99 -99 -99 -99 -99 -99 -99 -99 -99 -99 -99 -99 -99 -99 -99 -99 -99 -99 -99 -99 -99 -99
-99 -99 -99 -99 -99 -99 -99 -99 -99 -99 -99 -99 -99 -99 -99 -99 -99 -99 -99 -99 -99 -99 -99 -99 -99 -99 -99 -99 -99 -99 -99 -99 -99 -99 -99 -99 -99 -99 -99 -99 -99 -99 -99 -99 -99 -99 -99 -99 -99 -99 -99 -99 -99 -99 -99 -99 -99 -99 -99 -99 -99 -99 -99 -99 -99 -99 -99 -99 -99 -99 -99 -99 -99 -99 -99 -99 -99 -99 -99 -99 -99 -99 -99 -99 -99 -99 -99 -99 -99 -99 -99 -99 -99 -99 -99 -99
0 0 0 0 0 0 0 0 0 0 0 0 0 0 0 0 0 0 0 0 0 0 0 0 0 0 0 0 0 0 0 0 0 0 0 0 0 0 0 0 0 0 0 0 0 0 0 0 0 0 0 0 0 0 0 0 0 0 0 0 0 0 0 0 0 0 0 0 0 0 0 0 0 0 0 0 0 0 0 0 0 0 0 0 0 0 0 0 0 0 0 0 0 0 0 0
0 0 0 0 0 0 0 0 0 0 0 0 0 0 0 0 0 0 0 0 0 0 0 0 0 0 0 0 0 0 0 0 0 0 0 0 0 0 0 0 0 0 0 0 0 0 0 0 0 0 0 0 0 0 0 0 0 0 0 0 0 0 0 0 0 0 0 0 0 0 0 0 0 0 0 0 0 0 0 0 0 0 0 0 0 0 0 0 0 0 0 0 0 0 0 0
0 0 0 0 0 0 0 0 0 0 0 0 0 0 0 0 0 0 0 0 0 0 0 0 0 0 0 0 0 0 0 0 0 0 0 0 0 0 0 0 0 0 0 0 0 0 0 0 0 0 0 0 0 0 0 0 0 0 0 0 0 0 0 0 0 0 0 0 0 0 0 0 0 0 0 0 0 0 0 0 0 0 0 0 0 0 0 0 0 0 0 0 0 0 0 0
0 0 0 0 0 0 0 0 0 0 0 0 0 0 0 0 0 0 0 0 0 0 0 0 0 0 0 0 0 0 0 0 0 0 0 0 0 0 0 0 0 0 0 0 0 0 0 0 0 0 0 0 0 0 0 0 0 0 0 0 0 0 0 0 0 0 0 0 0 0 0 0 0 0 0 0 0 0 0 0 0 0 0 0 0 0 0 0 0 0 0 0 0 0 0 0
0 0 0 0 0 0 0 0 0 0 0 0 0 0 0 0 0 0 0 0 0 0 0 0 0 0 0 0 0 0 0 0 0 0 0 0 0 0 0 0 0 0 0 0 0 0 0 0 0 0 0 0 0 0 0 0 0 0 0 0 0 0 0 0 0 0 0 0 0 0 0 0 0 0 0 0 0 0 0 0 0 0 0 0 0 0 0 0 0 0 0 0 0 0 0 0
0 0 0 0 0 0 0 0 0 0 0 0 0 0 0 0 0 0 0 0 0 0 0 0 0 0 0 0 0 0 0 0 0 0 0 0 0 0 0 0 0 0 0 0 0 0 0 0 0 0 0 0 0 0 0 0 0 0 0 0 0 0 0 0 0 0 0 0 0 0 0 0 0 0 0 0 0 0 0 0 0 0 0 0 0 0 0 0 0 0 0 0 0 0 0 0
0 0 0 0 0 0 0 0 0 0 0 0 0 0 0 0 0 0 0 0 0 0 0 0 0 0 0 0 0 0 0 0 0 0 0 0 0 0 0 0 0 0 0 0 0 0 0 0 0 0 0 0 0 0 0 0 0 0 0 0 0 0 0 0 0 0 0 0 0 0 0 0 0 0 0 0 0 0 0 0 0 0 0 0 0 0 0 0 0 0 0 0 0 0 0 0
0 0 0 0 0 0 0 0 0 0 0 0 0 0 0 0 0 0 0 0 0 0 0 0 0 0 0 0 0 0 0 0 0 0 0 0 0 0 0 0 0 0 0 0 0 0 0 0 0 0 0 0 0 0 0 0 0 0 0 0 0 0 0 0 0 0 0 0 0 0 0 0 0 0 0 0 0 0 0 0 0 0 0 0 0 0 0 0 0 0 0 0 0 0 0 0
0 0 0 0 0 0 0 0 0 0 0 0 0 0 0 0 0 0 0 0 0 0 0 0 0 0 0 0 0 0 0 0 0 0 0 0 0 0 0 0 0 0 0 0 0 0 0 0 0 0 0 0 0 0 0 0 0 0 0 0 0 0 0 0 0 0 0 0 0 0 0 0 0 0 0 0 0 0 0 0 0 0 0 0 0 0 0 0 0 0 0 0 0 0 0 0
0 0 0 0 0 0 0 0 0 0 0 0 0 0 0 0 0 0 0 0 0 0 0 0 0 0 0 0 0 0 0 0 0 0 0 0 0 0 0 0 0 0 0 0 0 0 0 0 0 0 0 0 0 0 0 0 0 0 0 0 0 0 0 0 0 0 0 0 0 0 0 0 0 0 0 0 0 0 0 0 0 0 0 0 0 0 0 0 0 0 0 0 0 0 0 0
0 0 0 0 0 0 0 0 0 0 0 0 0 0 0 0 0 0 0 0 0 0 0 0 0 0 0 0 0 0 0 0 0 0 0 0 0 0 0 0 0 0 0 0 0 0 0 0 0 0 0 0 0 0 0 0 0 0 0 0 0 0 0 0 0 0 0 0 0 0 0 0 0 0 0 0 0 0 0 0 0 0 0 0 0 0 0 0 0 0 0 0 0 0 0 0
0 0 0 0 0 0 0 0 0 0 0 0 0 0 0 0 0 0 0 0 0 0 0 0 0 0 0 0 0 0 0 0 0 0 0 0 0 0 0 0 0 0 0 0 0 0 0 0 0 0 0 0 0 0 0 0 0 0 0 0 0 0 0 0 0 0 0 0 0 0 0 0 0 0 0 0 0 0 0 0 0 0 0 0 0 0 0 0 0 0 0 0 0 0 0 0
0 0 0 0 0 0 0 0 0 0 0 0 0 0 0 0 0 0 0 0 0 0 0 0 0 0 0 0 0 0 0 0 0 0 0 0 0 0 0 0 0 0 0 0 0 0 0 0 0 0 0 0 0 0 0 0 0 0 0 0 0 0 0 0 0 0 0 0 0 0 0 0 0 0 0 0 0 0 0 0 0 0 0 0 0 0 0 0 0 0 0 0 0 0 0 0
0 0 0 0 0 0 0 0 0 0 0 0 0 0 0 0 0 0 0 0 0 0 0 0 0 0 0 0 0 0 0 0 0 0 0 0 0 0 0 0 0 0 0 0 0 0 0 0 0 0 0 0 0 0 0 0 0 0 0 0 0 0 0 0 0 0 0 0 0 0 0 0 0 0 0 0 0 0 0 0 0 0 0 0 0 0 0 0 0 0 0 0 0 0 0 0
0 0 0 0 0 0 0 0 0 0 0 5 0 2 1 1 1 3 0 0 0 0 0 0 0 0 0 0 0 0 0 0 0 0 0 0 0 0 0 0 0 0 0 0 0 0 0 0 0 0 0 0 0 0 0 0 0 0 0 0 0 0 0 0 0 0 0 0 0 0 0 0 0 0 0 0 0 0 0 0 0 0 0 0 0 0 0 0 0 0 0 0 0 0 0 0
0 0 0 0 0 0 11 10 2 1 1 1 1 1 0 0 1 3 4 4 20 0 0 0 0 0 0 0 0 0 0 0 0 0 0 0 0 0 0 0 0 0 0 0 0 0 0 0 0 0 0 0 0 0 0 0 0 0 0 0 0 0 0 0 0 0 0 0 0 0 0 0 0 0 0 0 63 0 0 0 0 0 0 0 0 0 0 0 0 0 0 0 0 0 0 0
0 0 0 9 12 7 2 2 1 1 1 1 0 1 1 1 2 4 4 4 20 39 1 1 5 5 0 0 0 0 0 0 0 0 0 0 0 0 0 0 0 0 0 0 0 0 0 0 0 0 0 0 2 1 0 0 0 0 0 0 0 0 0 0 0 0 0 0 0 0 0 0 0 0 0 0 0 0 0 0 0 0 0 0 0 0 0 0 0 0 0 0 0 0 0 0
0 0 0 5 2 1 1 1 1 1 1 1 1 1 1 1 0 3 7 10 28 22 7 0 0 0 0 0 0 0 0 0 0 0 0 0 0 0 0 0 0 0 6 0 0 0 0 0 0 0 3 8 11 7 0 0 0 0 0 0 0 0 0 0 0 0 0 0 0 0 0 0 0 1 1 1 0 0 0 0 0 0 0 0 0 0 0 0 0 0 0 0 0 0 0 0
0 6 4 2 0 0 0 0 2 4 5 4 5 9 3 3 2 4 3 4 4 1 0 1 1 1 0 0 0 0 0 0 0 0 0 0 0 0 0 0 0 1 1 1 1 12 1 2 2 2 6 6 2 0 13 0 0 0 0 0 0 0 0 0 20 0 0 0 0 0 0 0 0 0 1 0 0 0 0 0 0 0 0 0 0 0 0 0 0 0 0 0 0 0 0 0
7 3 1 1 1 1 2 3 9 13 0 0 0 20 2 2 2 2 1 1 1 1 0 0 0 0 0 0 1 1 1 1 1 1 1 0 1 0 0 0 1 1 1 1 1 14 1 2 2 2 1 0 0 0 0 0 0 0 0 0 10 0 0 0 0 0 0 0 0 0 0 0 0 0 0 0 0 0 0 0 0 0 0 0 0 0 0 0 0 0 0 0 0 0 0 0
2 1 2 1 1 1 2 4 14 0 0 0 17 18 5 8 3 2 8 1 1 2 6 0 0 0 1 79 106 2 2 2 1 1 1 1 1 1 1 1 5 3 1 1 1 1 1 1 0 0 0 0 0 0 0 0 0 0 0 0 0 0 0 0 0 0 0 0 0 0 0 0 0 0 0 0 0 0 0 0 0 0 0 0 0 0 0 0 0 0 0 0 0 0 0 0
3 2 8 5 3 7 8 0 0 0 22 16 7 7 7 14 6 5 3 1 2 3 11 2 2 1 6 2 3 2 2 2 2 1 1 1 1 1 1 2 5 15 4 2 1 4 0 0 0 0 0 0 0 1 3 0 0 0 0 0 0 0 5 17 0 0 0 0 0 0 0 0 0 0 0 0 0 0 0 0 0 0 0 0 0 0 0 0 0 0 0 0 0 0 0 0
1 1 2 3 14 21 0 0 0 12 18 11 9 31 8 27 12 22 7 2 2 2 12 3 2 2 3 3 4 3 2 2 2 1 2 1 2 4 3 2 2 4 4 1 1 1 1 1 0 0 1 1 1 12 1 1 0 0 0 1 1 1 9 1 0 8 0 0 0 0 0 0 0 0 0 0 0 0 0 0 0 0 0 0 0 0 0 0 0 0 0 0 0 0 0 0
2 2 4 5 14 0 0 0 0 52 17 51 24 17 10 14 24 12 15 9 5 5 66 0 3 3 3 3 5 6 5 4 3 3 18 11 2 4 30 18 1 2 2 2 1 1 1 1 1 2 2 2 2 2 1 1 0 6 0 1 17 46 1 8 1 0 0 0 0 0 0 0 0 0 0 0 0 0 0 0 0 0 0 0 0 0 0 0 0 0 0 0 0 0 0 0
7 5 10 23 25 32 0 0 0 0 62 23 140 125 45 19 0 110 147 0 8 8 6 3 3 4 4 5 5 4 4 3 3 3 12 6 4 2 2 1 2 2 2 2 2 2 2 9 3 1 1 1 8 1 1 0 0 0 1 1 7 1 1 0 47 0 7 0 0 0 0 0 0 0 0 0 0 0 0 0 0 0 0 0 0 0 0 0 0 0 0 0 0 0 0 0
13 33 22 37 55 163 211 0 0 0 0 0 0 0 0 0 32 242 528 18 23 18 7 4 4 58 9 60 13 4 4 3 3 4 4 4 5 5 3 4 6 4 11 5 54 10 13 7 32 3 1 1 1 1 1 1 1 0 0 1 1 1 1 1 0 0 0 0 0 0 0 1 1 1 1 0 0 0 0 0 0 0 1 1 1 1 1 1 1 1 0 0 0 0 0 0
41 38 0 41 35 0 0 0 0 0 13 0 18 19 32 0 6 13 8 56 7 10 14 8 7 9 0 10 11 12 8 6 7 10 6 6 15 96 35 10 28 8 13 28 140 39 9 29 23 4 4 4 2 8 1 2 19 1 1 1 0 1 1 1 0 0 0 0 0 1 6 2 1 1 1 1 0 0 0 0 16 1 1 1 1 1 1 1 1 1 20 1 0 0 0 0
91 27 31 14 20 0 18 0 0 0 21 0 121 23 17 17 45 10 7 11 6 17 22 18 12 13 56 127 90 55 33 9 8 12 13 11 13 13 8 8 14 16 29 22 91 11 7 51 56 44 9 17 8 90 5 3 2 2 2 2 2 3 2 2 1 1 1 0 1 1 2 4 5 9 2 1 1 1 1 1 2 3 2 2 2 1 1 2 2 1 1 3 2 0 1 1
0 32 32 28 0 0 0 0 0 39 30 62 86 25 27 22 11 10 26 8 9 6 21 70 66 67 75 27 115 71 29 291 68 13 16 146 21 24 22 23 25 131 47 17 16 18 13 29 240 51 30 24 10 10 17 6 6 15 6 4 2 4 9 4 3 2 1 1 1 1 2 5 75 12 22 10 5 7 31 4 102 17 6 22 6 4 5 2 2 51 3 4 3 10 1 1
583 117 0 0 0 0 0 0 0 79 32 55 50 28 35 21 39 15 66 9 12 15 16 21 93 1654 218 52 29 24 54 49 22 21 32 50 71 192 27 45 109 16 24 21 14 11 11 41 41 196 11 11 12 63 7 7 6 8 6 7 11 94 13 7 7 5 16 2 3 5 108 47 25 15 98 4 4 14 7 4 40 5 11 3 4 1 7 1 2 3 3 1 1 1 1 1
0 128 0 0 59 88 192 0 116 36 33 93 50 112 46 27 49 23 45 60 24 11 14 20 73 150 64 103 18 25 17 20 24 73 27 22 143 32 19 15 54 49 25 54 135 13 23 27 23 45 8 8 9 8 7 8 10 43 9 12 11 101 11 6 5 7 6 6 6 7 27 106 8 10 84 4 1 5 5 5 3 3 2 2 1 1 6 4 10 4 5 1 1 1 1 1
49 65 86 81 59 88 132 91 63 57 52 91 37 57 45 266 27 50 77 25 27 25 97 16 26 37 79 30 22 24 18 23 47 69 32 18 47 149 197 23 21 13 12 34 52 4 36 45 12 9 8 53 6 6 6 9 9 28 9 5 4 6 6 5 6 8 17 8 7 13 10 106 22 7 44 113 18 6 6 62 3 2 2 1 1 0 1 1 2 7 13 20 4 3 1 0
72 541 84 64 122 127 97 111 225 184 67 85 33 28 44 35 18 45 70 69 36 27 20 32 65 24 37 98 37 78 20 21 18 16 14 40 12 23 12 9 21 12 8 26 9 5 16 6 6 11 11 14 6 4 6 6 6 8 13 4 3 3 2 3 29 37 7 9 9 9 12 8 11 43 5 6 2 2 3 4 1 1 1 0 0 0 0 0 0 2 4 61 101 5 5 4
237 174 137 97 127 132 98 218 116 119 121 53 38 33 36 22 21 18 21 79 33 62 31 37 84 54 25 162 25 22 28 24 10 104 87 21 13 7 6 37 8 8 10 83 8 14 61 6 4 3 3 3 2 4 5 4 9 6 7 44 4 4 1 20 2 2 4 5 6 32 9 4 5 5 10 1 1 2 3 2 3 3 13 1 1 1 1 1 1 1 2 5 7 6 10 56
250 147 274 132 146 115 307 338 164 126 106 75 76 82 91 53 86 47 459 46 49 45 80 38 175 27 30 36 25 20 12 17 12 30 9 7 7 3 3 3 4 4 5 4 6 39 7 7 2 1 1 1 1 2 11 2 2 2 2 3 20 21 3 2 2 1 2 3 49 10 24 18 3 2 1 1 1 1 2 2 2 2 2 1 1 1 1 1 1 1 2 2 3 3 5 6
86 81 92 78 149 139 261 169 132 102 84 156 147 94 74 68 120 45 81 71 87 88 76 41 182 45 34 20 15 9 7 12 9 9 4 2 2 2 1 2 2 2 2 3 4 5 3 1 1 1 1 1 1 1 1 1 1 1 1 2 60 56 3 2 2 1 1 1 3 4 35 7 12 3 2 1 2 2 2 2 2 2 2 1 1 1 1 1 1 1 1 1 2 2 2 2
117 98 113 67 282 170 108 76 85 126 113 77 98 119 104 79 65 57 62 39 67 74 138 158 38 233 300 162 49 13 9 12 177 8 10 2 1 1 2 2 2 1 1 1 1 2 1 1 1 1 0 1 1 0 0 1 0 1 3 1 1 1 1 1 1 1 1 2 3 3 4 4 3 3 6 8 6 3 3 1 1 1 1 1 1 1 1 1 2 2 1 1 6 8 8 6
75 71 44 93 86 97 145 318 90 90 87 89 72 79 102 131 156 61 27 39 29 103 84 147 28 209 111 195 87 20 37 8 4 3 4 4 4 2 2 20 6 2 2 1 0 1 1 1 1 1 1 0 0 0 0 24 0 1 1 1 1 1 1 1 0 1 1 2 4 5 3 7 4 5 5 9 7 3 3 1 1 1 1 1 1 1 1 1 2 2 2 2 8 9 9 9
71 64 110 111 97 70 79 71 86 68 75 95 91 70 100 104 119 101 255 0 133 48 26 0 0 0 41 31 24 25 11 6 15 2 2 40 45 3 0 0 2 3 2 1 1 1 1 1 0 1 2 1 1 1 1 0 0 1 1 1 1 1 20 4 2 2 1 2 4 6 8 18 13 5 2 2 2 3 3 1 1 1 1 1 1 1 1 1 1 1 2 2 4 4 4 5
284 0 63 106 101 61 89 91 90 71 62 76 94 134 102 104 77 40 0 0 0 67 55 0 0 48 73 101 55 63 25 15 6 3 2 14 0 0 0 0 1 1 1 1 1 1 1 0 0 2 2 1 2 2 2 2 1 1 1 1 1 1 1 1 2 3 17 7 8 8 8 4 9 14 7 5 2 3 5 2 1 1 1 1 1 1 1 1 1 1 2 1 1 1 1 1
0 0 0 32 77 84 84 96 100 91 75 87 93 126 333 77 88 0 0 0 0 0 0 0 0 0 51 50 55 59 51 69 22 9 6 0 0 0 0 1 1 1 1 1 1 1 0 0 0 2 2 2 2 20 3 3 1 1 1 1 1 1 4 5 9 8 14 11 30 40 15 10 28 44 61 33 16 14 10 4 3 3 1 1 1 1 1 1 1 1 1 1 0 1 1 1
123 156 0 0 90 85 80 81 107 104 87 66 75 74 73 80 0 0 0 0 0 0 0 0 0 0 0 0 47 29 36 70 58 115 59 0 0 0 0 29 7 1 0 1 1 1 7 8 2 3 1 1 1 2 4 4 26 9 9 11 8 13 16 9 137 58 11 7 16 62 25 25 13 10 20 153 16 13 5 4 3 3 1 1 1 1 1 0 0 0 0 0 0 0 0 0
197 113 0 0 0 0 59 58 131 129 74 176 82 77 59 59 0 0 0 0 0 0 0 0 0 0 0 0 0 0 84 46 54 25 25 57 0 0 0 0 0 0 1 0 1 2 15 66 15 12 1 3 1 1 3 5 11 79 22 50 13 20 116 25 23 0 19 8 11 13 13 14 5 8 10 4 9 11 4 4 4 4 4 3 1 0 0 0 0 0 0 0 0 0 1 2
0 200 148 104 0 0 0 190 94 77 69 48 65 68 60 52 0 0 0 0 115 31 41 94 0 0 0 0 0 92 42 40 210 73 41 31 60 0 0 0 0 1 1 1 1 9 11 24 110 20 4 1 8 1 3 6 35 357 32 89 46 25 6 8 7 5 8 15 13 16 15 21 5 21 14 4 4 7 3 3 3 4 4 3 0 0 0 0 0 0 0 0 1 2 2 33
0 0 0 142 137 0 0 155 74 39 90 123 0 0 56 0 0 280 109 72 86 61 48 59 77 90 65 70 70 36 34 58 262 56 85 77 43 251 0 0 0 2 1 1 2 7 9 6 3 3 17 12 32 46 35 48 109 146 123 234 245 42 8 3 8 7 5 11 17 21 5 6 2 1 1 1 1 1 0 0 0 3 5 4 4 11 7 7 1 0 0 0 1 2 23 52
0 0 0 0 119 0 0 0 46 37 52 0 0 0 60 97 84 65 46 53 117 97 44 44 34 28 28 22 31 38 42 39 60 44 44 65 76 0 0 0 0 14 11 2 2 4 7 5 5 7 7 34 65 50 156 97 34 32 16 16 11 7 3 43 57 29 14 14 14 15 4 2 0 0 0 0 0 0 0 0 1 2 2 0 2 6 37 25 35 1 3 6 2 2 78 5
0 0 0 0 0 0 0 0 0 48 42 289 0 0 0 165 105 61 51 49 46 62 51 57 63 54 60 57 57 58 43 36 55 69 70 72 97 0 0 0 0 0 2 7 12 7 11 5 7 11 7 9 10 58 39 64 150 51 12 8 2 1 3 8 44 46 12 10 14 6 3 0 0 0 0 0 0 0 0 1 1 1 1 1 1 1 2 2 49 28 54 18 2 29 104 6
0 197 187 0 0 0 0 0 0 65 38 0 0 0 0 84 71 55 46 50 44 36 60 98 87 88 60 54 60 57 40 34 43 68 72 70 89 0 0 0 0 0 39 74 26 20 16 9 9 24 15 7 9 17 34 69 87 76 16 12 6 5 3 2 21 10 5 25 12 5 2 0 0 0 0 0 0 0 0 1 1 1 1 1 2 2 1 3 6 43 82 50 27 55 63 29
0 0 0 0 0 0 0 0 0 0 0 0 0 0 0 0 0 49 53 0 50 77 0 0 166 136 75 35 40 40 40 44 61 63 56 50 48 80 125 134 85 81 43 16 13 20 20 20 16 12 7 9 14 29 44 27 52 41 18 14 18 15 14 11 5 9 6 15 9 5 3 1 0 0 0 0 0 0 0 1 1 1 1 1 1 1 3 8 10 159 119 175 93 71 64 45
0 0 0 0 0 0 0 0 0 0 0 0 0 0 0 0 0 0 0 0 0 0 0 0 165 117 40 23 24 35 40 59 74 65 48 46 70 53 141 336 175 36 6 6 8 20 20 20 20 16 6 8 15 22 36 19 38 47 33 41 148 68 37 14 12 11 10 12 5 3 1 0 0 0 0 0 0 0 0 0 0 0 1 1 1 1 1 3 8 14 63 199 134 151 149 159
0 0 0 0 0 0 0 0 0 0 0 0 0 0 0 0 0 0 0 0 0 0 0 0 90 26 23 23 18 9 10 28 35 57 68 68 80 45 146 189 19 17 17 13 19 20 20 20 21 24 20 16 12 11 14 20 83 214 79 319 385 249 194 67 25 12 12 9 1 0 0 0 0 0 0 0 0 0 1 1 0 0 0 0 1 1 1 2 4 5 10 37 113 206 125 259
0 0 0 0 0 0 0 0 0 0 0 0 0 0 0 0 0 0 0 0 0 0 0 291 134 111 28 12 8 8 8 35 505 40 28 46 52 48 36 34 34 34 34 22 20 20 20 20 19 15 13 8 10 14 15 20 27 37 138 261 268 412 148 120 26 12 11 1 0 0 0 0 0 0 0 0 0 0 1 1 1 1 1 1 3 3 2 2 2 3 5 9 54 103 95 141
45 165 65 0 0 0 0 0 0 13 6 0 0 0 0 0 0 0 0 0 0 0 0 299 76 33 7 7 8 7 7 8 108 41 28 29 49 47 43 35 34 18 13 11 17 20 20 20 18 5 5 5 9 13 12 16 23 57 133 172 250 408 512 349 84 17 6 3 0 0 0 0 0 0 0 0 0 0 1 1 2 2 2 2 4 4 4 5 4 6 6 12 44 145 160 140
5 2 2 1 0 0 0 0 44 18 6 2 1 1 0 0 0 0 0 0 0 0 276 184 149 44 3 3 4 5 7 17 33 34 47 42 49 49 44 37 30 15 10 11 11 13 16 20 19 5 3 7 10 14 16 19 19 23 99 201 401 608 911 499 286 98 13 2 0 0 0 0 0 0 0 0 0 0 0 3 3 4 4 4 5 4 8 5 6 10 12 120 415 380 461 338
2 2 2 1 2 3 3 0 1 1 1 1 1 1 1 1 1 313 483 1326 122 9 23 19 5 4 2 3 3 3 4 16 9 9 41 91 56 49 38 31 28 26 11 11 11 11 11 12 13 5 3 9 11 14 61 39 24 27 116 334 510 417 324 407 483 316 160 76 15 3 1 0 0 0 1 1 1 2 3 6 2 2 2 3 3 5 6 4 4 8 27 471 848 598 639 456
2 2 1 1 1 2 2 1 1 1 1 1 1 1 1 1 1 52 218 453 34 2 7 4 3 2 2 2 3 3 3 4 5 3 37 122 0 0 0 28 28 28 23 11 11 11 11 9 8 4 3 6 7 7 26 26 17 42 135 269 188 152 170 252 363 681 408 179 99 52 15 2 1 1 1 3 8 11 12 26 4 2 2 1 2 3 5 5 4 8 82 309 587 658 737 257
1 1 1 0 0 0 1 1 1 1 1 1 1 1 1 23 85 142 193 8 1 1 2 4 4 3 3 3 4 4 4 4 3 2 2 25 44 0 0 28 28 28 28 19 11 11 11 9 8 8 5 4 4 5 17 42 141 123 195 78 69 47 78 190 541 1414 641 552 196 144 82 106 67 28 5 4 4 8 6 5 4 3 9 8 3 1 4 8 7 21 73 94 331 346 252 171
1 1 2 3 0 0 0 1 1 1 1 1 1 1 1 21 41 54 128 118 1 1 0 0 4 6 4 4 5 5 5 5 5 3 2 2 2 0 0 0 27 25 21 16 13 12 10 8 8 8 8 6 6 6 10 141 184 100 31 22 32 69 136 256 287 506 578 505 492 422 351 381 237 281 94 79 107 33 28 40 11 23 137 197 10 6 10 21 28 39 94 165 199 248 267 196
1 1 2 1 0 0 0 0 0 0 0 0 0 0 0 0 0 0 0 258 177 1 0 0 4 8 8 7 5 5 4 4 6 9 7 3 2 2 0 0 0 0 0 0 0 13 11 8 8 9 16 17 14 10 12 92 215 82 16 20 84 124 175 284 196 235 315 412 738 593 663 828 798 805 540 414 500 441 293 360 357 158 168 19 2 2 12 53 74 104 101 149 199 267 342 171
0 0 0 0 0 0 0 0 0 0 0 0 0 0 0 0 0 0 0 0 134 1 1 0 0 5 9 8 6 6 4 5 8 9 9 6 2 2 43 44 0 0 0 0 0 0 13 9 8 10 17 19 13 12 33 476 298 88 60 60 96 129 166 151 120 103 215 210 291 498 842 688 767 1006 715 585 635 786 181 168 85 64 52 7 17 21 71 78 159 95 208 174 196 171 99 86
0 0 0 0 0 0 0 0 0 0 0 0 0 0 0 0 0 0 0 0 8 6 1 0 0 7 9 9 9 8 8 9 9 9 9 8 2 2 4 0 0 0 13 44 31 0 0 0 0 0 0 0 0 0 0 276 124 75 71 125 170 167 171 154 144 116 147 123 148 206 167 213 383 365 320 417 803 911 938 587 346 122 51 22 31 40 89 105 96 64 197 141 108 69 63 109
0 0 0 0 0 0 0 0 0 0 0 0 0 0 0 0 0 0 0 0 18 13 1 1 0 0 13 11 9 16 12 9 9 9 9 9 4 2 2 3 13 13 13 9 6 30 96 0 0 0 0 0 0 0 0 0 0 45 71 117 558 256 219 213 165 221 150 171 170 117 95 98 150 332 586 579 869 837 1819 597 59 19 28 50 21 32 33 62 50 58 106 129 108 79 127 156
0 0 0 0 0 0 0 0 0 0 0 0 0 0 0 0 0 0 0 18 23 5 1 1 0 0 0 23 18 23 23 13 9 9 9 9 3 2 2 2 3 5 6 4 5 7 6 0 0 0 0 0 0 0 0 0 0 125 203 145 413 425 195 220 173 117 123 139 90 136 154 121 171 161 321 774 1874 546 898 0 153 14 55 151 101 30 19 36 50 33 33 56 77 59 93 130
0 0 0 0 0 0 0 0 0 0 0 0 0 0 0 0 0 0 0 0 2 2 1 1 1 0 0 23 23 23 23 16 9 9 9 9 2 2 2 2 2 2 2 1 0 1 2 0 0 0 0 0 0 0 0 0 0 0 215 207 0 217 183 203 147 143 216 275 175 308 217 228 114 135 273 0 0 0 0 0 141 10 83 194 104 22 17 19 28 19 12 50 80 536 244 85
0 0 0 0 0 0 0 0 0 0 0 0 0 0 0 0 0 0 0 0 2 2 1 1 1 0 0 0 30 115 24 21 10 9 9 8 2 2 2 2 2 2 2 0 0 0 0 0 0 0 0 0 0 0 0 0 0 0 0 0 0 258 230 223 203 209 172 162 90 144 122 153 118 363 503 0 0 0 0 0 0 53 86 135 80 45 9 33 24 14 15 15 32 412 1045 0
0 0 0 0 0 0 0 0 0 0 0 0 2 2 1 1 2 2 2 2 3 2 1 1 3 0 0 0 0 79 22 22 12 8 7 5 2 2 2 2 2 1 0 0 0 0 0 0 0 0 0 0 0 0 0 0 0 0 0 0 0 341 215 205 182 210 123 113 36 63 146 99 241 0 0 0 0 0 0 0 0 0 33 85 62 21 17 75 59 16 19 11 22 332 0 0
0 0 0 0 0 0 0 0 0 0 0 0 2 2 1 2 3 3 3 3 3 3 2 2 10 19 0 0 0 29 22 19 4 3 3 2 2 1 1 0 0 0 0 0 0 0 0 0 0 0 0 0 0 0 0 0 0 0 0 0 0 423 186 159 216 209 266 262 37 60 104 304 0 0 0 0 0 0 0 0 0 0 44 142 76 9 71 94 52 16 40 45 16 237 0 0
0 0 0 0 0 0 0 0 0 0 0 0 2 2 1 2 3 3 3 3 7 8 7 6 5 10 17 0 0 0 61 28 4 3 3 2 0 0 0 0 1 4 3 0 0 0 0 0 0 0 0 0 0 0 0 0 0 0 0 0 0 193 242 208 179 226 520 264 179 113 279 0 0 0 0 0 0 0 0 0 0 0 94 202 143 50 18 60 56 45 141 102 81 17 83 0
0 0 0 2 1 0 0 0 0 0 0 0 2 1 1 2 2 2 2 27 39 13 10 19 23 8 23 0 0 0 0 71 27 5 3 1 2 4 2 0 1 0 0 0 0 0 0 0 0 0 0 0 0 0 0 0 0 0 0 0 0 164 416 194 138 192 142 181 476 613 0 0 0 0 0 0 0 0 0 0 0 0 113 236 0 0 27 71 107 63 144 153 93 34 34 149
0 0 2 2 2 2 2 4 2 3 3 1 2 1 1 2 2 2 2 6 184 28 10 26 18 11 87 47 0 0 0 113 116 9 4 3 8 8 4 1 0 0 0 0 0 0 0 0 0 0 0 0 0 0 0 0 0 0 0 0 0 0 233 195 198 181 144 134 0 0 0 0 0 0 0 0 0 0 0 0 0 0 0 0 0 0 11 61 118 81 146 145 152 69 16 21
0 3 4 2 2 3 4 4 4 4 13 10 3 2 1 2 2 3 6 11 63 76 14 16 13 22 65 67 17 0 0 100 109 27 12 6 11 0 0 0 0 0 0 0 0 0 0 0 0 0 0 0 0 0 0 0 0 0 0 0 0 0 133 235 173 154 163 166 0 0 0 0 0 0 0 0 0 0 0 0 0 0 0 0 0 0 20 73 231 86 107 102 76 42 9 19
11 0 0 7 3 4 4 4 5 5 26 17 17 17 8 9 9 15 23 24 48 59 10 10 13 24 60 36 22 13 0 132 120 39 0 0 0 0 0 0 0 0 0 0 0 0 0 0 0 0 0 0 0 0 0 0 0 0 0 0 0 0 0 172 198 396 213 290 0 0 0 0 0 0 0 0 0 0 0 0 0 0 0 0 0 0 44 116 1215 106 50 76 20 8 4 14
17 25 28 12 12 6 4 4 5 6 17 16 22 22 9 10 10 14 19 18 30 11 21 7 17 88 41 37 22 7 5 0 0 0 0 0 0 0 0 0 0 0 0 0 0 0 0 0 0 0 0 0 0 0 0 0 0 0 0 0 0 0 0 308 337 436 330 466 0 0 0 0 0 0 0 0 0 0 0 0 0 0 0 0 0 0 43 35 0 0 45 26 50 70 12 29
17 85 43 15 12 7 4 2 2 3 6 12 15 16 9 9 6 13 14 8 8 10 11 4 43 129 105 126 20 9 23 0 0 0 0 0 0 0 6 0 0 0 0 0 0 0 0 0 0 0 0 0 0 0 0 0 0 0 0 0 0 0 0 0 376 343 373 546 0 0 0 0 0 0 0 0 0 0 0 0 0 0 0 0 0 0 28 29 0 0 0 6 154 179 143 94
