data/pop/popdens/gpw_pop_density_qd_1990.asc
ncols 1440 
nrows 720
xllcorner -180
yllcorner -90
cellsize .25
NODATA_value -99
[rows 80 to 159 of 720, columns 960 to 1055 of 1440]
0 0 0 0 0 0 0 0 0 0 0 0 0 0 0 0 0 0 0 0 0 0 0 0 0 0 0 0 0 0 0 0 0 0 0 0 0 0 0 0 0 0 0 0 0 0 0 0 0 0 0 0 0 0 0 0 0 0 0 0 0 0 0 0 0 0 0 0 0 0 0 0 0 0 0 0 0 0 0 0 0 0 0 0 0 0 0 0 0 0 0 0 0 0 0 0
0 0 0 0 0 0 0 0 0 0 0 0 0 0 0 0 0 0 0 0 0 0 0 0 0 0 0 0 0 0 0 0 0 0 0 0 0 0 0 0 0 0 0 0 0 0 0 0 0 0 0 0 0 0 0 0 0 0 0 0 0 0 0 0 0 0 0 0 0 0 0 0 0 0 0 0 0 0 0 0 0 0 0 0 0 0 0 0 0 0 0 0 0 0 0 0
0 0 0 0 0 0 0 0 0 0 0 0 0 0 0 0 0 0 0 0 0 0 0 0 0 0 0 0 0 0 0 0 0 0 0 0 0 0 0 0 0 0 0 0 0 0 0 0 0 0 0 0 0 0 0 0 0 0 0 0 0 0 0 0 0 0 0 0 0 0 0 0 0 0 0 0 0 0 0 0 0 0 0 0 0 0 0 0 0 0 0 0 0 0 0 0
0 0 0 0 0 0 0 0 0 0 0 0 0 0 0 0 0 0 0 0 0 0 0 0 0 0 0 0 0 0 0 0 0 0 0 0 0 0 0 0 0 0 0 0 0 0 0 0 0 0 0 0 0 0 0 0 0 0 0 0 0 0 0 0 0 0 0 0 0 0 0 0 0 0 0 0 0 0 0 0 0 0 0 0 0 0 0 0 0 0 0 0 0 0 0 0
0 0 0 0 0 0 0 0 0 0 0 0 0 0 0 0 0 0 0 0 0 0 0 0 0 0 0 0 0 0 0 0 0 0 0 0 0 0 0 0 0 0 0 0 0 0 0 0 0 0 0 0 0 0 0 0 0 0 0 0 0 0 0 0 0 0 0 0 0 0 0 0 0 0 0 0 0 0 0 0 0 0 0 0 0 0 0 0 0 0 0 0 0 0 0 0
0 0 0 0 0 0 0 0 0 0 0 0 0 0 0 0 0 0 0 0 0 0 0 0 0 0 0 0 0 0 0 0 0 0 0 0 0 0 0 0 0 0 0 0 0 0 0 0 0 0 0 0 0 0 0 0 0 0 0 0 0 0 0 0 0 0 0 0 0 0 0 0 0 0 0 0 0 0 0 0 0 0 0 0 0 0 0 0 0 0 0 0 0 0 0 0
0 0 0 0 0 0 0 0 0 0 0 0 0 0 0 0 0 0 1 3 4 2 0 0 0 0 0 0 0 0 0 0 0 0 0 0 0 0 0 0 0 0 0 0 0 0 0 0 0 0 0 0 0 0 0 0 0 0 0 0 0 0 0 0 0 0 0 0 0 0 0 0 0 0 0 0 0 0 0 0 0 0 0 0 0 0 0 0 0 0 0 0 0 0 0 0
0 0 0 0 0 0 0 0 0 0 0 0 0 0 0 1 5 8 11 11 11 4 0 0 0 0 0 0 0 0 0 0 0 0 0 0 0 0 0 0 0 0 0 0 0 0 0 0 0 0 0 0 0 0 0 0 0 0 0 0 0 0 0 0 0 0 0 0 0 0 0 0 0 0 0 0 0 0 0 0 0 0 0 0 0 0 0 0 0 0 0 0 0 0 0 0
0 0 0 0 0 0 0 0 0 0 0 0 0 0 0 6 11 11 11 11 11 9 7 7 3 0 0 0 0 0 0 0 0 0 0 0 0 0 0 0 0 0 0 0 0 0 0 0 0 0 0 0 0 0 0 0 0 0 0 0 0 0 0 0 0 0 0 0 0 0 0 0 0 0 0 0 0 0 0 0 0 0 0 0 0 0 0 0 0 0 0 0 0 0 0 0
0 0 0 0 0 0 0 0 0 0 0 0 7 9 10 11 11 11 11 11 11 11 11 8 3 0 0 0 0 0 0 0 0 0 0 0 0 0 0 0 0 0 0 0 0 0 0 0 0 0 0 0 0 0 0 0 0 0 0 0 0 0 0 0 0 0 0 0 0 0 0 0 0 0 0 0 0 0 0 0 0 0 0 0 0 0 0 0 0 0 0 0 0 0 0 0
0 0 0 0 0 0 0 0 0 0 2 7 11 11 11 11 11 11 11 11 11 10 8 4 0 0 0 0 0 0 0 0 0 0 0 0 0 0 0 0 0 0 0 0 0 0 0 0 0 0 0 0 0 0 0 0 0 0 0 0 0 0 0 0 0 0 0 0 0 0 0 0 0 0 0 0 0 0 0 0 0 0 0 0 0 0 0 0 0 0 0 0 0 0 0 0
0 0 0 0 0 0 1 3 6 9 11 11 11 11 11 11 11 11 11 11 6 1 0 0 0 0 0 0 0 0 0 0 0 0 0 0 0 0 0 0 0 0 0 0 0 0 0 0 0 0 0 0 0 0 0 0 0 0 0 0 0 0 0 0 0 0 0 0 0 0 0 0 0 0 0 0 0 0 0 0 0 0 0 0 0 0 0 0 0 0 0 0 0 0 0 0
2 2 2 2 2 2 2 3 8 11 11 11 11 11 11 11 11 10 7 4 0 0 0 0 0 0 0 0 0 0 0 0 0 0 0 0 0 0 0 0 0 0 0 0 0 0 0 0 0 0 0 0 0 0 0 0 0 0 0 0 0 0 0 0 0 0 0 0 0 0 0 0 0 0 0 0 0 0 0 0 0 0 0 0 0 0 0 0 0 0 0 0 0 0 0 0
2 2 2 2 2 2 2 4 7 9 11 11 11 11 9 5 3 0 0 0 0 0 0 0 41 65 98 0 0 0 0 0 0 0 0 0 0 0 0 0 0 0 0 0 0 0 0 0 0 0 0 0 0 0 0 0 0 0 0 0 0 0 0 0 0 0 0 0 0 0 0 0 0 0 0 0 0 0 0 0 0 0 0 0 0 0 0 0 0 0 0 0 0 0 0 0
2 2 2 2 2 2 2 2 2 2 5 9 10 5 1 0 0 0 0 0 0 0 0 0 0 0 0 0 0 0 0 0 0 0 0 0 0 0 0 0 0 0 0 0 0 0 0 0 0 0 0 0 0 0 0 0 0 0 0 0 0 0 0 0 0 0 0 0 0 0 0 0 0 0 0 0 0 0 0 0 0 0 0 0 0 0 0 0 0 0 0 0 0 0 0 0
2 2 2 2 2 2 2 2 2 2 2 2 1 0 0 0 0 0 0 0 0 0 0 0 0 0 0 0 0 0 0 0 0 0 0 0 0 0 0 0 0 0 0 0 0 0 0 0 0 0 0 0 0 0 0 0 0 0 0 0 0 0 0 0 0 0 0 308 0 0 0 0 0 0 0 0 0 0 0 0 0 0 0 0 0 0 0 0 0 0 0 0 0 0 0 0
2 2 2 2 2 2 2 2 2 2 2 1 0 0 0 0 0 0 0 0 0 0 0 0 0 0 0 0 0 0 0 0 0 0 0 0 0 0 0 0 0 0 0 0 0 0 0 0 0 0 0 0 0 0 0 0 0 0 0 0 0 0 0 0 0 0 0 0 0 0 0 0 0 0 0 0 0 0 0 0 0 0 0 0 0 0 0 0 0 0 0 0 0 0 0 0
2 2 2 2 2 2 2 2 1 0 0 0 0 0 0 0 0 0 0 0 0 0 0 0 0 0 0 0 0 0 0 0 0 0 0 0 0 0 0 0 0 0 0 0 0 0 0 0 0 104 49 0 0 0 0 0 0 0 0 0 0 0 0 0 0 0 0 0 0 0 0 0 0 0 0 0 0 0 0 0 0 0 0 0 0 0 0 0 0 0 0 0 0 0 0 0
2 2 2 2 2 2 1 0 0 0 0 0 0 0 0 0 0 0 0 0 0 0 0 0 0 0 0 0 0 0 0 0 0 0 0 0 0 0 0 0 0 0 0 0 0 0 0 0 0 0 0 0 0 0 0 0 0 0 0 0 0 0 0 0 0 0 0 0 0 0 0 0 0 0 0 0 0 0 0 0 0 0 0 0 0 0 0 0 0 0 0 0 0 0 0 0
2 2 2 2 2 1 0 0 0 0 0 0 0 0 0 0 0 0 0 0 0 0 0 0 0 0 0 0 0 0 0 0 0 0 0 0 0 0 0 0 0 0 0 0 0 0 0 0 0 0 0 0 0 0 0 0 0 0 0 0 0 0 0 0 0 0 0 0 0 0 0 0 0 0 0 0 0 0 0 0 0 0 0 0 0 0 0 0 0 0 0 0 0 0 0 0
0 1 1 1 0 0 0 0 0 0 0 0 0 0 0 0 0 0 0 0 0 0 0 0 0 0 0 0 0 0 0 0 0 0 0 0 0 0 0 0 0 0 0 0 0 0 0 0 0 0 0 0 0 0 0 0 0 0 0 0 0 0 0 0 0 0 0 0 0 0 0 0 0 0 0 0 0 0 0 0 0 0 0 0 0 0 0 0 0 0 0 0 0 0 0 0
0 0 0 0 0 0 0 0 0 0 0 0 0 0 0 0 0 0 0 0 0 0 0 0 0 0 0 0 0 0 0 0 0 0 0 0 0 0 0 0 0 0 0 0 0 0 0 0 0 0 0 0 0 0 0 0 0 0 0 0 0 0 0 0 0 0 0 0 0 0 0 0 0 0 0 0 0 0 0 0 0 0 0 0 0 0 0 0 0 0 0 0 0 0 0 0
0 0 0 0 0 0 0 0 0 0 0 0 0 0 0 0 0 0 0 0 0 0 0 0 0 0 0 0 0 0 0 0 0 0 0 0 0 0 0 0 0 0 0 0 0 0 0 0 0 0 0 0 0 0 0 0 0 0 0 0 0 0 0 0 0 0 0 0 0 0 0 0 0 0 0 0 0 0 0 0 0 0 0 0 0 0 0 0 0 0 0 0 0 0 0 0
0 0 0 0 0 0 0 0 0 0 0 0 0 0 0 0 0 0 0 0 0 0 0 0 0 0 0 0 0 0 0 0 0 0 0 0 0 0 0 0 0 0 0 0 0 0 0 0 0 0 0 0 0 0 0 0 0 0 0 0 0 0 0 0 0 0 0 0 0 0 0 0 0 0 0 0 0 0 0 0 0 0 0 0 0 0 0 0 0 0 0 0 0 0 0 0
0 0 0 0 0 0 0 0 0 0 0 0 0 0 0 0 0 0 0 0 0 0 0 0 0 0 0 0 0 0 0 0 0 0 0 0 0 0 0 0 0 0 0 0 0 0 0 0 0 0 0 0 0 0 0 0 0 0 80 0 0 0 0 0 0 0 0 0 0 0 0 0 0 0 0 0 0 0 0 0 0 0 0 0 0 0 0 0 0 0 0 0 0 0 0 0
0 0 0 0 0 0 0 0 0 0 0 0 0 0 0 0 0 0 0 0 0 0 0 0 0 0 52 0 0 0 0 0 0 0 0 0 0 0 0 0 0 0 0 0 0 0 0 0 0 0 0 0 0 0 0 0 0 0 0 0 0 0 0 0 0 0 0 0 0 0 0 0 0 0 0 0 0 0 0 0 0 0 0 0 0 0 0 0 0 0 0 0 0 0 0 0
0 0 0 0 0 0 0 0 0 0 0 0 0 0 0 0 0 0 0 1 1 0 1 0 0 0 0 0 0 0 0 0 0 0 0 0 0 0 0 0 0 0 0 0 0 0 0 0 0 0 0 1 1 0 0 0 0 0 0 0 0 0 0 0 0 0 0 0 0 0 0 0 0 0 0 0 0 0 0 0 0 0 0 0 0 0 0 0 0 0 0 0 0 0 0 0
0 0 0 0 0 0 0 0 0 0 0 0 0 0 0 0 0 0 1 0 0 1 1 1 1 0 0 0 0 0 0 0 0 0 0 0 0 0 0 0 0 0 0 0 1 0 1 1 1 1 1 1 1 1 1 1 1 1 1 1 1 267 1 1 1 1 0 0 0 0 0 0 0 0 0 0 0 0 0 0 0 0 0 0 0 0 0 0 0 0 0 0 0 0 0 0
0 0 0 0 0 0 0 0 0 0 0 0 0 0 0 0 0 0 0 0 0 1 1 1 1 1 0 0 0 0 0 0 0 0 0 0 0 0 0 0 0 0 0 0 1 1 1 1 1 1 1 1 1 1 1 1 1 1 1 1 1 1 1 1 1 1 0 0 0 0 0 0 0 0 0 0 0 0 0 0 0 0 0 0 0 0 0 0 0 0 0 0 0 0 0 0
0 0 0 0 0 0 0 0 0 0 0 0 0 0 0 0 0 0 0 1 1 0 1 1 1 1 1 1 1 0 0 0 0 0 0 0 0 0 0 0 0 0 0 0 1 1 1 1 1 1 1 1 1 1 1 0 1 1 1 1 1 1 1 1 1 1 0 0 0 0 0 0 0 0 0 0 0 0 0 0 0 0 0 0 0 0 0 0 0 0 0 0 0 0 0 0
0 0 0 0 0 0 0 0 0 0 0 0 0 0 0 0 0 0 0 1 1 1 1 1 1 1 1 1 1 1 0 0 0 0 0 0 0 0 0 0 0 0 0 0 1 0 1 1 1 1 0 1 1 1 1 1 1 1 1 1 1 1 1 0 1 1 0 0 0 0 0 0 0 0 0 0 0 0 0 0 0 0 0 0 0 0 0 0 0 0 0 0 0 0 0 0
0 0 0 0 0 0 1 1 2 1 2 2 2 2 2 2 2 2 2 1 1 172 1 1 1 1 1 1 1 1 0 0 0 0 0 0 0 0 0 0 0 0 1 1 0 0 1 1 1 0 0 1 1 1 1 1 1 1 133 1 1 1 1 0 0 0 0 0 0 0 1 127 0 0 0 0 0 0 0 0 0 0 0 0 0 0 0 0 0 0 0 0 0 0 0 0
0 0 0 1 1 2 2 2 2 2 2 2 2 2 2 2 2 2 2 1 1 1 1 1 1 1 1 1 1 1 1 1 0 0 0 0 0 0 0 0 0 1 1 1 1 1 1 1 1 1 1 1 1 1 1 1 1 1 1 0 0 0 0 0 0 0 0 0 0 0 0 0 0 0 0 0 0 0 0 0 0 0 0 0 0 0 0 0 0 0 0 0 0 0 0 0
1 1 1 1 2 2 2 2 2 2 2 2 2 2 2 2 2 2 2 2 2 2 2 2 1 1 1 1 1 1 1 1 0 0 0 0 0 0 0 0 0 0 0 1 1 1 1 1 1 1 1 1 1 1 1 1 1 1 1 0 35 0 0 0 0 0 0 0 0 0 0 0 0 0 0 0 0 0 0 0 0 0 0 0 0 0 0 0 0 0 0 0 0 0 0 0
1 1 1 1 1 1 2 2 2 2 2 2 2 2 2 2 2 2 2 2 2 2 2 2 1 1 1 1 1 0 0 0 0 0 0 0 0 0 0 0 0 0 0 0 1 1 1 1 1 1 1 1 1 401 297 1 1 1 1 0 80 3 0 0 0 0 0 0 0 0 0 0 0 0 0 0 0 0 0 0 0 0 0 0 0 0 0 0 0 0 0 0 0 0 0 0
1 1 1 1 1 1 1 1 1 1 2 2 2 2 2 2 2 2 2 2 2 2 1 1 1 0 0 0 0 0 0 0 0 0 0 0 94 0 0 0 0 0 0 0 1 1 1 1 1 1 254 1 1 1 1 1 1 1 1 1 1 0 0 0 10 10 0 0 0 0 0 0 0 0 0 0 0 0 0 0 0 0 0 0 0 0 0 0 0 0 0 0 0 0 0 0
1 1 1 1 1 1 1 1 1 1 1 2 2 2 2 2 2 2 2 1 1 1 1 1 1 1 0 0 0 0 0 0 0 0 0 0 0 0 0 0 0 0 1 1 1 1 1 1 1 1 1 5 1 1 1 1 1 1 1 1 1 0 0 0 51 58 0 644 0 0 0 0 0 0 0 0 0 0 0 0 0 0 0 0 0 0 0 0 0 0 0 0 0 0 0 0
7 1 1 1 1 1 1 1 1 1 1 2 2 2 2 2 1 1 1 1 1 1 1 1 1 1 1 0 0 0 0 0 0 0 0 0 0 0 0 0 0 1 1 1 1 1 1 1 1 1 1 95 4 1 1 1 1 1 1 1 0 0 0 0 0 0 0 0 0 0 0 0 0 0 0 0 0 0 0 0 0 0 0 0 0 0 0 0 0 0 0 0 0 0 0 0
14 1 1 1 1 1 1 1 1 1 1 1 1 1 1 1 1 1 1 1 1 1 1 1 1 1 1 1 1 1 0 0 0 0 0 0 1 1 0 0 1 1 1 1 1 1 1 1 1 1 1 1 1 1 1 1 1 1 1 1 0 0 0 0 0 0 0 0 0 0 0 0 110 0 0 0 0 0 0 0 0 0 0 0 0 0 0 0 0 0 0 0 0 0 0 0
12 2 2 2 2 2 1 1 1 1 1 1 1 1 1 1 1 1 1 103 1 1 1 1 1 1 1 1 1 1 0 0 0 0 1 1 0 0 0 0 0 1 1 1 1 1 1 1 1 1 1 1 1 1 1 1 1 1 1 1 1 0 0 0 0 0 0 0 0 0 0 0 0 0 0 0 0 0 0 0 0 0 0 0 0 0 0 0 0 0 0 0 0 0 0 0
21 55 3 3 3 3 1 1 1 1 1 1 1 1 1 1 1 1 1 1 1 1 1 1 1 1 1 1 1 1 1 1 1 0 1 1 0 0 0 0 0 0 0 1 1 1 1 1 1 1 1 1 1 1 1 1 1 1 1 1 1 1 1 1 0 0 0 0 0 0 0 0 0 0 0 0 0 0 0 0 0 0 0 0 0 0 0 0 0 0 0 0 0 0 0 0
83 115 167 28 3 3 3 1 1 1 1 1 1 1 1 1 1 1 1 1 1 1 1 1 1 1 1 1 1 1 1 1 1 1 1 1 1 0 0 0 0 0 0 0 0 0 1 1 1 1 1 1 1 1 1 1 1 1 1 1 1 1 1 1 1 1 0 0 0 0 0 0 0 0 0 0 0 0 0 0 0 0 0 0 0 0 0 0 0 0 0 0 0 0 0 0
5 4 11 3 3 3 3 1 1 1 1 1 1 1 1 1 1 1 1 1 1 1 1 1 1 1 1 1 1 1 1 1 1 0 0 0 0 0 0 0 0 0 0 0 0 0 0 0 0 1 1 1 1 1 1 1 1 1 1 1 1 1 1 1 0 0 0 0 0 0 0 0 0 0 0 0 0 0 0 0 0 0 0 0 0 0 0 0 0 0 0 0 0 0 0 0
5 5 5 5 4 3 3 3 2 2 2 1 1 1 1 1 1 1 1 1 1 1 1 1 1 1 1 1 1 1 1 1 0 0 0 0 0 0 0 0 0 0 0 0 0 0 0 0 0 0 1 1 1 1 1 1 1 1 1 1 1 1 1 0 0 0 0 0 0 0 0 0 0 0 0 0 0 0 0 0 0 0 0 0 0 0 0 0 0 0 0 0 0 1 1 1
6 5 4 4 4 4 3 3 3 3 4 4 4 1 1 1 1 1 1 1 1 1 1 1 1 1 1 1 1 1 1 1 1 0 0 0 0 0 0 0 0 0 0 0 0 0 0 0 0 0 0 0 1 1 1 1 1 1 1 1 1 1 1 0 0 0 0 0 0 0 0 0 0 0 0 0 0 0 0 0 0 0 0 0 0 0 0 0 0 0 1 1 1 2 2 2
15 9 5 4 4 4 4 4 4 4 4 4 5 4 2 1 1 1 1 1 1 1 1 1 1 1 1 1 1 1 1 1 1 1 1 1 1 0 0 1 1 1 1 1 0 0 0 0 0 0 0 0 0 0 0 0 0 0 0 0 1 0 0 0 0 0 0 0 0 0 0 0 0 0 0 0 0 0 0 0 0 0 0 0 0 0 0 0 0 1 2 2 2 2 2 2
23 23 14 2 3 4 4 4 4 4 5 5 6 6 6 6 4 1 1 1 2 2 2 2 1 1 1 1 1 1 1 0 1 1 1 1 1 1 1 2 2 2 2 2 2 1 0 0 0 0 0 0 0 0 0 0 0 0 1 1 1 0 0 0 0 0 0 0 0 0 0 0 0 0 0 0 0 0 0 0 0 0 0 0 1 1 1 1 1 2 2 72 2 2 2 1
56 11 137 53 3 4 4 4 4 4 5 6 6 6 6 6 6 5 3 2 107 10 2 2 2 2 3 3 3 3 1 1 1 290 1 1 2 2 2 2 2 2 2 3 3 2 1 1 1 1 0 1 1 1 1 1 1 1 2 2 1 1 0 0 0 0 0 0 0 0 0 0 0 0 0 0 0 0 0 0 0 0 0 0 1 2 2 2 2 2 2 2 2 2 2 2
437 5 4 4 21 39 37 12 4 4 7 8 7 7 7 6 7 6 3 2 2 2 2 3 3 4 4 4 4 4 2 1 1 1 1 2 2 2 2 2 2 2 2 3 3 3 3 2 2 2 2 2 2 2 2 2 2 2 2 2 2 2 1 0 0 0 0 0 0 0 0 0 0 0 0 0 0 0 0 0 0 0 0 1 1 1 2 2 3 3 3 3 3 3 3 3
24 83 9 7 17 23 15 6 11 9 8 8 130 8 9 9 8 7 7 5 3 4 4 4 4 4 4 4 4 4 4 2 2 1 2 2 2 2 2 2 2 0 0 3 3 3 3 2 2 2 2 2 2 2 3 4 2 2 2 2 2 2 2 1 0 0 0 0 0 0 0 0 0 0 0 0 0 0 0 0 0 0 1 1 1 1 3 2 3 3 3 3 3 3 3 3
41 16 27 14 5 109 10 118 18 16 8 8 10 10 10 11 9 8 8 11 13 11 8 6 4 4 4 4 4 4 4 3 2 2 2 2 2 2 2 2 2 0 2 3 3 2 2 2 2 2 2 2 2 3 5 4 2 2 2 2 2 2 2 2 1 0 0 0 0 0 0 0 0 0 0 0 0 0 0 0 0 1 1 1 1 1 1 1 1 1 1 1 1 5 5 5
33 53 80 66 51 107 128 10 10 9 9 10 12 13 14 14 13 9 9 10 18 19 1311 19 0 0 6 4 4 4 4 4 3 3 3 3 4 4 3 2 2 3 4 4 4 2 1 1 1 1 1 1 1 3 5 4 4 2 2 2 3 3 3 3 2 2 2 2 2 2 1 1 1 1 1 1 0 0 0 0 1 1 1 1 1 1 1 1 1 1 1 1 2 5 5 5
225 553 1135 456 38 117 51 84 109 9 86 10 12 12 14 14 13 9 9 9 11 17 18 17 15 7 6 6 6 4 4 4 4 5 4 4 4 4 4 5 4 4 4 4 4 4 2 1 1 1 1 1 1 4 4 2 2 65 2 2 3 3 3 3 3 2 2 2 2 2 2 2 2 1 1 1 1 1 1 1 1 1 1 1 1 1 1 1 1 1 1 1 2 5 5 5
83 451 539 186 28 22 19 31 25 15 11 10 12 12 14 14 14 9 8 8 10 10 10 7 6 93 7 8 8 7 7 7 7 7 7 6 5 5 5 5 5 5 5 6 5 4 3 2 2 1 1 1 2 3 4 4 3 4 5 4 4 4 4 4 4 2 2 2 2 2 2 1 1 1 1 1 1 1 1 1 1 1 1 1 1 1 1 1 1 1 1 1 2 5 6 6
51 47 35 35 26 12 13 355 127 12 11 11 11 11 10 10 9 9 8 8 9 10 10 8 8 8 68 9 8 7 7 7 7 7 7 7 7 7 7 6 7 7 7 6 4 4 4 4 4 3 3 3 4 4 4 4 6 9 9 5 5 5 5 5 4 2 3 2 0 0 2 1 1 1 1 1 1 1 1 1 1 1 2 2 2 1 1 1 1 2 2 2 4 6 6 0
34 34 13 12 9 5 5 11 12 11 11 11 11 10 214 9 9 9 10 10 8 7 7 7 8 8 7 8 6 5 5 6 5 7 7 7 7 155 7 7 7 7 7 7 4 4 4 4 4 4 4 4 4 5 5 7 8 9 9 5 5 5 4 4 4 4 4 4 0 0 3 3 2 1 1 1 1 2 2 1 2 2 2 2 2 2 2 3 3 3 3 3 3 6 6 0
31 32 20 73 9 9 10 11 11 12 11 11 11 10 9 9 11 11 11 11 9 7 7 7 8 8 6 6 5 5 4 4 4 5 0 0 7 7 7 7 6 6 6 4 4 4 4 4 32 4 4 4 6 7 7 8 9 9 8 7 6 4 4 4 4 0 4 4 4 4 3 3 2 2 1 1 2 3 3 2 2 2 2 2 2 2 3 3 3 3 3 3 3 5 7 10
29 48 42 19 15 19 11 11 12 12 11 12 15 12 8 8 11 12 12 13 14 10 9 8 9 7 6 5 5 5 5 4 4 5 0 0 8 8 8 7 5 5 5 4 4 36 4 4 4 5 6 5 7 7 7 9 10 10 8 8 7 4 4 4 4 0 5 5 5 5 3 3 3 3 3 3 3 2 2 2 2 2 3 4 4 4 4 4 4 3 3 3 4 7 11 13
88 52 16 16 19 231 136 12 12 11 11 11 14 14 9 8 10 12 13 15 77 786 14 9 8 7 7 7 8 8 7 6 6 7 0 0 8 8 8 6 5 5 4 4 4 4 4 4 11 14 15 14 14 20 21 18 11 11 9 8 7 4 4 37 22 7 7 7 7 7 6 4 4 207 4 3 2 2 2 2 5 5 5 4 4 4 7 9 10 5 3 18 22 16 16 16
114 41 13 23 26 1762 812 34 11 10 10 10 12 14 11 8 9 11 12 14 14 14 13 9 8 7 7 8 8 8 10 11 11 10 9 8 8 8 8 8 7 8 9 8 6 7 8 13 14 14 15 15 435 840 80 18 14 10 66 9 9 6 4 13 12 5 6 7 7 6 0 4 4 0 0 4 2 2 2 4 5 5 4 4 4 4 10 10 10 10 29 1606 562 30 13 11
61 130 10 12 51 189 24 11 10 9 9 9 8 8 8 8 10 10 10 10 11 12 10 7 7 7 7 8 8 8 9 9 9 9 9 10 485 73 9 9 9 9 9 9 8 67 10 14 14 15 15 15 136 1187 123 21 15 13 8 7 7 6 5 4 4 4 5 5 7 7 0 0 4 0 0 5 4 3 4 5 5 5 4 4 4 4 8 10 10 16 91 154 1251 23 17 14
11 12 12 11 13 0 0 12 10 8 8 8 8 7 7 7 8 10 10 10 11 10 6 6 7 7 7 7 7 7 7 9 9 10 10 10 9 9 8 8 9 9 8 8 7 8 8 12 13 12 12 12 21 18 16 18 20 11 8 7 7 7 6 5 5 5 5 5 7 8 8 0 0 0 0 5 5 5 6 6 6 5 5 4 4 4 6 9 9 17 28 31 69 175 18 17
12 15 21 19 11 103 0 13 9 8 8 8 7 7 7 7 7 9 8 8 9 6 6 6 6 6 6 6 6 6 7 10 10 10 10 10 8 8 8 8 9 7 7 7 8 9 9 9 8 11 11 10 13 17 14 13 16 13 9 8 8 8 8 5 5 5 5 6 8 8 8 8 0 0 0 7 7 6 6 6 6 7 7 7 8 9 9 9 9 8 10 17 18 17 17 13
13 10 10 8 7 20 168 7 8 7 8 7 7 7 7 7 7 7 7 7 6 6 6 6 6 6 6 6 8 9 9 10 9 9 9 8 8 8 8 9 10 10 9 7 6 7 7 5 6 7 8 7 9 11 10 11 12 13 12 10 8 8 6 5 5 5 7 8 8 7 6 6 6 11 9 8 8 8 8 7 7 7 6 6 6 7 8 8 7 7 7 15 17 17 16 15
11 9 8 8 8 8 24 8 8 7 7 7 7 7 8 7 7 7 7 6 6 6 6 6 6 5 5 5 7 9 9 9 9 9 8 8 7 8 11 11 7 6 6 6 6 5 5 5 5 5 5 4 5 6 7 8 8 9 12 10 7 6 5 5 5 5 5 7 7 6 8 8 11 11 10 8 8 8 7 7 6 6 6 6 6 103 5 6 7 7 7 10 13 13 13 14
8 8 8 9 8 8 8 8 7 7 7 7 7 10 11 9 7 7 7 6 6 6 6 6 6 5 5 7 9 9 9 9 9 9 9 9 9 8 10 10 7 6 6 6 5 5 5 5 5 4 4 4 4 7 7 6 7 8 6 4 4 5 5 5 6 5 6 6 7 10 11 11 9 9 10 7 7 6 6 6 6 6 6 5 5 5 5 7 8 7 8 11 14 13 17 14
8 6 7 8 9 8 8 0 0 7 7 9 11 11 93 8 6 6 6 6 6 6 6 6 6 5 6 8 8 9 9 9 9 9 9 10 14 245 29 10 7 6 6 6 5 5 5 5 4 4 4 4 4 5 4 4 4 5 4 4 4 4 5 6 6 6 6 6 6 6 7 9 6 6 6 8 9 7 8 6 5 6 6 6 6 7 7 7 8 9 11 17 19 46 733 523
5 5 83 5 9 9 9 0 0 7 8 15 198 17 410 10 6 6 6 6 5 6 6 6 6 7 7 7 7 7 8 8 8 8 7 9 11 43 9 7 7 50 6 5 5 5 4 2 2 2 3 4 4 3 3 4 4 4 4 4 4 4 4 5 6 6 6 6 6 6 6 6 6 7 9 138 10 11 11 8 7 10 10 8 9 9 8 9 10 10 11 17 14 9 106 138
5 5 5 5 5 5 5 5 7 7 7 7 110 11 11 10 7 6 6 5 5 5 5 5 6 7 7 7 7 7 7 7 7 7 7 9 9 9 8 7 90 13 5 5 5 3 2 2 2 2 2 2 2 2 3 3 4 4 3 3 3 3 3 3 3 5 6 7 6 6 6 6 6 8 9 8 9 9 15 15 15 13 13 12 10 10 12 13 11 9 9 9 9 9 8 11
6 6 6 5 5 5 5 5 6 39 53 7 7 7 7 6 6 6 6 5 5 5 5 5 7 7 6 6 5 6 5 6 7 6 6 6 7 7 6 7 7 8 5 5 5 3 3 2 2 2 2 3 4 3 3 3 3 3 3 3 3 3 3 3 3 3 5 7 7 7 6 6 6 6 9 12 13 0 11 9 8 8 9 8 8 8 12 12 8 6 6 71 9 9 8 8
6 6 6 6 4 4 5 5 5 6 7 7 7 6 6 6 6 6 6 5 5 4 4 4 6 6 5 5 5 5 5 5 6 6 6 6 6 6 9 10 10 10 9 8 6 5 4 4 4 4 3 4 4 4 4 4 3 1 1 1 2 2 3 4 4 4 4 213 314 7 7 6 6 6 6 9 8 0 6 7 8 8 7 7 7 7 8 9 9 8 7 6 6 7 7 8
6 6 5 4 69 39 4 3 3 4 7 7 7 6 6 6 6 6 6 4 4 4 4 4 6 6 6 6 5 5 5 5 5 4 5 5 5 8 10 10 9 7 6 7 6 6 6 6 5 4 4 4 4 4 4 4 1 1 1 1 1 1 3 4 4 4 4 189 170 7 7 6 5 6 6 6 6 6 7 7 6 6 6 6 6 6 8 11 9 9 9 9 8 8 8 8
4 4 4 4 4 4 3 3 3 3 3 5 6 6 6 6 4 3 3 2 4 4 4 6 6 6 5 5 5 5 5 5 35 53 3 4 4 7 9 8 6 7 7 6 6 6 7 6 5 4 4 4 4 4 4 3 1 1 1 1 11 58 4 2 2 2 4 4 4 4 4 4 4 5 4 4 4 7 7 7 7 6 6 7 7 8 12 12 11 10 9 8 8 7 6 8
5 5 4 4 4 4 3 3 3 3 3 3 2 2 2 2 2 2 2 2 3 4 5 6 6 5 5 5 4 4 4 4 3 3 3 4 6 6 6 6 7 8 8 8 8 8 8 7 4 4 4 4 4 4 4 3 2 1 1 1 73 118 34 1 1 3 4 3 1 2 3 3 3 3 3 3 3 5 7 6 4 3 5 7 364 8 8 9 6 6 7 7 7 4 2 3
4 4 5 5 4 4 3 2 3 3 3 3 2 2 2 2 2 2 2 2 3 3 5 5 5 4 4 4 4 4 4 4 3 3 3 3 5 6 6 6 6 6 7 6 7 48 7 6 5 4 4 4 4 4 4 2 1 1 1 1 1 2 2 2 2 2 1 1 1 1 1 3 3 3 3 3 3 3 3 3 3 4 7 8 8 9 7 5 5 6 6 7 7 3 2 2
2 2 3 4 4 4 2 1 2 3 3 3 2 2 2 2 2 2 2 2 2 2 4 4 4 4 4 3 3 3 4 4 4 3 3 3 3 4 3 4 5 5 6 6 6 433 116 6 6 6 5 4 4 4 5 5 2 1 2 2 2 2 2 2 2 2 1 1 1 1 1 1 2 3 3 3 3 3 3 3 3 4 9 10 12 14 14 11 32 5 6 5 5 2 2 2
2 3 4 4 4 4 1 1 1 2 2 2 1 1 1 1 1 2 2 2 2 2 3 4 4 4 3 2 2 2 2 4 4 3 3 3 3 3 3 2 2 2 4 6 6 6 6 6 6 6 6 6 5 5 5 5 2 2 2 2 2 2 2 2 2 1 1 1 1 1 1 1 1 2 3 3 3 3 3 3 3 7 10 10 10 11 14 12 9 9 10 12 7 7 6 4
1 2 2 2 2 1 1 1 1 1 1 1 1 1 1 1 1 1 1 1 1 1 1 2 3 2 2 2 2 2 2 2 3 2 2 2 3 2 2 2 2 2 2 6 5 2 1 5 6 6 6 6 5 5 5 4 3 3 3 2 2 2 2 2 2 2 2 1 1 1 1 1 1 1 2 3 3 5 3 3 3 3 6 8 8 8 11 17 17 17 15 11 7 7 7 7
1 1 1 1 1 1 1 1 1 1 1 1 1 1 1 1 1 1 1 1 1 1 1 2 2 2 2 48 2 2 2 2 2 2 2 2 2 2 2 2 2 2 2 2 1 1 2 5 6 6 6 6 6 5 5 4 4 4 4 4 2 2 2 2 2 2 2 1 1 1 1 1 1 1 1 3 3 3 3 3 353 355 3 4 5 7 10 17 12 12 8 7 7 60 113 7
1 1 1 1 1 1 1 1 1 1 1 1 1 1 1 1 1 1 1 1 1 1 1 2 2 2 2 82 2 2 1 1 2 2 2 2 2 2 2 2 1 2 1 1 1 1 1 4 6 7 9 218 252 6 4 4 4 4 4 4 2 2 1 1 1 1 1 1 1 1 1 1 1 1 2 3 3 3 3 3 3 3 3 3 4 8 9 10 9 11 176 33 7 9 9 8
